<?xml version="1.0"?>
<?iotk version="1.2.0"?>
<?iotk file_version="1.0"?>
<?iotk binary="F"?>
<?iotk qe_syntax="F"?>
<Root>
  <GEOMETRY_INFO>
    <NUMBER_OF_TYPES type="integer" size="1">
         1
    </NUMBER_OF_TYPES>
    <NUMBER_OF_ATOMS type="integer" size="1">
         1
    </NUMBER_OF_ATOMS>
    <BRAVAIS_LATTICE_INDEX type="integer" size="1">
         2
    </BRAVAIS_LATTICE_INDEX>
    <SPIN_COMPONENTS type="integer" size="1">
         1
    </SPIN_COMPONENTS>
    <CELL_DIMENSIONS type="real" size="6">
 7.420000000000000E+000
 0.000000000000000E+000
 0.000000000000000E+000
 0.000000000000000E+000
 0.000000000000000E+000
 0.000000000000000E+000
    </CELL_DIMENSIONS>
    <AT type="real" size="9" columns="3">
-5.000000000000000E-001  0.000000000000000E+000  5.000000000000000E-001 
 0.000000000000000E+000  5.000000000000000E-001  5.000000000000000E-001 
-5.000000000000000E-001  5.000000000000000E-001  0.000000000000000E+000
    </AT>
    <BG type="real" size="9" columns="3">
-1.000000000000000E+000 -1.000000000000000E+000  1.000000000000000E+000 
 1.000000000000000E+000  1.000000000000000E+000  1.000000000000000E+000 
-1.000000000000000E+000  1.000000000000000E+000 -1.000000000000000E+000
    </BG>
    <UNIT_CELL_VOLUME_AU type="real" size="1">
 1.021296220000000E+002
    </UNIT_CELL_VOLUME_AU>
    <TYPE_NAME.1 type="character" size="1" len="3">
Pt 
    </TYPE_NAME.1>
    <MASS.1 type="real" size="1">
 1.950780000000000E+002
    </MASS.1>
    <ATOM.1 SPECIES="Pt " INDEX="1" TAU="0.000000000000000E+000 0.000000000000000E+000 0.000000000000000E+000"/>
    <NUMBER_OF_Q type="integer" size="1">
         6
    </NUMBER_OF_Q>
  </GEOMETRY_INFO>
  <INTERATOMIC_FORCE_CONSTANTS>
    <MESH_NQ1_NQ2_NQ3 type="integer" size="3" columns="3">
         4          4          4
    </MESH_NQ1_NQ2_NQ3>
    <s_s1_m1_m2_m3.1.1.1.1.1>
      <IFC type="real" size="9" columns="3">
 2.145571124523032E-001  3.469446951953614E-018 -6.179952383167375E-018 
 3.469446951953614E-018  2.145571124523032E-001  1.192622389734055E-018 
-6.179952383167375E-018  1.192622389734055E-018  2.145571124523032E-001
      </IFC>
    </s_s1_m1_m2_m3.1.1.1.1.1>
    <s_s1_m1_m2_m3.1.1.2.1.1>
      <IFC type="real" size="9" columns="3">
-3.110795310690426E-002  1.301042606982605E-018  3.700511971787639E-002 
 1.301042606982605E-018  1.033833363380277E-002 -2.818925648462312E-018 
 3.700511971787639E-002 -2.818925648462312E-018 -3.110795310690426E-002
      </IFC>
    </s_s1_m1_m2_m3.1.1.2.1.1>
    <s_s1_m1_m2_m3.1.1.3.1.1>
      <IFC type="real" size="9" columns="3">
 7.248311724047233E-003 -2.493664996716660E-018 -6.865897575538680E-003 
-2.493664996716660E-018  2.819514624114412E-003  4.336808689942018E-018 
-6.865897575538680E-003  4.336808689942018E-018  7.248311724047236E-003
      </IFC>
    </s_s1_m1_m2_m3.1.1.3.1.1>
    <s_s1_m1_m2_m3.1.1.4.1.1>
      <IFC type="real" size="9" columns="3">
-3.110795310690426E-002  1.301042606982605E-018  3.700511971787639E-002 
 1.301042606982605E-018  1.033833363380277E-002 -2.818925648462312E-018 
 3.700511971787639E-002 -2.818925648462312E-018 -3.110795310690426E-002
      </IFC>
    </s_s1_m1_m2_m3.1.1.4.1.1>
    <s_s1_m1_m2_m3.1.1.1.2.1>
      <IFC type="real" size="9" columns="3">
 1.033833363380277E-002  6.505213034913027E-018  3.035766082959412E-018 
 6.505213034913027E-018 -3.110795310690426E-002 -3.700511971787639E-002 
 3.035766082959412E-018 -3.700511971787639E-002 -3.110795310690427E-002
      </IFC>
    </s_s1_m1_m2_m3.1.1.1.2.1>
    <s_s1_m1_m2_m3.1.1.2.2.1>
      <IFC type="real" size="9" columns="3">
-3.194443881786128E-006  9.081543146062217E-004  1.992118299557416E-003 
 9.081543146062217E-004 -3.194443881789598E-006 -1.992118299557416E-003 
 1.992118299557416E-003 -1.992118299557416E-003 -2.408472346466068E-003
      </IFC>
    </s_s1_m1_m2_m3.1.1.2.2.1>
    <s_s1_m1_m2_m3.1.1.3.2.1>
      <IFC type="real" size="9" columns="3">
-2.408472346466066E-003 -1.992118299557409E-003  1.992118299557416E-003 
-1.992118299557409E-003 -3.194443881785695E-006  9.081543146062323E-004 
 1.992118299557416E-003  9.081543146062323E-004 -3.194443881783960E-006
      </IFC>
    </s_s1_m1_m2_m3.1.1.3.2.1>
    <s_s1_m1_m2_m3.1.1.4.2.1>
      <IFC type="real" size="9" columns="3">
-3.110795310690427E-002 -3.700511971787639E-002  3.686287386450715E-018 
-3.700511971787639E-002 -3.110795310690427E-002 -2.059984127722458E-018 
 3.686287386450715E-018 -2.059984127722458E-018  1.033833363380276E-002
      </IFC>
    </s_s1_m1_m2_m3.1.1.4.2.1>
    <s_s1_m1_m2_m3.1.1.1.3.1>
      <IFC type="real" size="9" columns="3">
 2.819514624114422E-003 -1.409462824231156E-018 -6.938893903907228E-018 
-1.409462824231156E-018  7.248311724047246E-003  6.865897575538678E-003 
-6.938893903907228E-018  6.865897575538678E-003  7.248311724047243E-003
      </IFC>
    </s_s1_m1_m2_m3.1.1.1.3.1>
    <s_s1_m1_m2_m3.1.1.2.3.1>
      <IFC type="real" size="9" columns="3">
-3.194443881775286E-006 -1.992118299557413E-003 -9.081543146062321E-004 
-1.992118299557413E-003 -2.408472346466061E-003 -1.992118299557419E-003 
-9.081543146062321E-004 -1.992118299557419E-003 -3.194443881781792E-006
      </IFC>
    </s_s1_m1_m2_m3.1.1.2.3.1>
    <s_s1_m1_m2_m3.1.1.3.3.1>
      <IFC type="real" size="9" columns="3">
 7.248311724047232E-003  6.865897575538675E-003 -1.192622389734055E-018 
 6.865897575538675E-003  7.248311724047227E-003  2.710505431213761E-018 
-1.192622389734055E-018  2.710505431213761E-018  2.819514624114407E-003
      </IFC>
    </s_s1_m1_m2_m3.1.1.3.3.1>
    <s_s1_m1_m2_m3.1.1.4.3.1>
      <IFC type="real" size="9" columns="3">
-3.194443881775286E-006 -1.992118299557413E-003 -9.081543146062321E-004 
-1.992118299557413E-003 -2.408472346466061E-003 -1.992118299557419E-003 
-9.081543146062321E-004 -1.992118299557419E-003 -3.194443881781792E-006
      </IFC>
    </s_s1_m1_m2_m3.1.1.4.3.1>
    <s_s1_m1_m2_m3.1.1.1.4.1>
      <IFC type="real" size="9" columns="3">
 1.033833363380277E-002  6.505213034913027E-018  3.035766082959412E-018 
 6.505213034913027E-018 -3.110795310690426E-002 -3.700511971787639E-002 
 3.035766082959412E-018 -3.700511971787639E-002 -3.110795310690427E-002
      </IFC>
    </s_s1_m1_m2_m3.1.1.1.4.1>
    <s_s1_m1_m2_m3.1.1.2.4.1>
      <IFC type="real" size="9" columns="3">
-3.110795310690427E-002 -3.700511971787639E-002  3.686287386450715E-018 
-3.700511971787639E-002 -3.110795310690427E-002 -2.059984127722458E-018 
 3.686287386450715E-018 -2.059984127722458E-018  1.033833363380276E-002
      </IFC>
    </s_s1_m1_m2_m3.1.1.2.4.1>
    <s_s1_m1_m2_m3.1.1.3.4.1>
      <IFC type="real" size="9" columns="3">
-2.408472346466066E-003 -1.992118299557409E-003  1.992118299557416E-003 
-1.992118299557409E-003 -3.194443881785695E-006  9.081543146062323E-004 
 1.992118299557416E-003  9.081543146062323E-004 -3.194443881783960E-006
      </IFC>
    </s_s1_m1_m2_m3.1.1.3.4.1>
    <s_s1_m1_m2_m3.1.1.4.4.1>
      <IFC type="real" size="9" columns="3">
-3.194443881786128E-006  9.081543146062217E-004  1.992118299557416E-003 
 9.081543146062217E-004 -3.194443881789598E-006 -1.992118299557416E-003 
 1.992118299557416E-003 -1.992118299557416E-003 -2.408472346466068E-003
      </IFC>
    </s_s1_m1_m2_m3.1.1.4.4.1>
    <s_s1_m1_m2_m3.1.1.1.1.2>
      <IFC type="real" size="9" columns="3">
-3.110795310690426E-002  3.700511971787639E-002  3.252606517456513E-018 
 3.700511971787639E-002 -3.110795310690426E-002 -4.011548038196366E-018 
 3.252606517456513E-018 -4.011548038196366E-018  1.033833363380277E-002
      </IFC>
    </s_s1_m1_m2_m3.1.1.1.1.2>
    <s_s1_m1_m2_m3.1.1.2.1.2>
      <IFC type="real" size="9" columns="3">
-2.408472346466064E-003  1.992118299557412E-003  1.992118299557417E-003 
 1.992118299557412E-003 -3.194443881786996E-006 -9.081543146062243E-004 
 1.992118299557417E-003 -9.081543146062243E-004 -3.194443881792200E-006
      </IFC>
    </s_s1_m1_m2_m3.1.1.2.1.2>
    <s_s1_m1_m2_m3.1.1.3.1.2>
      <IFC type="real" size="9" columns="3">
-3.194443881786562E-006 -9.081543146062312E-004  1.992118299557416E-003 
-9.081543146062312E-004 -3.194443881781358E-006  1.992118299557411E-003 
 1.992118299557416E-003  1.992118299557411E-003 -2.408472346466069E-003
      </IFC>
    </s_s1_m1_m2_m3.1.1.3.1.2>
    <s_s1_m1_m2_m3.1.1.4.1.2>
      <IFC type="real" size="9" columns="3">
 1.033833363380276E-002  4.336808689942018E-019  4.336808689942018E-018 
 4.336808689942018E-019 -3.110795310690427E-002  3.700511971787639E-002 
 4.336808689942018E-018  3.700511971787639E-002 -3.110795310690426E-002
      </IFC>
    </s_s1_m1_m2_m3.1.1.4.1.2>
    <s_s1_m1_m2_m3.1.1.1.2.2>
      <IFC type="real" size="9" columns="3">
-3.194443881797404E-006  1.992118299557412E-003  9.081543146062243E-004 
 1.992118299557412E-003 -2.408472346466064E-003 -1.992118299557416E-003 
 9.081543146062243E-004 -1.992118299557416E-003 -3.194443881793935E-006
      </IFC>
    </s_s1_m1_m2_m3.1.1.1.2.2>
    <s_s1_m1_m2_m3.1.1.2.2.2>
      <IFC type="real" size="9" columns="3">
-5.819704082683786E-003 -9.757819552369540E-019  1.192622389734055E-018 
-9.757819552369540E-019 -5.819704082683783E-003  9.757819552369540E-019 
 1.192622389734055E-018  9.757819552369540E-019 -5.819704082683769E-003
      </IFC>
    </s_s1_m1_m2_m3.1.1.2.2.2>
    <s_s1_m1_m2_m3.1.1.3.2.2>
      <IFC type="real" size="9" columns="3">
-3.194443881783960E-006 -1.992118299557411E-003  9.081543146062252E-004 
-1.992118299557411E-003 -2.408472346466071E-003  1.992118299557412E-003 
 9.081543146062252E-004  1.992118299557412E-003 -3.194443881773552E-006
      </IFC>
    </s_s1_m1_m2_m3.1.1.3.2.2>
    <s_s1_m1_m2_m3.1.1.4.2.2>
      <IFC type="real" size="9" columns="3">
 2.451857238572117E-003 -7.589415207398532E-019  5.421010862427522E-019 
-7.589415207398532E-019 -7.403205159458791E-003 -1.409462824231156E-018 
 5.421010862427522E-019 -1.409462824231156E-018  2.451857238572120E-003
      </IFC>
    </s_s1_m1_m2_m3.1.1.4.2.2>
    <s_s1_m1_m2_m3.1.1.1.3.2>
      <IFC type="real" size="9" columns="3">
-3.194443881783526E-006 -9.081543146062312E-004 -1.992118299557410E-003 
-9.081543146062312E-004 -3.194443881790465E-006 -1.992118299557416E-003 
-1.992118299557410E-003 -1.992118299557416E-003 -2.408472346466069E-003
      </IFC>
    </s_s1_m1_m2_m3.1.1.1.3.2>
    <s_s1_m1_m2_m3.1.1.2.3.2>
      <IFC type="real" size="9" columns="3">
-2.408472346466064E-003 -1.992118299557412E-003 -1.992118299557412E-003 
-1.992118299557412E-003 -3.194443881771817E-006 -9.081543146062312E-004 
-1.992118299557412E-003 -9.081543146062312E-004 -3.194443881771383E-006
      </IFC>
    </s_s1_m1_m2_m3.1.1.2.3.2>
    <s_s1_m1_m2_m3.1.1.3.3.2>
      <IFC type="real" size="9" columns="3">
-5.918981009141728E-004 -2.971921560852688E-004  2.385244779468110E-018 
-2.971921560852688E-004 -5.918981009141746E-004 -3.361026734705064E-018 
 2.385244779468110E-018 -3.361026734705064E-018 -4.506732459653678E-004
      </IFC>
    </s_s1_m1_m2_m3.1.1.3.3.2>
    <s_s1_m1_m2_m3.1.1.4.3.2>
      <IFC type="real" size="9" columns="3">
-4.506732459653570E-004 -2.168404344971009E-018 -4.336808689942018E-019 
-2.168404344971009E-018 -5.918981009141754E-004 -2.971921560852644E-004 
-4.336808689942018E-019 -2.971921560852644E-004 -5.918981009141750E-004
      </IFC>
    </s_s1_m1_m2_m3.1.1.4.3.2>
    <s_s1_m1_m2_m3.1.1.1.4.2>
      <IFC type="real" size="9" columns="3">
-3.110795310690427E-002  1.517883041479706E-018 -3.700511971787639E-002 
 1.517883041479706E-018  1.033833363380276E-002 -2.602085213965211E-018 
-3.700511971787639E-002 -2.602085213965211E-018 -3.110795310690427E-002
      </IFC>
    </s_s1_m1_m2_m3.1.1.1.4.2>
    <s_s1_m1_m2_m3.1.1.2.4.2>
      <IFC type="real" size="9" columns="3">
-7.403205159458788E-003  7.589415207398532E-019  2.927345865710862E-018 
 7.589415207398532E-019  2.451857238572120E-003  2.493664996716660E-018 
 2.927345865710862E-018  2.493664996716660E-018  2.451857238572120E-003
      </IFC>
    </s_s1_m1_m2_m3.1.1.2.4.2>
    <s_s1_m1_m2_m3.1.1.3.4.2>
      <IFC type="real" size="9" columns="3">
-5.918981009141685E-004  1.084202172485504E-018  2.971921560852601E-004 
 1.084202172485504E-018 -4.506732459653557E-004  2.168404344971009E-019 
 2.971921560852601E-004  2.168404344971009E-019 -5.918981009141789E-004
      </IFC>
    </s_s1_m1_m2_m3.1.1.3.4.2>
    <s_s1_m1_m2_m3.1.1.4.4.2>
      <IFC type="real" size="9" columns="3">
 2.451857238572118E-003 -7.589415207398531E-019  2.276824562219559E-018 
-7.589415207398531E-019  2.451857238572114E-003  1.409462824231156E-018 
 2.276824562219559E-018  1.409462824231156E-018 -7.403205159458799E-003
      </IFC>
    </s_s1_m1_m2_m3.1.1.4.4.2>
    <s_s1_m1_m2_m3.1.1.1.1.3>
      <IFC type="real" size="9" columns="3">
 7.248311724047246E-003 -6.865897575538678E-003 -7.264154555652880E-018 
-6.865897575538678E-003  7.248311724047232E-003  8.131516293641283E-018 
-7.264154555652880E-018  8.131516293641283E-018  2.819514624114394E-003
      </IFC>
    </s_s1_m1_m2_m3.1.1.1.1.3>
    <s_s1_m1_m2_m3.1.1.2.1.3>
      <IFC type="real" size="9" columns="3">
-3.194443881783526E-006  1.992118299557415E-003 -9.081543146062347E-004 
 1.992118299557415E-003 -2.408472346466061E-003  1.992118299557410E-003 
-9.081543146062347E-004  1.992118299557410E-003 -3.194443881774853E-006
      </IFC>
    </s_s1_m1_m2_m3.1.1.2.1.3>
    <s_s1_m1_m2_m3.1.1.3.1.3>
      <IFC type="real" size="9" columns="3">
 2.819514624114425E-003  7.589415207398531E-019  0.000000000000000E+000 
 7.589415207398531E-019  7.248311724047235E-003 -6.865897575538677E-003 
 0.000000000000000E+000 -6.865897575538677E-003  7.248311724047236E-003
      </IFC>
    </s_s1_m1_m2_m3.1.1.3.1.3>
    <s_s1_m1_m2_m3.1.1.4.1.3>
      <IFC type="real" size="9" columns="3">
-3.194443881783526E-006  1.992118299557415E-003 -9.081543146062347E-004 
 1.992118299557415E-003 -2.408472346466061E-003  1.992118299557410E-003 
-9.081543146062347E-004  1.992118299557410E-003 -3.194443881774853E-006
      </IFC>
    </s_s1_m1_m2_m3.1.1.4.1.3>
    <s_s1_m1_m2_m3.1.1.1.2.3>
      <IFC type="real" size="9" columns="3">
-2.408472346466064E-003  1.992118299557418E-003 -1.992118299557411E-003 
 1.992118299557418E-003 -3.194443881795669E-006  9.081543146062347E-004 
-1.992118299557411E-003  9.081543146062347E-004 -3.194443881778322E-006
      </IFC>
    </s_s1_m1_m2_m3.1.1.1.2.3>
    <s_s1_m1_m2_m3.1.1.2.2.3>
      <IFC type="real" size="9" columns="3">
-3.194443881779190E-006  9.081543146062286E-004 -1.992118299557411E-003 
 9.081543146062286E-004 -3.194443881775720E-006  1.992118299557412E-003 
-1.992118299557411E-003  1.992118299557412E-003 -2.408472346466068E-003
      </IFC>
    </s_s1_m1_m2_m3.1.1.2.2.3>
    <s_s1_m1_m2_m3.1.1.3.2.3>
      <IFC type="real" size="9" columns="3">
-4.506732459653644E-004  3.903127820947816E-018  2.168404344971009E-018 
 3.903127820947816E-018 -5.918981009141702E-004  2.971921560852690E-004 
 2.168404344971009E-018  2.971921560852690E-004 -5.918981009141754E-004
      </IFC>
    </s_s1_m1_m2_m3.1.1.3.2.3>
    <s_s1_m1_m2_m3.1.1.4.2.3>
      <IFC type="real" size="9" columns="3">
-5.918981009141698E-004  2.971921560852610E-004  1.517883041479706E-018 
 2.971921560852610E-004 -5.918981009141733E-004 -3.252606517456513E-019 
 1.517883041479706E-018 -3.252606517456513E-019 -4.506732459653605E-004
      </IFC>
    </s_s1_m1_m2_m3.1.1.4.2.3>
    <s_s1_m1_m2_m3.1.1.1.3.3>
      <IFC type="real" size="9" columns="3">
 7.248311724047232E-003  1.409462824231156E-018  6.865897575538673E-003 
 1.409462824231156E-018  2.819514624114422E-003  3.903127820947816E-018 
 6.865897575538673E-003  3.903127820947816E-018  7.248311724047229E-003
      </IFC>
    </s_s1_m1_m2_m3.1.1.1.3.3>
    <s_s1_m1_m2_m3.1.1.2.3.3>
      <IFC type="real" size="9" columns="3">
-5.918981009141720E-004  2.168404344971009E-018 -2.971921560852723E-004 
 2.168404344971009E-018 -4.506732459653605E-004 -2.818925648462312E-018 
-2.971921560852723E-004 -2.818925648462312E-018 -5.918981009141715E-004
      </IFC>
    </s_s1_m1_m2_m3.1.1.2.3.3>
    <s_s1_m1_m2_m3.1.1.3.3.3>
      <IFC type="real" size="9" columns="3">
 4.030938437840892E-004 -3.469446951953614E-018 -1.084202172485504E-019 
-3.469446951953614E-018  4.030938437840979E-004  1.843143693225358E-018 
-1.084202172485504E-019  1.843143693225358E-018  4.030938437841144E-004
      </IFC>
    </s_s1_m1_m2_m3.1.1.3.3.3>
    <s_s1_m1_m2_m3.1.1.4.3.3>
      <IFC type="real" size="9" columns="3">
-5.918981009141720E-004  2.168404344971009E-018 -2.971921560852723E-004 
 2.168404344971009E-018 -4.506732459653605E-004 -2.818925648462312E-018 
-2.971921560852723E-004 -2.818925648462312E-018 -5.918981009141715E-004
      </IFC>
    </s_s1_m1_m2_m3.1.1.4.3.3>
    <s_s1_m1_m2_m3.1.1.1.4.3>
      <IFC type="real" size="9" columns="3">
-2.408472346466064E-003  1.992118299557418E-003 -1.992118299557411E-003 
 1.992118299557418E-003 -3.194443881795669E-006  9.081543146062347E-004 
-1.992118299557411E-003  9.081543146062347E-004 -3.194443881778322E-006
      </IFC>
    </s_s1_m1_m2_m3.1.1.1.4.3>
    <s_s1_m1_m2_m3.1.1.2.4.3>
      <IFC type="real" size="9" columns="3">
-5.918981009141698E-004  2.971921560852610E-004  1.517883041479706E-018 
 2.971921560852610E-004 -5.918981009141733E-004 -3.252606517456513E-019 
 1.517883041479706E-018 -3.252606517456513E-019 -4.506732459653605E-004
      </IFC>
    </s_s1_m1_m2_m3.1.1.2.4.3>
    <s_s1_m1_m2_m3.1.1.3.4.3>
      <IFC type="real" size="9" columns="3">
-4.506732459653644E-004  3.903127820947816E-018  2.168404344971009E-018 
 3.903127820947816E-018 -5.918981009141702E-004  2.971921560852690E-004 
 2.168404344971009E-018  2.971921560852690E-004 -5.918981009141754E-004
      </IFC>
    </s_s1_m1_m2_m3.1.1.3.4.3>
    <s_s1_m1_m2_m3.1.1.4.4.3>
      <IFC type="real" size="9" columns="3">
-3.194443881779190E-006  9.081543146062286E-004 -1.992118299557411E-003 
 9.081543146062286E-004 -3.194443881775720E-006  1.992118299557412E-003 
-1.992118299557411E-003  1.992118299557412E-003 -2.408472346466068E-003
      </IFC>
    </s_s1_m1_m2_m3.1.1.4.4.3>
    <s_s1_m1_m2_m3.1.1.1.1.4>
      <IFC type="real" size="9" columns="3">
-3.110795310690426E-002  3.700511971787639E-002  3.252606517456513E-018 
 3.700511971787639E-002 -3.110795310690426E-002 -4.011548038196366E-018 
 3.252606517456513E-018 -4.011548038196366E-018  1.033833363380277E-002
      </IFC>
    </s_s1_m1_m2_m3.1.1.1.1.4>
    <s_s1_m1_m2_m3.1.1.2.1.4>
      <IFC type="real" size="9" columns="3">
 1.033833363380276E-002  4.336808689942018E-019  4.336808689942018E-018 
 4.336808689942018E-019 -3.110795310690427E-002  3.700511971787639E-002 
 4.336808689942018E-018  3.700511971787639E-002 -3.110795310690426E-002
      </IFC>
    </s_s1_m1_m2_m3.1.1.2.1.4>
    <s_s1_m1_m2_m3.1.1.3.1.4>
      <IFC type="real" size="9" columns="3">
-3.194443881786562E-006 -9.081543146062312E-004  1.992118299557416E-003 
-9.081543146062312E-004 -3.194443881781358E-006  1.992118299557411E-003 
 1.992118299557416E-003  1.992118299557411E-003 -2.408472346466069E-003
      </IFC>
    </s_s1_m1_m2_m3.1.1.3.1.4>
    <s_s1_m1_m2_m3.1.1.4.1.4>
      <IFC type="real" size="9" columns="3">
-2.408472346466064E-003  1.992118299557412E-003  1.992118299557417E-003 
 1.992118299557412E-003 -3.194443881786996E-006 -9.081543146062243E-004 
 1.992118299557417E-003 -9.081543146062243E-004 -3.194443881792200E-006
      </IFC>
    </s_s1_m1_m2_m3.1.1.4.1.4>
    <s_s1_m1_m2_m3.1.1.1.2.4>
      <IFC type="real" size="9" columns="3">
-3.110795310690427E-002  1.517883041479706E-018 -3.700511971787639E-002 
 1.517883041479706E-018  1.033833363380276E-002 -2.602085213965211E-018 
-3.700511971787639E-002 -2.602085213965211E-018 -3.110795310690427E-002
      </IFC>
    </s_s1_m1_m2_m3.1.1.1.2.4>
    <s_s1_m1_m2_m3.1.1.2.2.4>
      <IFC type="real" size="9" columns="3">
 2.451857238572118E-003 -7.589415207398531E-019  2.276824562219559E-018 
-7.589415207398531E-019  2.451857238572114E-003  1.409462824231156E-018 
 2.276824562219559E-018  1.409462824231156E-018 -7.403205159458799E-003
      </IFC>
    </s_s1_m1_m2_m3.1.1.2.2.4>
    <s_s1_m1_m2_m3.1.1.3.2.4>
      <IFC type="real" size="9" columns="3">
-5.918981009141685E-004  1.084202172485504E-018  2.971921560852601E-004 
 1.084202172485504E-018 -4.506732459653557E-004  2.168404344971009E-019 
 2.971921560852601E-004  2.168404344971009E-019 -5.918981009141789E-004
      </IFC>
    </s_s1_m1_m2_m3.1.1.3.2.4>
    <s_s1_m1_m2_m3.1.1.4.2.4>
      <IFC type="real" size="9" columns="3">
-7.403205159458788E-003  7.589415207398532E-019  2.927345865710862E-018 
 7.589415207398532E-019  2.451857238572120E-003  2.493664996716660E-018 
 2.927345865710862E-018  2.493664996716660E-018  2.451857238572120E-003
      </IFC>
    </s_s1_m1_m2_m3.1.1.4.2.4>
    <s_s1_m1_m2_m3.1.1.1.3.4>
      <IFC type="real" size="9" columns="3">
-3.194443881783526E-006 -9.081543146062312E-004 -1.992118299557410E-003 
-9.081543146062312E-004 -3.194443881790465E-006 -1.992118299557416E-003 
-1.992118299557410E-003 -1.992118299557416E-003 -2.408472346466069E-003
      </IFC>
    </s_s1_m1_m2_m3.1.1.1.3.4>
    <s_s1_m1_m2_m3.1.1.2.3.4>
      <IFC type="real" size="9" columns="3">
-4.506732459653570E-004 -2.168404344971009E-018 -4.336808689942018E-019 
-2.168404344971009E-018 -5.918981009141754E-004 -2.971921560852644E-004 
-4.336808689942018E-019 -2.971921560852644E-004 -5.918981009141750E-004
      </IFC>
    </s_s1_m1_m2_m3.1.1.2.3.4>
    <s_s1_m1_m2_m3.1.1.3.3.4>
      <IFC type="real" size="9" columns="3">
-5.918981009141728E-004 -2.971921560852688E-004  2.385244779468110E-018 
-2.971921560852688E-004 -5.918981009141746E-004 -3.361026734705064E-018 
 2.385244779468110E-018 -3.361026734705064E-018 -4.506732459653678E-004
      </IFC>
    </s_s1_m1_m2_m3.1.1.3.3.4>
    <s_s1_m1_m2_m3.1.1.4.3.4>
      <IFC type="real" size="9" columns="3">
-2.408472346466064E-003 -1.992118299557412E-003 -1.992118299557412E-003 
-1.992118299557412E-003 -3.194443881771817E-006 -9.081543146062312E-004 
-1.992118299557412E-003 -9.081543146062312E-004 -3.194443881771383E-006
      </IFC>
    </s_s1_m1_m2_m3.1.1.4.3.4>
    <s_s1_m1_m2_m3.1.1.1.4.4>
      <IFC type="real" size="9" columns="3">
-3.194443881797404E-006  1.992118299557412E-003  9.081543146062243E-004 
 1.992118299557412E-003 -2.408472346466064E-003 -1.992118299557416E-003 
 9.081543146062243E-004 -1.992118299557416E-003 -3.194443881793935E-006
      </IFC>
    </s_s1_m1_m2_m3.1.1.1.4.4>
    <s_s1_m1_m2_m3.1.1.2.4.4>
      <IFC type="real" size="9" columns="3">
 2.451857238572117E-003 -7.589415207398532E-019  5.421010862427522E-019 
-7.589415207398532E-019 -7.403205159458791E-003 -1.409462824231156E-018 
 5.421010862427522E-019 -1.409462824231156E-018  2.451857238572120E-003
      </IFC>
    </s_s1_m1_m2_m3.1.1.2.4.4>
    <s_s1_m1_m2_m3.1.1.3.4.4>
      <IFC type="real" size="9" columns="3">
-3.194443881783960E-006 -1.992118299557411E-003  9.081543146062252E-004 
-1.992118299557411E-003 -2.408472346466071E-003  1.992118299557412E-003 
 9.081543146062252E-004  1.992118299557412E-003 -3.194443881773552E-006
      </IFC>
    </s_s1_m1_m2_m3.1.1.3.4.4>
    <s_s1_m1_m2_m3.1.1.4.4.4>
      <IFC type="real" size="9" columns="3">
-5.819704082683786E-003 -9.757819552369540E-019  1.192622389734055E-018 
-9.757819552369540E-019 -5.819704082683783E-003  9.757819552369540E-019 
 1.192622389734055E-018  9.757819552369540E-019 -5.819704082683769E-003
      </IFC>
    </s_s1_m1_m2_m3.1.1.4.4.4>
  </INTERATOMIC_FORCE_CONSTANTS>
</Root>

