<?xml version="1.0"?>
<?iotk version="1.2.0"?>
<?iotk file_version="1.0"?>
<?iotk binary="F"?>
<?iotk qe_syntax="F"?>
<Root>
  <GEOMETRY_INFO>
    <NUMBER_OF_TYPES type="integer" size="1">
         1
    </NUMBER_OF_TYPES>
    <NUMBER_OF_ATOMS type="integer" size="1">
         2
    </NUMBER_OF_ATOMS>
    <BRAVAIS_LATTICE_INDEX type="integer" size="1">
         0
    </BRAVAIS_LATTICE_INDEX>
    <SPIN_COMPONENTS type="integer" size="1">
         1
    </SPIN_COMPONENTS>
    <CELL_DIMENSIONS type="real" size="6">
 1.010000000000000E+001
 0.000000000000000E+000
 0.000000000000000E+000
 0.000000000000000E+000
 0.000000000000000E+000
 0.000000000000000E+000
    </CELL_DIMENSIONS>
    <AT type="real" size="9" columns="3">
-5.000000000000000E-001  0.000000000000000E+000  5.000000000000000E-001 
 0.000000000000000E+000  5.000000000000000E-001  5.000000000000000E-001 
-5.000000000000000E-001  5.000000000000000E-001  0.000000000000000E+000
    </AT>
    <BG type="real" size="9" columns="3">
-1.000000000000000E+000 -1.000000000000000E+000  1.000000000000000E+000 
 1.000000000000000E+000  1.000000000000000E+000  1.000000000000000E+000 
-1.000000000000000E+000  1.000000000000000E+000 -1.000000000000000E+000
    </BG>
    <UNIT_CELL_VOLUME_AU type="real" size="1">
 2.575752500000000E+002
    </UNIT_CELL_VOLUME_AU>
    <TYPE_NAME.1 type="character" size="1" len="3">
Si 
    </TYPE_NAME.1>
    <MASS.1 type="real" size="1">
 2.808600000000000E+001
    </MASS.1>
    <ATOM.1 SPECIES="Si " INDEX="1" TAU="0.000000000000000E+000 0.000000000000000E+000 0.000000000000000E+000"/>
    <ATOM.2 SPECIES="Si " INDEX="1" TAU="2.500000000000000E-001 2.500000000000000E-001 2.500000000000000E-001"/>
    <NUMBER_OF_Q type="integer" size="1">
         6
    </NUMBER_OF_Q>
  </GEOMETRY_INFO>
  <DIELECTRIC_PROPERTIES>
    <EPSILON type="real" size="9" columns="3">
 2.205061300882525E+001 -1.776356839400250E-015  1.776356839400250E-015 
 3.552713678800501E-015  2.205061300882525E+001  7.105427357601002E-015 
 1.776356839400250E-015  1.776356839400250E-015  2.205061300882525E+001
    </EPSILON>
    <ZSTAR>
      <Z_AT_.1 type="real" size="9" columns="3">
-2.886579864025407E-015 -1.554312234475219E-015  2.220446049250317E-016 
-1.110223024625157E-015 -1.998401444325282E-015  2.220446049250313E-016 
-6.661338147750939E-016  6.661338147750940E-016 -1.998401444325282E-015
      </Z_AT_.1>
      <Z_AT_.2 type="real" size="9" columns="3">
 3.108624468950438E-015  1.554312234475219E-015 -2.220446049250313E-016 
 1.110223024625157E-015  1.998401444325282E-015 -2.220446049250313E-016 
 6.661338147750939E-016 -6.661338147750940E-016  1.998401444325282E-015
      </Z_AT_.2>
    </ZSTAR>
  </DIELECTRIC_PROPERTIES>
  <INTERATOMIC_FORCE_CONSTANTS>
    <MESH_NQ1_NQ2_NQ3 type="integer" size="3" columns="3">
         4          4          4
    </MESH_NQ1_NQ2_NQ3>
    <s_s1_m1_m2_m3.1.1.1.1.1>
      <IFC type="real" size="9" columns="3">
 2.939821701690148E-001  2.168404344971009E-018 -1.707618421664669E-018 
 2.168404344971009E-018  2.939821701690148E-001  5.149960319306146E-019 
-1.707618421664669E-018  5.149960319306146E-019  2.939821701690147E-001
      </IFC>
    </s_s1_m1_m2_m3.1.1.1.1.1>
    <s_s1_m1_m2_m3.1.1.2.1.1>
      <IFC type="real" size="9" columns="3">
-3.848672898523268E-003 -1.890372802635330E-003  4.617217141461698E-003 
 1.890372802635331E-003  1.073503857799341E-002 -1.890372802635332E-003 
 4.617217141461698E-003  1.890372802635330E-003 -3.848672898523262E-003
      </IFC>
    </s_s1_m1_m2_m3.1.1.2.1.1>
    <s_s1_m1_m2_m3.1.1.3.1.1>
      <IFC type="real" size="9" columns="3">
-4.332695199301545E-005 -3.550762114890027E-018  5.114342981036223E-004 
-3.550762114890027E-018  4.109181890706875E-003  2.927345865710862E-018 
 5.114342981036223E-004  2.927345865710862E-018 -4.332695199302759E-005
      </IFC>
    </s_s1_m1_m2_m3.1.1.3.1.1>
    <s_s1_m1_m2_m3.1.1.4.1.1>
      <IFC type="real" size="9" columns="3">
-3.848672898523268E-003  1.890372802635331E-003  4.617217141461698E-003 
-1.890372802635330E-003  1.073503857799341E-002  1.890372802635330E-003 
 4.617217141461698E-003 -1.890372802635332E-003 -3.848672898523262E-003
      </IFC>
    </s_s1_m1_m2_m3.1.1.4.1.1>
    <s_s1_m1_m2_m3.1.1.1.2.1>
      <IFC type="real" size="9" columns="3">
 1.073503857799341E-002  1.890372802635331E-003  1.890372802635329E-003 
-1.890372802635330E-003 -3.848672898523267E-003 -4.617217141461700E-003 
-1.890372802635333E-003 -4.617217141461700E-003 -3.848672898523260E-003
      </IFC>
    </s_s1_m1_m2_m3.1.1.1.2.1>
    <s_s1_m1_m2_m3.1.1.2.2.1>
      <IFC type="real" size="9" columns="3">
-4.323884593934865E-004 -4.651633389768739E-004  3.464019627419752E-004 
-4.651633389768739E-004 -4.323884593934839E-004 -3.464019627419754E-004 
 4.881601843563287E-004 -4.881601843563288E-004 -3.246845570348614E-004
      </IFC>
    </s_s1_m1_m2_m3.1.1.2.2.1>
    <s_s1_m1_m2_m3.1.1.3.2.1>
      <IFC type="real" size="9" columns="3">
-3.246845570348666E-004 -4.881601843563321E-004  4.881601843563295E-004 
-3.464019627419785E-004 -4.323884593934856E-004 -4.651633389768766E-004 
 3.464019627419760E-004 -4.651633389768767E-004 -4.323884593934752E-004
      </IFC>
    </s_s1_m1_m2_m3.1.1.3.2.1>
    <s_s1_m1_m2_m3.1.1.4.2.1>
      <IFC type="real" size="9" columns="3">
-3.848672898523266E-003 -4.617217141461703E-003 -1.890372802635330E-003 
-4.617217141461703E-003 -3.848672898523267E-003 -1.890372802635333E-003 
 1.890372802635331E-003  1.890372802635329E-003  1.073503857799342E-002
      </IFC>
    </s_s1_m1_m2_m3.1.1.4.2.1>
    <s_s1_m1_m2_m3.1.1.1.3.1>
      <IFC type="real" size="9" columns="3">
 4.109181890706901E-003 -4.147073309757054E-018 -1.029992063861229E-018 
-4.147073309757054E-018 -4.332695199301545E-005 -5.114342981036215E-004 
-1.029992063861229E-018 -5.114342981036215E-004 -4.332695199302239E-005
      </IFC>
    </s_s1_m1_m2_m3.1.1.1.3.1>
    <s_s1_m1_m2_m3.1.1.2.3.1>
      <IFC type="real" size="9" columns="3">
-4.323884593934848E-004 -3.464019627419770E-004  4.651633389768772E-004 
-4.881601843563306E-004 -3.246845570348631E-004 -4.881601843563314E-004 
 4.651633389768775E-004 -3.464019627419777E-004 -4.323884593934856E-004
      </IFC>
    </s_s1_m1_m2_m3.1.1.2.3.1>
    <s_s1_m1_m2_m3.1.1.3.3.1>
      <IFC type="real" size="9" columns="3">
-4.332695199301198E-005 -5.114342981036178E-004 -2.439454888092385E-019 
-5.114342981036178E-004 -4.332695199301372E-005  3.279711571768651E-018 
-2.439454888092385E-019  3.279711571768651E-018  4.109181890706868E-003
      </IFC>
    </s_s1_m1_m2_m3.1.1.3.3.1>
    <s_s1_m1_m2_m3.1.1.4.3.1>
      <IFC type="real" size="9" columns="3">
-4.323884593934848E-004 -4.881601843563306E-004  4.651633389768775E-004 
-3.464019627419770E-004 -3.246845570348631E-004 -3.464019627419777E-004 
 4.651633389768772E-004 -4.881601843563314E-004 -4.323884593934856E-004
      </IFC>
    </s_s1_m1_m2_m3.1.1.4.3.1>
    <s_s1_m1_m2_m3.1.1.1.4.1>
      <IFC type="real" size="9" columns="3">
 1.073503857799341E-002 -1.890372802635330E-003 -1.890372802635333E-003 
 1.890372802635331E-003 -3.848672898523267E-003 -4.617217141461700E-003 
 1.890372802635329E-003 -4.617217141461700E-003 -3.848672898523260E-003
      </IFC>
    </s_s1_m1_m2_m3.1.1.1.4.1>
    <s_s1_m1_m2_m3.1.1.2.4.1>
      <IFC type="real" size="9" columns="3">
-3.848672898523266E-003 -4.617217141461703E-003  1.890372802635331E-003 
-4.617217141461703E-003 -3.848672898523267E-003  1.890372802635329E-003 
-1.890372802635330E-003 -1.890372802635333E-003  1.073503857799342E-002
      </IFC>
    </s_s1_m1_m2_m3.1.1.2.4.1>
    <s_s1_m1_m2_m3.1.1.3.4.1>
      <IFC type="real" size="9" columns="3">
-3.246845570348666E-004 -3.464019627419785E-004  3.464019627419760E-004 
-4.881601843563321E-004 -4.323884593934856E-004 -4.651633389768767E-004 
 4.881601843563295E-004 -4.651633389768766E-004 -4.323884593934752E-004
      </IFC>
    </s_s1_m1_m2_m3.1.1.3.4.1>
    <s_s1_m1_m2_m3.1.1.4.4.1>
      <IFC type="real" size="9" columns="3">
-4.323884593934865E-004 -4.651633389768739E-004  4.881601843563287E-004 
-4.651633389768739E-004 -4.323884593934839E-004 -4.881601843563288E-004 
 3.464019627419752E-004 -3.464019627419754E-004 -3.246845570348614E-004
      </IFC>
    </s_s1_m1_m2_m3.1.1.4.4.1>
    <s_s1_m1_m2_m3.1.1.1.1.2>
      <IFC type="real" size="9" columns="3">
-3.848672898523267E-003  4.617217141461701E-003 -1.890372802635333E-003 
 4.617217141461701E-003 -3.848672898523267E-003  1.890372802635330E-003 
 1.890372802635329E-003 -1.890372802635332E-003  1.073503857799343E-002
      </IFC>
    </s_s1_m1_m2_m3.1.1.1.1.2>
    <s_s1_m1_m2_m3.1.1.2.1.2>
      <IFC type="real" size="9" columns="3">
-3.246845570348674E-004  4.881601843563284E-004  4.881601843563291E-004 
 3.464019627419749E-004 -4.323884593934856E-004  4.651633389768759E-004 
 3.464019627419754E-004  4.651633389768759E-004 -4.323884593934908E-004
      </IFC>
    </s_s1_m1_m2_m3.1.1.2.1.2>
    <s_s1_m1_m2_m3.1.1.3.1.2>
      <IFC type="real" size="9" columns="3">
-4.323884593934856E-004  4.651633389768778E-004  3.464019627419746E-004 
 4.651633389768778E-004 -4.323884593934822E-004  3.464019627419777E-004 
 4.881601843563281E-004  4.881601843563312E-004 -3.246845570348648E-004
      </IFC>
    </s_s1_m1_m2_m3.1.1.3.1.2>
    <s_s1_m1_m2_m3.1.1.4.1.2>
      <IFC type="real" size="9" columns="3">
 1.073503857799342E-002 -1.890372802635329E-003  1.890372802635330E-003 
 1.890372802635332E-003 -3.848672898523269E-003  4.617217141461703E-003 
-1.890372802635332E-003  4.617217141461703E-003 -3.848672898523278E-003
      </IFC>
    </s_s1_m1_m2_m3.1.1.4.1.2>
    <s_s1_m1_m2_m3.1.1.1.2.2>
      <IFC type="real" size="9" columns="3">
-4.323884593934839E-004  3.464019627419763E-004 -4.651633389768754E-004 
 4.881601843563300E-004 -3.246845570348648E-004 -4.881601843563302E-004 
-4.651633389768754E-004 -3.464019627419765E-004 -4.323884593934839E-004
      </IFC>
    </s_s1_m1_m2_m3.1.1.1.2.2>
    <s_s1_m1_m2_m3.1.1.2.2.2>
      <IFC type="real" size="9" columns="3">
-2.068310843741320E-005  1.517883041479706E-018 -1.951563910473908E-018 
 1.517883041479706E-018 -2.068310843741580E-005  2.439454888092385E-018 
-2.005774019098183E-018  2.439454888092385E-018 -2.068310843741754E-005
      </IFC>
    </s_s1_m1_m2_m3.1.1.2.2.2>
    <s_s1_m1_m2_m3.1.1.3.2.2>
      <IFC type="real" size="9" columns="3">
-4.323884593934839E-004 -3.464019627419759E-004 -4.651633389768736E-004 
-4.881601843563295E-004 -3.246845570348631E-004  4.881601843563288E-004 
-4.651633389768736E-004  3.464019627419753E-004 -4.323884593934804E-004
      </IFC>
    </s_s1_m1_m2_m3.1.1.3.2.2>
    <s_s1_m1_m2_m3.1.1.4.2.2>
      <IFC type="real" size="9" columns="3">
-4.123692183959542E-004  4.553649124439119E-018 -4.662069341687669E-018 
 4.553649124439119E-018 -4.107312520107119E-004  6.505213034913027E-019 
-4.553649124439119E-018  6.505213034913027E-019 -4.123692183959447E-004
      </IFC>
    </s_s1_m1_m2_m3.1.1.4.2.2>
    <s_s1_m1_m2_m3.1.1.1.3.2>
      <IFC type="real" size="9" columns="3">
-4.323884593934874E-004  4.651633389768782E-004 -3.464019627419774E-004 
 4.651633389768782E-004 -4.323884593934804E-004 -3.464019627419755E-004 
-4.881601843563311E-004 -4.881601843563291E-004 -3.246845570348614E-004
      </IFC>
    </s_s1_m1_m2_m3.1.1.1.3.2>
    <s_s1_m1_m2_m3.1.1.2.3.2>
      <IFC type="real" size="9" columns="3">
-3.246845570348640E-004 -4.881601843563306E-004 -4.881601843563282E-004 
-3.464019627419769E-004 -4.323884593934856E-004  4.651633389768741E-004 
-3.464019627419748E-004  4.651633389768741E-004 -4.323884593934908E-004
      </IFC>
    </s_s1_m1_m2_m3.1.1.2.3.2>
    <s_s1_m1_m2_m3.1.1.3.3.2>
      <IFC type="real" size="9" columns="3">
-5.026451054010259E-004 -8.964858869123364E-005 -8.878019763411957E-005 
-8.964858869123361E-005 -5.026451054010225E-004  8.878019763412058E-005 
 8.878019763412440E-005 -8.878019763412340E-005 -3.832504325623383E-004
      </IFC>
    </s_s1_m1_m2_m3.1.1.3.3.2>
    <s_s1_m1_m2_m3.1.1.4.3.2>
      <IFC type="real" size="9" columns="3">
-3.832504325623340E-004 -8.878019763412329E-005  8.878019763412364E-005 
 8.878019763412085E-005 -5.026451054010259E-004 -8.964858869122804E-005 
-8.878019763412028E-005 -8.964858869122804E-005 -5.026451054010415E-004
      </IFC>
    </s_s1_m1_m2_m3.1.1.4.3.2>
    <s_s1_m1_m2_m3.1.1.1.4.2>
      <IFC type="real" size="9" columns="3">
-3.848672898523264E-003  1.890372802635333E-003 -4.617217141461705E-003 
-1.890372802635329E-003  1.073503857799342E-002 -1.890372802635332E-003 
-4.617217141461705E-003  1.890372802635329E-003 -3.848672898523264E-003
      </IFC>
    </s_s1_m1_m2_m3.1.1.1.4.2>
    <s_s1_m1_m2_m3.1.1.2.4.2>
      <IFC type="real" size="9" columns="3">
-4.107312520107093E-004  5.421010862427522E-018 -2.168404344971009E-019 
 5.421010862427522E-018 -4.123692183959533E-004  4.987329993433320E-018 
-3.252606517456513E-019  4.987329993433320E-018 -4.123692183959481E-004
      </IFC>
    </s_s1_m1_m2_m3.1.1.2.4.2>
    <s_s1_m1_m2_m3.1.1.3.4.2>
      <IFC type="real" size="9" columns="3">
-5.026451054010277E-004  8.878019763412115E-005  8.964858869122899E-005 
-8.878019763412293E-005 -3.832504325623331E-004 -8.878019763412272E-005 
 8.964858869122904E-005  8.878019763412128E-005 -5.026451054010311E-004
      </IFC>
    </s_s1_m1_m2_m3.1.1.3.4.2>
    <s_s1_m1_m2_m3.1.1.4.4.2>
      <IFC type="real" size="9" columns="3">
-4.123692183959542E-004 -2.168404344971009E-019  5.963111948670274E-019 
-2.168404344971009E-019 -4.123692183959533E-004 -1.029992063861229E-018 
 6.505213034913027E-019 -1.029992063861229E-018 -4.107312520107032E-004
      </IFC>
    </s_s1_m1_m2_m3.1.1.4.4.2>
    <s_s1_m1_m2_m3.1.1.1.1.3>
      <IFC type="real" size="9" columns="3">
-4.332695199299463E-005  5.114342981036228E-004 -2.683400376901623E-018 
 5.114342981036228E-004 -4.332695199299463E-005  5.664956351236761E-018 
-2.683400376901623E-018  5.664956351236761E-018  4.109181890706887E-003
      </IFC>
    </s_s1_m1_m2_m3.1.1.1.1.3>
    <s_s1_m1_m2_m3.1.1.2.1.3>
      <IFC type="real" size="9" columns="3">
-4.323884593934848E-004  3.464019627419775E-004  4.651633389768767E-004 
 4.881601843563311E-004 -3.246845570348631E-004  4.881601843563303E-004 
 4.651633389768767E-004  3.464019627419766E-004 -4.323884593934891E-004
      </IFC>
    </s_s1_m1_m2_m3.1.1.2.1.3>
    <s_s1_m1_m2_m3.1.1.3.1.3>
      <IFC type="real" size="9" columns="3">
 4.109181890706876E-003 -1.761828530288945E-018 -2.168404344971009E-019 
-1.761828530288945E-018 -4.332695199301372E-005  5.114342981036186E-004 
-2.168404344971009E-019  5.114342981036186E-004 -4.332695199301718E-005
      </IFC>
    </s_s1_m1_m2_m3.1.1.3.1.3>
    <s_s1_m1_m2_m3.1.1.4.1.3>
      <IFC type="real" size="9" columns="3">
-4.323884593934848E-004  4.881601843563311E-004  4.651633389768767E-004 
 3.464019627419775E-004 -3.246845570348631E-004  3.464019627419766E-004 
 4.651633389768767E-004  4.881601843563303E-004 -4.323884593934891E-004
      </IFC>
    </s_s1_m1_m2_m3.1.1.4.1.3>
    <s_s1_m1_m2_m3.1.1.1.2.3>
      <IFC type="real" size="9" columns="3">
-3.246845570348683E-004  4.881601843563300E-004 -4.881601843563304E-004 
 3.464019627419763E-004 -4.323884593934874E-004 -4.651633389768754E-004 
-3.464019627419765E-004 -4.651633389768754E-004 -4.323884593934735E-004
      </IFC>
    </s_s1_m1_m2_m3.1.1.1.2.3>
    <s_s1_m1_m2_m3.1.1.2.2.3>
      <IFC type="real" size="9" columns="3">
-4.323884593934830E-004 -4.651633389768713E-004 -3.464019627419760E-004 
-4.651633389768713E-004 -4.323884593934839E-004  3.464019627419777E-004 
-4.881601843563294E-004  4.881601843563311E-004 -3.246845570348648E-004
      </IFC>
    </s_s1_m1_m2_m3.1.1.2.2.3>
    <s_s1_m1_m2_m3.1.1.3.2.3>
      <IFC type="real" size="9" columns="3">
-3.832504325623366E-004  8.878019763412201E-005  8.878019763412321E-005 
-8.878019763412201E-005 -5.026451054010259E-004  8.964858869123354E-005 
-8.878019763412074E-005  8.964858869123349E-005 -5.026451054010294E-004
      </IFC>
    </s_s1_m1_m2_m3.1.1.3.2.3>
    <s_s1_m1_m2_m3.1.1.4.2.3>
      <IFC type="real" size="9" columns="3">
-5.026451054010268E-004  8.964858869122848E-005 -8.878019763411990E-005 
 8.964858869122848E-005 -5.026451054010242E-004 -8.878019763412207E-005 
 8.878019763412413E-005  8.878019763412185E-005 -3.832504325623418E-004
      </IFC>
    </s_s1_m1_m2_m3.1.1.4.2.3>
    <s_s1_m1_m2_m3.1.1.1.3.3>
      <IFC type="real" size="9" columns="3">
-4.332695199300851E-005 -6.234162491791650E-019 -5.114342981036148E-004 
-6.234162491791650E-019  4.109181890706894E-003  2.547875105340935E-018 
-5.114342981036148E-004  2.547875105340935E-018 -4.332695199303627E-005
      </IFC>
    </s_s1_m1_m2_m3.1.1.1.3.3>
    <s_s1_m1_m2_m3.1.1.2.3.3>
      <IFC type="real" size="9" columns="3">
-5.026451054010251E-004 -8.878019763412150E-005 -8.964858869123059E-005 
 8.878019763412258E-005 -3.832504325623331E-004 -8.878019763412283E-005 
-8.964858869123054E-005  8.878019763412131E-005 -5.026451054010294E-004
      </IFC>
    </s_s1_m1_m2_m3.1.1.2.3.3>
    <s_s1_m1_m2_m3.1.1.3.3.3>
      <IFC type="real" size="9" columns="3">
 1.982165354935603E-004 -5.963111948670274E-019  3.984442983884229E-018 
-5.963111948670274E-019  1.982165354935620E-004  1.707618421664669E-018 
 3.984442983884229E-018  1.707618421664669E-018  1.982165354935447E-004
      </IFC>
    </s_s1_m1_m2_m3.1.1.3.3.3>
    <s_s1_m1_m2_m3.1.1.4.3.3>
      <IFC type="real" size="9" columns="3">
-5.026451054010251E-004  8.878019763412258E-005 -8.964858869123054E-005 
-8.878019763412150E-005 -3.832504325623331E-004  8.878019763412131E-005 
-8.964858869123059E-005 -8.878019763412283E-005 -5.026451054010294E-004
      </IFC>
    </s_s1_m1_m2_m3.1.1.4.3.3>
    <s_s1_m1_m2_m3.1.1.1.4.3>
      <IFC type="real" size="9" columns="3">
-3.246845570348683E-004  3.464019627419763E-004 -3.464019627419765E-004 
 4.881601843563300E-004 -4.323884593934874E-004 -4.651633389768754E-004 
-4.881601843563304E-004 -4.651633389768754E-004 -4.323884593934735E-004
      </IFC>
    </s_s1_m1_m2_m3.1.1.1.4.3>
    <s_s1_m1_m2_m3.1.1.2.4.3>
      <IFC type="real" size="9" columns="3">
-5.026451054010268E-004  8.964858869122848E-005  8.878019763412413E-005 
 8.964858869122848E-005 -5.026451054010242E-004  8.878019763412185E-005 
-8.878019763411990E-005 -8.878019763412207E-005 -3.832504325623418E-004
      </IFC>
    </s_s1_m1_m2_m3.1.1.2.4.3>
    <s_s1_m1_m2_m3.1.1.3.4.3>
      <IFC type="real" size="9" columns="3">
-3.832504325623366E-004 -8.878019763412201E-005 -8.878019763412074E-005 
 8.878019763412201E-005 -5.026451054010259E-004  8.964858869123349E-005 
 8.878019763412321E-005  8.964858869123354E-005 -5.026451054010294E-004
      </IFC>
    </s_s1_m1_m2_m3.1.1.3.4.3>
    <s_s1_m1_m2_m3.1.1.4.4.3>
      <IFC type="real" size="9" columns="3">
-4.323884593934830E-004 -4.651633389768713E-004 -4.881601843563294E-004 
-4.651633389768713E-004 -4.323884593934839E-004  4.881601843563311E-004 
-3.464019627419760E-004  3.464019627419777E-004 -3.246845570348648E-004
      </IFC>
    </s_s1_m1_m2_m3.1.1.4.4.3>
    <s_s1_m1_m2_m3.1.1.1.1.4>
      <IFC type="real" size="9" columns="3">
-3.848672898523267E-003  4.617217141461701E-003  1.890372802635329E-003 
 4.617217141461701E-003 -3.848672898523267E-003 -1.890372802635332E-003 
-1.890372802635333E-003  1.890372802635330E-003  1.073503857799343E-002
      </IFC>
    </s_s1_m1_m2_m3.1.1.1.1.4>
    <s_s1_m1_m2_m3.1.1.2.1.4>
      <IFC type="real" size="9" columns="3">
 1.073503857799342E-002  1.890372802635332E-003 -1.890372802635332E-003 
-1.890372802635329E-003 -3.848672898523269E-003  4.617217141461703E-003 
 1.890372802635330E-003  4.617217141461703E-003 -3.848672898523278E-003
      </IFC>
    </s_s1_m1_m2_m3.1.1.2.1.4>
    <s_s1_m1_m2_m3.1.1.3.1.4>
      <IFC type="real" size="9" columns="3">
-4.323884593934856E-004  4.651633389768778E-004  4.881601843563281E-004 
 4.651633389768778E-004 -4.323884593934822E-004  4.881601843563312E-004 
 3.464019627419746E-004  3.464019627419777E-004 -3.246845570348648E-004
      </IFC>
    </s_s1_m1_m2_m3.1.1.3.1.4>
    <s_s1_m1_m2_m3.1.1.4.1.4>
      <IFC type="real" size="9" columns="3">
-3.246845570348674E-004  3.464019627419749E-004  3.464019627419754E-004 
 4.881601843563284E-004 -4.323884593934856E-004  4.651633389768759E-004 
 4.881601843563291E-004  4.651633389768759E-004 -4.323884593934908E-004
      </IFC>
    </s_s1_m1_m2_m3.1.1.4.1.4>
    <s_s1_m1_m2_m3.1.1.1.2.4>
      <IFC type="real" size="9" columns="3">
-3.848672898523264E-003 -1.890372802635329E-003 -4.617217141461705E-003 
 1.890372802635333E-003  1.073503857799342E-002  1.890372802635329E-003 
-4.617217141461705E-003 -1.890372802635332E-003 -3.848672898523264E-003
      </IFC>
    </s_s1_m1_m2_m3.1.1.1.2.4>
    <s_s1_m1_m2_m3.1.1.2.2.4>
      <IFC type="real" size="9" columns="3">
-4.123692183959542E-004 -2.168404344971009E-019  6.505213034913027E-019 
-2.168404344971009E-019 -4.123692183959533E-004 -1.029992063861229E-018 
 5.963111948670274E-019 -1.029992063861229E-018 -4.107312520107032E-004
      </IFC>
    </s_s1_m1_m2_m3.1.1.2.2.4>
    <s_s1_m1_m2_m3.1.1.3.2.4>
      <IFC type="real" size="9" columns="3">
-5.026451054010277E-004 -8.878019763412293E-005  8.964858869122904E-005 
 8.878019763412115E-005 -3.832504325623331E-004  8.878019763412128E-005 
 8.964858869122899E-005 -8.878019763412272E-005 -5.026451054010311E-004
      </IFC>
    </s_s1_m1_m2_m3.1.1.3.2.4>
    <s_s1_m1_m2_m3.1.1.4.2.4>
      <IFC type="real" size="9" columns="3">
-4.107312520107093E-004  5.421010862427522E-018 -3.252606517456513E-019 
 5.421010862427522E-018 -4.123692183959533E-004  4.987329993433320E-018 
-2.168404344971009E-019  4.987329993433320E-018 -4.123692183959481E-004
      </IFC>
    </s_s1_m1_m2_m3.1.1.4.2.4>
    <s_s1_m1_m2_m3.1.1.1.3.4>
      <IFC type="real" size="9" columns="3">
-4.323884593934874E-004  4.651633389768782E-004 -4.881601843563311E-004 
 4.651633389768782E-004 -4.323884593934804E-004 -4.881601843563291E-004 
-3.464019627419774E-004 -3.464019627419755E-004 -3.246845570348614E-004
      </IFC>
    </s_s1_m1_m2_m3.1.1.1.3.4>
    <s_s1_m1_m2_m3.1.1.2.3.4>
      <IFC type="real" size="9" columns="3">
-3.832504325623340E-004  8.878019763412085E-005 -8.878019763412028E-005 
-8.878019763412329E-005 -5.026451054010259E-004 -8.964858869122804E-005 
 8.878019763412364E-005 -8.964858869122804E-005 -5.026451054010415E-004
      </IFC>
    </s_s1_m1_m2_m3.1.1.2.3.4>
    <s_s1_m1_m2_m3.1.1.3.3.4>
      <IFC type="real" size="9" columns="3">
-5.026451054010259E-004 -8.964858869123361E-005  8.878019763412440E-005 
-8.964858869123364E-005 -5.026451054010225E-004 -8.878019763412340E-005 
-8.878019763411957E-005  8.878019763412058E-005 -3.832504325623383E-004
      </IFC>
    </s_s1_m1_m2_m3.1.1.3.3.4>
    <s_s1_m1_m2_m3.1.1.4.3.4>
      <IFC type="real" size="9" columns="3">
-3.246845570348640E-004 -3.464019627419769E-004 -3.464019627419748E-004 
-4.881601843563306E-004 -4.323884593934856E-004  4.651633389768741E-004 
-4.881601843563282E-004  4.651633389768741E-004 -4.323884593934908E-004
      </IFC>
    </s_s1_m1_m2_m3.1.1.4.3.4>
    <s_s1_m1_m2_m3.1.1.1.4.4>
      <IFC type="real" size="9" columns="3">
-4.323884593934839E-004  4.881601843563300E-004 -4.651633389768754E-004 
 3.464019627419763E-004 -3.246845570348648E-004 -3.464019627419765E-004 
-4.651633389768754E-004 -4.881601843563302E-004 -4.323884593934839E-004
      </IFC>
    </s_s1_m1_m2_m3.1.1.1.4.4>
    <s_s1_m1_m2_m3.1.1.2.4.4>
      <IFC type="real" size="9" columns="3">
-4.123692183959542E-004  4.553649124439119E-018 -4.553649124439119E-018 
 4.553649124439119E-018 -4.107312520107119E-004  6.505213034913027E-019 
-4.662069341687669E-018  6.505213034913027E-019 -4.123692183959447E-004
      </IFC>
    </s_s1_m1_m2_m3.1.1.2.4.4>
    <s_s1_m1_m2_m3.1.1.3.4.4>
      <IFC type="real" size="9" columns="3">
-4.323884593934839E-004 -4.881601843563295E-004 -4.651633389768736E-004 
-3.464019627419759E-004 -3.246845570348631E-004  3.464019627419753E-004 
-4.651633389768736E-004  4.881601843563288E-004 -4.323884593934804E-004
      </IFC>
    </s_s1_m1_m2_m3.1.1.3.4.4>
    <s_s1_m1_m2_m3.1.1.4.4.4>
      <IFC type="real" size="9" columns="3">
-2.068310843741320E-005  1.517883041479706E-018 -2.005774019098183E-018 
 1.517883041479706E-018 -2.068310843741580E-005  2.439454888092385E-018 
-1.951563910473908E-018  2.439454888092385E-018 -2.068310843741754E-005
      </IFC>
    </s_s1_m1_m2_m3.1.1.4.4.4>
    <s_s1_m1_m2_m3.1.2.1.1.1>
      <IFC type="real" size="9" columns="3">
-7.316022266225891E-002 -4.918560516335348E-002 -4.918560516335348E-002 
-4.918560516335348E-002 -7.316022266225891E-002 -4.918560516335348E-002 
-4.918560516335348E-002 -4.918560516335348E-002 -7.316022266225891E-002
      </IFC>
    </s_s1_m1_m2_m3.1.2.1.1.1>
    <s_s1_m1_m2_m3.1.2.2.1.1>
      <IFC type="real" size="9" columns="3">
 3.841429659362510E-004  9.035672074028772E-004 -9.035672074028774E-004 
 9.035672074028788E-004  5.020805700238166E-004  3.413438724378377E-004 
-9.035672074028764E-004  3.413438724378358E-004  5.020805700238086E-004
      </IFC>
    </s_s1_m1_m2_m3.1.2.2.1.1>
    <s_s1_m1_m2_m3.1.2.3.1.1>
      <IFC type="real" size="9" columns="3">
 3.849394740302724E-006  3.691489351521799E-004  4.102315498097527E-005 
 3.691489351521803E-004 -5.037234775776797E-005  3.691489351521818E-004 
 4.102315498097657E-005  3.691489351521814E-004  3.849394740299580E-006
      </IFC>
    </s_s1_m1_m2_m3.1.2.3.1.1>
    <s_s1_m1_m2_m3.1.2.4.1.1>
      <IFC type="real" size="9" columns="3">
 5.020805700238146E-004  3.413438724378350E-004 -9.035672074028783E-004 
 3.413438724378360E-004  5.020805700238114E-004  9.035672074028771E-004 
-9.035672074028782E-004  9.035672074028753E-004  3.841429659362532E-004
      </IFC>
    </s_s1_m1_m2_m3.1.2.4.1.1>
    <s_s1_m1_m2_m3.1.2.1.2.1>
      <IFC type="real" size="9" columns="3">
-7.316022266225890E-002  4.918560516335348E-002  4.918560516335348E-002 
 4.918560516335348E-002 -7.316022266225891E-002 -4.918560516335348E-002 
 4.918560516335348E-002 -4.918560516335348E-002 -7.316022266225890E-002
      </IFC>
    </s_s1_m1_m2_m3.1.2.1.2.1>
    <s_s1_m1_m2_m3.1.2.2.2.1>
      <IFC type="real" size="9" columns="3">
-5.159713526986091E-004 -1.214476023467775E-003  7.197673145125547E-004 
-1.214476023467775E-003 -4.034106793031915E-003  1.214476023467780E-003 
 7.197673145125545E-004  1.214476023467779E-003 -5.159713526986147E-004
      </IFC>
    </s_s1_m1_m2_m3.1.2.2.2.1>
    <s_s1_m1_m2_m3.1.2.3.2.1>
      <IFC type="real" size="9" columns="3">
-5.159713526986126E-004  1.214476023467778E-003  7.197673145125548E-004 
 1.214476023467779E-003 -4.034106793031922E-003 -1.214476023467774E-003 
 7.197673145125528E-004 -1.214476023467777E-003 -5.159713526986139E-004
      </IFC>
    </s_s1_m1_m2_m3.1.2.3.2.1>
    <s_s1_m1_m2_m3.1.2.4.2.1>
      <IFC type="real" size="9" columns="3">
-7.316022266225891E-002 -4.918560516335348E-002  4.918560516335348E-002 
-4.918560516335348E-002 -7.316022266225891E-002  4.918560516335348E-002 
 4.918560516335348E-002  4.918560516335348E-002 -7.316022266225891E-002
      </IFC>
    </s_s1_m1_m2_m3.1.2.4.2.1>
    <s_s1_m1_m2_m3.1.2.1.3.1>
      <IFC type="real" size="9" columns="3">
-4.034106793031910E-003 -1.214476023467778E-003 -1.214476023467779E-003 
-1.214476023467776E-003 -5.159713526986069E-004 -7.197673145125537E-004 
-1.214476023467779E-003 -7.197673145125554E-004 -5.159713526986087E-004
      </IFC>
    </s_s1_m1_m2_m3.1.2.1.3.1>
    <s_s1_m1_m2_m3.1.2.2.3.1>
      <IFC type="real" size="9" columns="3">
 7.588401073540206E-004  8.693162745873646E-004 -8.693162745873748E-004 
 8.693162745873652E-004  7.588401073540226E-004  8.693162745873678E-004 
-8.693162745873745E-004  8.693162745873667E-004  7.588401073540280E-004
      </IFC>
    </s_s1_m1_m2_m3.1.2.2.3.1>
    <s_s1_m1_m2_m3.1.2.3.3.1>
      <IFC type="real" size="9" columns="3">
-5.159713526986087E-004 -7.197673145125535E-004 -1.214476023467779E-003 
-7.197673145125527E-004 -5.159713526986123E-004 -1.214476023467777E-003 
-1.214476023467778E-003 -1.214476023467778E-003 -4.034106793031914E-003
      </IFC>
    </s_s1_m1_m2_m3.1.2.3.3.1>
    <s_s1_m1_m2_m3.1.2.4.3.1>
      <IFC type="real" size="9" columns="3">
 5.020805700238185E-004  9.035672074028802E-004 -3.413438724378404E-004 
 9.035672074028801E-004  3.841429659362534E-004  9.035672074028797E-004 
-3.413438724378397E-004  9.035672074028779E-004  5.020805700238064E-004
      </IFC>
    </s_s1_m1_m2_m3.1.2.4.3.1>
    <s_s1_m1_m2_m3.1.2.1.4.1>
      <IFC type="real" size="9" columns="3">
-4.034106793031914E-003  1.214476023467777E-003  1.214476023467778E-003 
 1.214476023467778E-003 -5.159713526986149E-004 -7.197673145125535E-004 
 1.214476023467780E-003 -7.197673145125566E-004 -5.159713526986063E-004
      </IFC>
    </s_s1_m1_m2_m3.1.2.1.4.1>
    <s_s1_m1_m2_m3.1.2.2.4.1>
      <IFC type="real" size="9" columns="3">
-5.159713526986169E-004 -7.197673145125532E-004  1.214476023467777E-003 
-7.197673145125537E-004 -5.159713526986117E-004  1.214476023467779E-003 
 1.214476023467777E-003  1.214476023467777E-003 -4.034106793031914E-003
      </IFC>
    </s_s1_m1_m2_m3.1.2.2.4.1>
    <s_s1_m1_m2_m3.1.2.3.4.1>
      <IFC type="real" size="9" columns="3">
 3.849394740307495E-006 -4.102315498097332E-005 -3.691489351521823E-004 
-4.102315498097332E-005  3.849394740303050E-006  3.691489351521836E-004 
-3.691489351521833E-004  3.691489351521814E-004 -5.037234775776743E-005
      </IFC>
    </s_s1_m1_m2_m3.1.2.3.4.1>
    <s_s1_m1_m2_m3.1.2.4.4.1>
      <IFC type="real" size="9" columns="3">
-5.037234775776174E-005  3.691489351521793E-004 -3.691489351521828E-004 
 3.691489351521785E-004  3.849394740308362E-006 -4.102315498097017E-005 
-3.691489351521820E-004 -4.102315498097017E-005  3.849394740299689E-006
      </IFC>
    </s_s1_m1_m2_m3.1.2.4.4.1>
    <s_s1_m1_m2_m3.1.2.1.1.2>
      <IFC type="real" size="9" columns="3">
 3.841429659362534E-004 -9.035672074028745E-004  9.035672074028788E-004 
-9.035672074028745E-004  5.020805700238157E-004  3.413438724378403E-004 
 9.035672074028788E-004  3.413438724378381E-004  5.020805700238183E-004
      </IFC>
    </s_s1_m1_m2_m3.1.2.1.1.2>
    <s_s1_m1_m2_m3.1.2.2.1.2>
      <IFC type="real" size="9" columns="3">
 3.501385339137191E-004 -1.951333820104371E-004 -1.951333820104386E-004 
-1.951333820104370E-004  3.491515138893658E-004  1.595489825379019E-004 
-1.951333820104372E-004  1.595489825379031E-004  3.491515138893615E-004
      </IFC>
    </s_s1_m1_m2_m3.1.2.2.1.2>
    <s_s1_m1_m2_m3.1.2.3.1.2>
      <IFC type="real" size="9" columns="3">
 3.491515138893718E-004  1.595489825379033E-004 -1.951333820104379E-004 
 1.595489825379048E-004  3.491515138893658E-004 -1.951333820104401E-004 
-1.951333820104390E-004 -1.951333820104410E-004  3.501385339137173E-004
      </IFC>
    </s_s1_m1_m2_m3.1.2.3.1.2>
    <s_s1_m1_m2_m3.1.2.4.1.2>
      <IFC type="real" size="9" columns="3">
 5.020805700238075E-004  3.413438724378364E-004  9.035672074028756E-004 
 3.413438724378374E-004  5.020805700238153E-004 -9.035672074028772E-004 
 9.035672074028772E-004 -9.035672074028764E-004  3.841429659362520E-004
      </IFC>
    </s_s1_m1_m2_m3.1.2.4.1.2>
    <s_s1_m1_m2_m3.1.2.1.2.2>
      <IFC type="real" size="9" columns="3">
-5.159713526986104E-004  7.197673145125545E-004 -1.214476023467772E-003 
 7.197673145125580E-004 -5.159713526986173E-004  1.214476023467779E-003 
-1.214476023467772E-003  1.214476023467775E-003 -4.034106793031914E-003
      </IFC>
    </s_s1_m1_m2_m3.1.2.1.2.2>
    <s_s1_m1_m2_m3.1.2.2.2.2>
      <IFC type="real" size="9" columns="3">
 7.588401073540258E-004 -8.693162745873707E-004 -8.693162745873705E-004 
-8.693162745873705E-004  7.588401073540200E-004 -8.693162745873665E-004 
-8.693162745873711E-004 -8.693162745873678E-004  7.588401073540198E-004
      </IFC>
    </s_s1_m1_m2_m3.1.2.2.2.2>
    <s_s1_m1_m2_m3.1.2.3.2.2>
      <IFC type="real" size="9" columns="3">
-4.034106793031920E-003  1.214476023467779E-003 -1.214476023467781E-003 
 1.214476023467778E-003 -5.159713526986167E-004  7.197673145125545E-004 
-1.214476023467780E-003  7.197673145125550E-004 -5.159713526986115E-004
      </IFC>
    </s_s1_m1_m2_m3.1.2.3.2.2>
    <s_s1_m1_m2_m3.1.2.4.2.2>
      <IFC type="real" size="9" columns="3">
 5.020805700238077E-004 -9.035672074028778E-004 -3.413438724378374E-004 
-9.035672074028787E-004  3.841429659362491E-004 -9.035672074028827E-004 
-3.413438724378376E-004 -9.035672074028827E-004  5.020805700238125E-004
      </IFC>
    </s_s1_m1_m2_m3.1.2.4.2.2>
    <s_s1_m1_m2_m3.1.2.1.3.2>
      <IFC type="real" size="9" columns="3">
 7.588401073540217E-004 -8.693162745873739E-004  8.693162745873634E-004 
-8.693162745873730E-004  7.588401073540261E-004  8.693162745873674E-004 
 8.693162745873634E-004  8.693162745873661E-004  7.588401073540252E-004
      </IFC>
    </s_s1_m1_m2_m3.1.2.1.3.2>
    <s_s1_m1_m2_m3.1.2.2.3.2>
      <IFC type="real" size="9" columns="3">
 7.588401073540269E-004  8.693162745873669E-004  8.693162745873661E-004 
 8.693162745873672E-004  7.588401073540239E-004 -8.693162745873694E-004 
 8.693162745873664E-004 -8.693162745873695E-004  7.588401073540313E-004
      </IFC>
    </s_s1_m1_m2_m3.1.2.2.3.2>
    <s_s1_m1_m2_m3.1.2.3.3.2>
      <IFC type="real" size="9" columns="3">
 3.491515138893675E-004  1.951333820104373E-004 -1.595489825379026E-004 
 1.951333820104388E-004  3.501385339137117E-004 -1.951333820104314E-004 
-1.595489825379037E-004 -1.951333820104319E-004  3.491515138893679E-004
      </IFC>
    </s_s1_m1_m2_m3.1.2.3.3.2>
    <s_s1_m1_m2_m3.1.2.4.3.2>
      <IFC type="real" size="9" columns="3">
 3.491515138893632E-004 -1.951333820104353E-004 -1.595489825379044E-004 
-1.951333820104346E-004  3.501385339137134E-004  1.951333820104356E-004 
-1.595489825379038E-004  1.951333820104360E-004  3.491515138893635E-004
      </IFC>
    </s_s1_m1_m2_m3.1.2.4.3.2>
    <s_s1_m1_m2_m3.1.2.1.4.2>
      <IFC type="real" size="9" columns="3">
-5.159713526986145E-004  1.214476023467775E-003 -7.197673145125531E-004 
 1.214476023467777E-003 -4.034106793031927E-003  1.214476023467778E-003 
-7.197673145125530E-004  1.214476023467780E-003 -5.159713526986128E-004
      </IFC>
    </s_s1_m1_m2_m3.1.2.1.4.2>
    <s_s1_m1_m2_m3.1.2.2.4.2>
      <IFC type="real" size="9" columns="3">
 3.501385339137193E-004  1.951333820104378E-004  1.951333820104370E-004 
 1.951333820104389E-004  3.491515138893653E-004  1.595489825379066E-004 
 1.951333820104367E-004  1.595489825379052E-004  3.491515138893642E-004
      </IFC>
    </s_s1_m1_m2_m3.1.2.2.4.2>
    <s_s1_m1_m2_m3.1.2.3.4.2>
      <IFC type="real" size="9" columns="3">
 6.615030610061900E-004 -1.957755739606241E-004  1.957755739606269E-004 
-1.957755739606252E-004  6.615030610061863E-004 -1.957755739606256E-004 
 1.957755739606274E-004 -1.957755739606247E-004  6.615030610061837E-004
      </IFC>
    </s_s1_m1_m2_m3.1.2.3.4.2>
    <s_s1_m1_m2_m3.1.2.4.4.2>
      <IFC type="real" size="9" columns="3">
 3.491515138893621E-004  1.595489825379017E-004  1.951333820104357E-004 
 1.595489825379008E-004  3.491515138893715E-004  1.951333820104370E-004 
 1.951333820104354E-004  1.951333820104349E-004  3.501385339137107E-004
      </IFC>
    </s_s1_m1_m2_m3.1.2.4.4.2>
    <s_s1_m1_m2_m3.1.2.1.1.3>
      <IFC type="real" size="9" columns="3">
 3.849394740296219E-006  4.102315498097711E-005  3.691489351521776E-004 
 4.102315498097364E-005  3.849394740296219E-006  3.691489351521846E-004 
 3.691489351521776E-004  3.691489351521811E-004 -5.037234775775307E-005
      </IFC>
    </s_s1_m1_m2_m3.1.2.1.1.3>
    <s_s1_m1_m2_m3.1.2.2.1.3>
      <IFC type="real" size="9" columns="3">
 3.491515138893660E-004 -1.951333820104389E-004  1.595489825379032E-004 
-1.951333820104382E-004  3.501385339137113E-004 -1.951333820104353E-004 
 1.595489825379033E-004 -1.951333820104377E-004  3.491515138893590E-004
      </IFC>
    </s_s1_m1_m2_m3.1.2.2.1.3>
    <s_s1_m1_m2_m3.1.2.3.1.3>
      <IFC type="real" size="9" columns="3">
-5.037234775776478E-005  3.691489351521801E-004  3.691489351521803E-004 
 3.691489351521823E-004  3.849394740304188E-006  4.102315498097424E-005 
 3.691489351521816E-004  4.102315498097375E-005  3.849394740303267E-006
      </IFC>
    </s_s1_m1_m2_m3.1.2.3.1.3>
    <s_s1_m1_m2_m3.1.2.4.1.3>
      <IFC type="real" size="9" columns="3">
 3.565053465908825E-004 -1.875829121328927E-004  1.875829121328903E-004 
-1.875829121328926E-004  3.565053465908858E-004 -1.875829121328915E-004 
 1.875829121328913E-004 -1.875829121328919E-004  3.565053465908908E-004
      </IFC>
    </s_s1_m1_m2_m3.1.2.4.1.3>
    <s_s1_m1_m2_m3.1.2.1.2.3>
      <IFC type="real" size="9" columns="3">
-5.159713526986104E-004  7.197673145125545E-004  1.214476023467779E-003 
 7.197673145125580E-004 -5.159713526986104E-004 -1.214476023467772E-003 
 1.214476023467779E-003 -1.214476023467775E-003 -4.034106793031914E-003
      </IFC>
    </s_s1_m1_m2_m3.1.2.1.2.3>
    <s_s1_m1_m2_m3.1.2.2.2.3>
      <IFC type="real" size="9" columns="3">
-4.034106793031915E-003 -1.214476023467778E-003  1.214476023467777E-003 
-1.214476023467778E-003 -5.159713526986100E-004  7.197673145125552E-004 
 1.214476023467778E-003  7.197673145125552E-004 -5.159713526986191E-004
      </IFC>
    </s_s1_m1_m2_m3.1.2.2.2.3>
    <s_s1_m1_m2_m3.1.2.3.2.3>
      <IFC type="real" size="9" columns="3">
-5.037234775776174E-005 -3.691489351521818E-004 -3.691489351521803E-004 
-3.691489351521827E-004  3.849394740306628E-006  4.102315498097245E-005 
-3.691489351521811E-004  4.102315498096985E-005  3.849394740310585E-006
      </IFC>
    </s_s1_m1_m2_m3.1.2.3.2.3>
    <s_s1_m1_m2_m3.1.2.4.2.3>
      <IFC type="real" size="9" columns="3">
 3.849394740303158E-006  4.102315498097364E-005 -3.691489351521846E-004 
 4.102315498097364E-005  3.849394740310097E-006 -3.691489351521811E-004 
-3.691489351521846E-004 -3.691489351521811E-004 -5.037234775776001E-005
      </IFC>
    </s_s1_m1_m2_m3.1.2.4.2.3>
    <s_s1_m1_m2_m3.1.2.1.3.3>
      <IFC type="real" size="9" columns="3">
-5.159713526986069E-004 -1.214476023467778E-003 -7.197673145125545E-004 
-1.214476023467778E-003 -4.034106793031914E-003 -1.214476023467778E-003 
-7.197673145125545E-004 -1.214476023467776E-003 -5.159713526986121E-004
      </IFC>
    </s_s1_m1_m2_m3.1.2.1.3.3>
    <s_s1_m1_m2_m3.1.2.2.3.3>
      <IFC type="real" size="9" columns="3">
 3.491515138893621E-004 -1.595489825379047E-004  1.951333820104387E-004 
-1.595489825379033E-004  3.491515138893636E-004 -1.951333820104353E-004 
 1.951333820104382E-004 -1.951333820104377E-004  3.501385339137167E-004
      </IFC>
    </s_s1_m1_m2_m3.1.2.2.3.3>
    <s_s1_m1_m2_m3.1.2.3.3.3>
      <IFC type="real" size="9" columns="3">
 6.615030610061801E-004  1.957755739606272E-004  1.957755739606268E-004 
 1.957755739606281E-004  6.615030610061820E-004  1.957755739606308E-004 
 1.957755739606276E-004  1.957755739606302E-004  6.615030610061861E-004
      </IFC>
    </s_s1_m1_m2_m3.1.2.3.3.3>
    <s_s1_m1_m2_m3.1.2.4.3.3>
      <IFC type="real" size="9" columns="3">
 3.501385339137102E-004 -1.951333820104350E-004  1.951333820104357E-004 
-1.951333820104342E-004  3.491515138893679E-004 -1.595489825379005E-004 
 1.951333820104373E-004 -1.595489825379018E-004  3.491515138893577E-004
      </IFC>
    </s_s1_m1_m2_m3.1.2.4.3.3>
    <s_s1_m1_m2_m3.1.2.1.4.3>
      <IFC type="real" size="9" columns="3">
 3.849394740302291E-006 -3.691489351521861E-004 -4.102315498097050E-005 
-3.691489351521835E-004 -5.037234775777150E-005  3.691489351521873E-004 
-4.102315498097126E-005  3.691489351521842E-004  3.849394740296870E-006
      </IFC>
    </s_s1_m1_m2_m3.1.2.1.4.3>
    <s_s1_m1_m2_m3.1.2.2.4.3>
      <IFC type="real" size="9" columns="3">
 6.615030610061857E-004  1.957755739606243E-004 -1.957755739606254E-004 
 1.957755739606243E-004  6.615030610061805E-004 -1.957755739606262E-004 
-1.957755739606252E-004 -1.957755739606267E-004  6.615030610061835E-004
      </IFC>
    </s_s1_m1_m2_m3.1.2.2.4.3>
    <s_s1_m1_m2_m3.1.2.3.4.3>
