<?xml version="1.0"?>
<?iotk version="1.2.0"?>
<?iotk file_version="1.0"?>
<?iotk binary="F"?>
<?iotk qe_syntax="F"?>
<Root>
  <GEOMETRY_INFO>
    <NUMBER_OF_TYPES type="integer" size="1">
         1
    </NUMBER_OF_TYPES>
    <NUMBER_OF_ATOMS type="integer" size="1">
         2
    </NUMBER_OF_ATOMS>
    <BRAVAIS_LATTICE_INDEX type="integer" size="1">
         0
    </BRAVAIS_LATTICE_INDEX>
    <SPIN_COMPONENTS type="integer" size="1">
         1
    </SPIN_COMPONENTS>
    <CELL_DIMENSIONS type="real" size="6">
 1.020000000000000E+001
 0.000000000000000E+000
 0.000000000000000E+000
 0.000000000000000E+000
 0.000000000000000E+000
 0.000000000000000E+000
    </CELL_DIMENSIONS>
    <AT type="real" size="9" columns="3">
-5.000000000000000E-001  0.000000000000000E+000  5.000000000000000E-001 
 0.000000000000000E+000  5.000000000000000E-001  5.000000000000000E-001 
-5.000000000000000E-001  5.000000000000000E-001  0.000000000000000E+000
    </AT>
    <BG type="real" size="9" columns="3">
-1.000000000000000E+000 -1.000000000000000E+000  1.000000000000000E+000 
 1.000000000000000E+000  1.000000000000000E+000  1.000000000000000E+000 
-1.000000000000000E+000  1.000000000000000E+000 -1.000000000000000E+000
    </BG>
    <UNIT_CELL_VOLUME_AU type="real" size="1">
 2.653020000000000E+002
    </UNIT_CELL_VOLUME_AU>
    <TYPE_NAME.1 type="character" size="1" len="3">
Si 
    </TYPE_NAME.1>
    <MASS.1 type="real" size="1">
 2.808600000000000E+001
    </MASS.1>
    <ATOM.1 SPECIES="Si " INDEX="1" TAU="0.000000000000000E+000 0.000000000000000E+000 0.000000000000000E+000"/>
    <ATOM.2 SPECIES="Si " INDEX="1" TAU="2.500000000000000E-001 2.500000000000000E-001 2.500000000000000E-001"/>
    <NUMBER_OF_Q type="integer" size="1">
         6
    </NUMBER_OF_Q>
  </GEOMETRY_INFO>
  <DIELECTRIC_PROPERTIES>
    <EPSILON type="real" size="9" columns="3">
 2.254086293188266E+001 -5.329070518200751E-015 -7.105427357601002E-015 
 1.776356839400250E-015  2.254086293188266E+001  1.776356839400250E-015 
-1.776356839400250E-015 -1.776356839400250E-015  2.254086293188266E+001
    </EPSILON>
    <ZSTAR>
      <Z_AT_.1 type="real" size="9" columns="3">
-4.662936703425657E-015 -2.664535259100376E-015 -8.881784197001250E-016 
-2.220446049250313E-015 -4.440892098500626E-015  2.220446049250313E-015 
-1.110223024625156E-015  1.110223024625156E-015 -3.552713678800501E-015
      </Z_AT_.1>
      <Z_AT_.2 type="real" size="9" columns="3">
 4.440892098500626E-015  2.664535259100376E-015  8.881784197001248E-016 
 2.220446049250313E-015  4.662936703425657E-015 -2.220446049250313E-015 
 1.110223024625157E-015 -1.110223024625156E-015  3.552713678800501E-015
      </Z_AT_.2>
    </ZSTAR>
  </DIELECTRIC_PROPERTIES>
  <INTERATOMIC_FORCE_CONSTANTS>
    <MESH_NQ1_NQ2_NQ3 type="integer" size="3" columns="3">
         4          4          4
    </MESH_NQ1_NQ2_NQ3>
    <s_s1_m1_m2_m3.1.1.1.1.1>
      <IFC type="real" size="9" columns="3">
 2.766376134284935E-001  1.572093150103981E-018  6.505213034913027E-019 
 1.572093150103981E-018  2.766376134284936E-001 -3.903127820947816E-018 
 6.505213034913027E-019 -3.903127820947816E-018  2.766376134284936E-001
      </IFC>
    </s_s1_m1_m2_m3.1.1.1.1.1>
    <s_s1_m1_m2_m3.1.1.2.1.1>
      <IFC type="real" size="9" columns="3">
-3.609974066282728E-003 -1.853072854698306E-003  4.345104818335891E-003 
 1.853072854698312E-003  1.047159171016134E-002 -1.853072854698312E-003 
 4.345104818335891E-003  1.853072854698306E-003 -3.609974066282719E-003
      </IFC>
    </s_s1_m1_m2_m3.1.1.2.1.1>
    <s_s1_m1_m2_m3.1.1.3.1.1>
      <IFC type="real" size="9" columns="3">
-2.676879766773388E-005 -4.174178364069192E-018  5.321289454339618E-004 
-4.174178364069192E-018  4.075963210493045E-003  6.125742274543100E-018 
 5.321289454339618E-004  6.125742274543100E-018 -2.676879766771827E-005
      </IFC>
    </s_s1_m1_m2_m3.1.1.3.1.1>
    <s_s1_m1_m2_m3.1.1.4.1.1>
      <IFC type="real" size="9" columns="3">
-3.609974066282728E-003  1.853072854698312E-003  4.345104818335891E-003 
-1.853072854698306E-003  1.047159171016134E-002  1.853072854698306E-003 
 4.345104818335891E-003 -1.853072854698312E-003 -3.609974066282719E-003
      </IFC>
    </s_s1_m1_m2_m3.1.1.4.1.1>
    <s_s1_m1_m2_m3.1.1.1.2.1>
      <IFC type="real" size="9" columns="3">
 1.047159171016133E-002  1.853072854698313E-003  1.853072854698315E-003 
-1.853072854698305E-003 -3.609974066282728E-003 -4.345104818335894E-003 
-1.853072854698302E-003 -4.345104818335894E-003 -3.609974066282721E-003
      </IFC>
    </s_s1_m1_m2_m3.1.1.1.2.1>
    <s_s1_m1_m2_m3.1.1.2.2.1>
      <IFC type="real" size="9" columns="3">
-4.098722040234200E-004 -4.802333617025076E-004  3.516135902226874E-004 
-4.802333617025075E-004 -4.098722040234148E-004 -3.516135902226871E-004 
 4.835921862756396E-004 -4.835921862756393E-004 -3.163309592586804E-004
      </IFC>
    </s_s1_m1_m2_m3.1.1.2.2.1>
    <s_s1_m1_m2_m3.1.1.3.2.1>
      <IFC type="real" size="9" columns="3">
-3.163309592586813E-004 -4.835921862756403E-004  4.835921862756417E-004 
-3.516135902226882E-004 -4.098722040234200E-004 -4.802333617025083E-004 
 3.516135902226896E-004 -4.802333617025083E-004 -4.098722040234166E-004
      </IFC>
    </s_s1_m1_m2_m3.1.1.3.2.1>
    <s_s1_m1_m2_m3.1.1.4.2.1>
      <IFC type="real" size="9" columns="3">
-3.609974066282736E-003 -4.345104818335899E-003 -1.853072854698314E-003 
-4.345104818335899E-003 -3.609974066282731E-003 -1.853072854698302E-003 
 1.853072854698305E-003  1.853072854698317E-003  1.047159171016131E-002
      </IFC>
    </s_s1_m1_m2_m3.1.1.4.2.1>
    <s_s1_m1_m2_m3.1.1.1.3.1>
      <IFC type="real" size="9" columns="3">
 4.075963210493055E-003  1.246832498358330E-018 -8.944667923005412E-018 
 1.246832498358330E-018 -2.676879766772000E-005 -5.321289454339625E-004 
-8.944667923005412E-018 -5.321289454339625E-004 -2.676879766772000E-005
      </IFC>
    </s_s1_m1_m2_m3.1.1.1.3.1>
    <s_s1_m1_m2_m3.1.1.2.3.1>
      <IFC type="real" size="9" columns="3">
-4.098722040234218E-004 -3.516135902226882E-004  4.802333617025132E-004 
-4.835921862756401E-004 -3.163309592586743E-004 -4.835921862756417E-004 
 4.802333617025129E-004 -3.516135902226898E-004 -4.098722040234166E-004
      </IFC>
    </s_s1_m1_m2_m3.1.1.2.3.1>
    <s_s1_m1_m2_m3.1.1.3.3.1>
      <IFC type="real" size="9" columns="3">
-2.676879766770959E-005 -5.321289454339631E-004 -6.505213034913027E-019 
-5.321289454339631E-004 -2.676879766770612E-005  5.963111948670274E-019 
-6.505213034913027E-019  5.963111948670274E-019  4.075963210493050E-003
      </IFC>
    </s_s1_m1_m2_m3.1.1.3.3.1>
    <s_s1_m1_m2_m3.1.1.4.3.1>
      <IFC type="real" size="9" columns="3">
-4.098722040234218E-004 -4.835921862756401E-004  4.802333617025129E-004 
-3.516135902226882E-004 -3.163309592586743E-004 -3.516135902226898E-004 
 4.802333617025132E-004 -4.835921862756417E-004 -4.098722040234166E-004
      </IFC>
    </s_s1_m1_m2_m3.1.1.4.3.1>
    <s_s1_m1_m2_m3.1.1.1.4.1>
      <IFC type="real" size="9" columns="3">
 1.047159171016133E-002 -1.853072854698305E-003 -1.853072854698302E-003 
 1.853072854698313E-003 -3.609974066282728E-003 -4.345104818335894E-003 
 1.853072854698315E-003 -4.345104818335894E-003 -3.609974066282721E-003
      </IFC>
    </s_s1_m1_m2_m3.1.1.1.4.1>
    <s_s1_m1_m2_m3.1.1.2.4.1>
      <IFC type="real" size="9" columns="3">
-3.609974066282736E-003 -4.345104818335899E-003  1.853072854698305E-003 
-4.345104818335899E-003 -3.609974066282731E-003  1.853072854698317E-003 
-1.853072854698314E-003 -1.853072854698302E-003  1.047159171016131E-002
      </IFC>
    </s_s1_m1_m2_m3.1.1.2.4.1>
    <s_s1_m1_m2_m3.1.1.3.4.1>
      <IFC type="real" size="9" columns="3">
-3.163309592586813E-004 -3.516135902226882E-004  3.516135902226896E-004 
-4.835921862756403E-004 -4.098722040234200E-004 -4.802333617025083E-004 
 4.835921862756417E-004 -4.802333617025083E-004 -4.098722040234166E-004
      </IFC>
    </s_s1_m1_m2_m3.1.1.3.4.1>
    <s_s1_m1_m2_m3.1.1.4.4.1>
      <IFC type="real" size="9" columns="3">
-4.098722040234200E-004 -4.802333617025075E-004  4.835921862756396E-004 
-4.802333617025076E-004 -4.098722040234148E-004 -4.835921862756393E-004 
 3.516135902226874E-004 -3.516135902226871E-004 -3.163309592586804E-004
      </IFC>
    </s_s1_m1_m2_m3.1.1.4.4.1>
    <s_s1_m1_m2_m3.1.1.1.1.2>
      <IFC type="real" size="9" columns="3">
-3.609974066282717E-003  4.345104818335895E-003 -1.853072854698304E-003 
 4.345104818335895E-003 -3.609974066282731E-003  1.853072854698306E-003 
 1.853072854698314E-003 -1.853072854698312E-003  1.047159171016132E-002
      </IFC>
    </s_s1_m1_m2_m3.1.1.1.1.2>
    <s_s1_m1_m2_m3.1.1.2.1.2>
      <IFC type="real" size="9" columns="3">
-3.163309592586760E-004  4.835921862756389E-004  4.835921862756373E-004 
 3.516135902226871E-004 -4.098722040234148E-004  4.802333617025100E-004 
 3.516135902226853E-004  4.802333617025104E-004 -4.098722040234183E-004
      </IFC>
    </s_s1_m1_m2_m3.1.1.2.1.2>
    <s_s1_m1_m2_m3.1.1.3.1.2>
      <IFC type="real" size="9" columns="3">
-4.098722040234044E-004  4.802333617025152E-004  3.516135902226873E-004 
 4.802333617025152E-004 -4.098722040234131E-004  3.516135902226883E-004 
 4.835921862756394E-004  4.835921862756404E-004 -3.163309592586795E-004
      </IFC>
    </s_s1_m1_m2_m3.1.1.3.1.2>
    <s_s1_m1_m2_m3.1.1.4.1.2>
      <IFC type="real" size="9" columns="3">
 1.047159171016132E-002 -1.853072854698315E-003  1.853072854698305E-003 
 1.853072854698303E-003 -3.609974066282731E-003  4.345104818335895E-003 
-1.853072854698313E-003  4.345104818335895E-003 -3.609974066282738E-003
      </IFC>
    </s_s1_m1_m2_m3.1.1.4.1.2>
    <s_s1_m1_m2_m3.1.1.1.2.2>
      <IFC type="real" size="9" columns="3">
-4.098722040234218E-004  3.516135902226862E-004 -4.802333617025094E-004 
 4.835921862756383E-004 -3.163309592586760E-004 -4.835921862756381E-004 
-4.802333617025094E-004 -3.516135902226858E-004 -4.098722040234183E-004
      </IFC>
    </s_s1_m1_m2_m3.1.1.1.2.2>
    <s_s1_m1_m2_m3.1.1.2.2.2>
      <IFC type="real" size="9" columns="3">
-2.424634585933803E-005  8.131516293641283E-019 -2.087089182034596E-018 
 7.047314121155779E-019 -2.424634585933803E-005  7.318364664277155E-019 
-2.087089182034596E-018  6.776263578034403E-019 -2.424634585934064E-005
      </IFC>
    </s_s1_m1_m2_m3.1.1.2.2.2>
    <s_s1_m1_m2_m3.1.1.3.2.2>
      <IFC type="real" size="9" columns="3">
-4.098722040234131E-004 -3.516135902226887E-004 -4.802333617025105E-004 
-4.835921862756408E-004 -3.163309592586760E-004  4.835921862756414E-004 
-4.802333617025105E-004  3.516135902226894E-004 -4.098722040234148E-004
      </IFC>
    </s_s1_m1_m2_m3.1.1.3.2.2>
    <s_s1_m1_m2_m3.1.1.4.2.2>
      <IFC type="real" size="9" columns="3">
-4.049033232260552E-004 -1.084202172485504E-018  4.878909776184770E-019 
-1.084202172485504E-018 -4.084181659010418E-004 -5.421010862427522E-020 
 5.421010862427522E-019 -5.421010862427522E-020 -4.049033232260491E-004
      </IFC>
    </s_s1_m1_m2_m3.1.1.4.2.2>
    <s_s1_m1_m2_m3.1.1.1.3.2>
      <IFC type="real" size="9" columns="3">
-4.098722040234148E-004  4.802333617025130E-004 -3.516135902226912E-004 
 4.802333617025130E-004 -4.098722040234010E-004 -3.516135902226904E-004 
-4.835921862756435E-004 -4.835921862756427E-004 -3.163309592586760E-004
      </IFC>
    </s_s1_m1_m2_m3.1.1.1.3.2>
    <s_s1_m1_m2_m3.1.1.2.3.2>
      <IFC type="real" size="9" columns="3">
-3.163309592586830E-004 -4.835921862756436E-004 -4.835921862756415E-004 
-3.516135902226917E-004 -4.098722040234148E-004  4.802333617025101E-004 
-3.516135902226893E-004  4.802333617025102E-004 -4.098722040234148E-004
      </IFC>
    </s_s1_m1_m2_m3.1.1.2.3.2>
    <s_s1_m1_m2_m3.1.1.3.3.2>
      <IFC type="real" size="9" columns="3">
-4.784308653587102E-004 -9.935591575282261E-005 -8.051230118795146E-005 
-9.935591575282261E-005 -4.784308653587119E-004  8.051230118795381E-005 
 8.051230118795064E-005 -8.051230118794828E-005 -3.713358307355710E-004
      </IFC>
    </s_s1_m1_m2_m3.1.1.3.3.2>
    <s_s1_m1_m2_m3.1.1.4.3.2>
      <IFC type="real" size="9" columns="3">
-3.713358307355693E-004 -8.051230118794777E-005  8.051230118795108E-005 
 8.051230118795417E-005 -4.784308653587172E-004 -9.935591575282120E-005 
-8.051230118795097E-005 -9.935591575282137E-005 -4.784308653587137E-004
      </IFC>
    </s_s1_m1_m2_m3.1.1.4.3.2>
    <s_s1_m1_m2_m3.1.1.1.4.2>
      <IFC type="real" size="9" columns="3">
-3.609974066282731E-003  1.853072854698302E-003 -4.345104818335893E-003 
-1.853072854698316E-003  1.047159171016132E-002 -1.853072854698304E-003 
-4.345104818335893E-003  1.853072854698314E-003 -3.609974066282735E-003
      </IFC>
    </s_s1_m1_m2_m3.1.1.1.4.2>
    <s_s1_m1_m2_m3.1.1.2.4.2>
      <IFC type="real" size="9" columns="3">
-4.084181659010453E-004  2.168404344971009E-019  2.168404344971009E-019 
 2.168404344971009E-019 -4.049033232260552E-004  7.047314121155779E-019 
 1.626303258728257E-019  7.047314121155779E-019 -4.049033232260630E-004
      </IFC>
    </s_s1_m1_m2_m3.1.1.2.4.2>
    <s_s1_m1_m2_m3.1.1.3.4.2>
      <IFC type="real" size="9" columns="3">
-4.784308653587085E-004  8.051230118795417E-005  9.935591575282557E-005 
-8.051230118794788E-005 -3.713358307355641E-004 -8.051230118795384E-005 
 9.935591575282551E-005  8.051230118794820E-005 -4.784308653587137E-004
      </IFC>
    </s_s1_m1_m2_m3.1.1.3.4.2>
    <s_s1_m1_m2_m3.1.1.4.4.2>
      <IFC type="real" size="9" columns="3">
-4.049033232260586E-004 -3.198396408832238E-018  1.057097118173367E-018 
-3.089976191583688E-018 -4.049033232260552E-004 -3.550762114890027E-018 
 1.057097118173367E-018 -3.496552006265752E-018 -4.084181659010444E-004
      </IFC>
    </s_s1_m1_m2_m3.1.1.4.4.2>
    <s_s1_m1_m2_m3.1.1.1.1.3>
      <IFC type="real" size="9" columns="3">
-2.676879766772000E-005  5.321289454339672E-004 -9.812029660993815E-018 
 5.321289454339672E-004 -2.676879766772000E-005  1.843143693225358E-018 
-9.812029660993815E-018  1.843143693225358E-018  4.075963210493055E-003
      </IFC>
    </s_s1_m1_m2_m3.1.1.1.1.3>
    <s_s1_m1_m2_m3.1.1.2.1.3>
      <IFC type="real" size="9" columns="3">
-4.098722040234079E-004  3.516135902226901E-004  4.802333617025128E-004 
 4.835921862756422E-004 -3.163309592586743E-004  4.835921862756404E-004 
 4.802333617025135E-004  3.516135902226884E-004 -4.098722040234166E-004
      </IFC>
    </s_s1_m1_m2_m3.1.1.2.1.3>
    <s_s1_m1_m2_m3.1.1.3.1.3>
      <IFC type="real" size="9" columns="3">
 4.075963210493042E-003  2.873135757086587E-018  1.626303258728257E-019 
 2.873135757086587E-018 -2.676879766770612E-005  5.321289454339646E-004 
 1.626303258728257E-019  5.321289454339646E-004 -2.676879766771480E-005
      </IFC>
    </s_s1_m1_m2_m3.1.1.3.1.3>
    <s_s1_m1_m2_m3.1.1.4.1.3>
      <IFC type="real" size="9" columns="3">
-4.098722040234079E-004  4.835921862756422E-004  4.802333617025135E-004 
 3.516135902226901E-004 -3.163309592586743E-004  3.516135902226884E-004 
 4.802333617025128E-004  4.835921862756404E-004 -4.098722040234166E-004
      </IFC>
    </s_s1_m1_m2_m3.1.1.4.1.3>
    <s_s1_m1_m2_m3.1.1.1.2.3>
      <IFC type="real" size="9" columns="3">
-3.163309592586795E-004  4.835921862756417E-004 -4.835921862756396E-004 
 3.516135902226897E-004 -4.098722040234044E-004 -4.802333617025089E-004 
-3.516135902226872E-004 -4.802333617025089E-004 -4.098722040234183E-004
      </IFC>
    </s_s1_m1_m2_m3.1.1.1.2.3>
    <s_s1_m1_m2_m3.1.1.2.2.3>
      <IFC type="real" size="9" columns="3">
-4.098722040234131E-004 -4.802333617025110E-004 -3.516135902226886E-004 
-4.802333617025109E-004 -4.098722040234148E-004  3.516135902226888E-004 
-4.835921862756409E-004  4.835921862756409E-004 -3.163309592586769E-004
      </IFC>
    </s_s1_m1_m2_m3.1.1.2.2.3>
    <s_s1_m1_m2_m3.1.1.3.2.3>
      <IFC type="real" size="9" columns="3">
-3.713358307355901E-004  8.051230118794696E-005  8.051230118795045E-005 
-8.051230118795509E-005 -4.784308653587189E-004  9.935591575282343E-005 
-8.051230118795167E-005  9.935591575282343E-005 -4.784308653587189E-004
      </IFC>
    </s_s1_m1_m2_m3.1.1.3.2.3>
    <s_s1_m1_m2_m3.1.1.4.2.3>
      <IFC type="real" size="9" columns="3">
-4.784308653587154E-004  9.935591575282229E-005 -8.051230118794950E-005 
 9.935591575282229E-005 -4.784308653587172E-004 -8.051230118795341E-005 
 8.051230118795265E-005  8.051230118794864E-005 -3.713358307355615E-004
      </IFC>
    </s_s1_m1_m2_m3.1.1.4.2.3>
    <s_s1_m1_m2_m3.1.1.1.3.3>
      <IFC type="real" size="9" columns="3">
-2.676879766769225E-005  4.878909776184770E-019 -5.321289454339581E-004 
 4.878909776184770E-019  4.075963210493055E-003  3.252606517456513E-018 
-5.321289454339581E-004  3.252606517456513E-018 -2.676879766772000E-005
      </IFC>
    </s_s1_m1_m2_m3.1.1.1.3.3>
    <s_s1_m1_m2_m3.1.1.2.3.3>
      <IFC type="real" size="9" columns="3">
-4.784308653587137E-004 -8.051230118795276E-005 -9.935591575282657E-005 
 8.051230118794918E-005 -3.713358307355745E-004 -8.051230118794907E-005 
-9.935591575282641E-005  8.051230118795292E-005 -4.784308653587189E-004
      </IFC>
    </s_s1_m1_m2_m3.1.1.2.3.3>
    <s_s1_m1_m2_m3.1.1.3.3.3>
      <IFC type="real" size="9" columns="3">
 1.555891908610815E-005  5.041540102057596E-018  1.463672932855431E-018 
 5.041540102057596E-018  1.555891908612203E-005 -4.391018798566293E-018 
 1.463672932855431E-018 -4.391018798566293E-018  1.555891908610295E-005
      </IFC>
    </s_s1_m1_m2_m3.1.1.3.3.3>
    <s_s1_m1_m2_m3.1.1.4.3.3>
      <IFC type="real" size="9" columns="3">
-4.784308653587137E-004  8.051230118794918E-005 -9.935591575282641E-005 
-8.051230118795276E-005 -3.713358307355745E-004  8.051230118795292E-005 
-9.935591575282657E-005 -8.051230118794907E-005 -4.784308653587189E-004
      </IFC>
    </s_s1_m1_m2_m3.1.1.4.3.3>
    <s_s1_m1_m2_m3.1.1.1.4.3>
      <IFC type="real" size="9" columns="3">
-3.163309592586795E-004  3.516135902226897E-004 -3.516135902226872E-004 
 4.835921862756417E-004 -4.098722040234044E-004 -4.802333617025089E-004 
-4.835921862756396E-004 -4.802333617025089E-004 -4.098722040234183E-004
      </IFC>
    </s_s1_m1_m2_m3.1.1.1.4.3>
    <s_s1_m1_m2_m3.1.1.2.4.3>
      <IFC type="real" size="9" columns="3">
-4.784308653587154E-004  9.935591575282229E-005  8.051230118795265E-005 
 9.935591575282229E-005 -4.784308653587172E-004  8.051230118794864E-005 
-8.051230118794950E-005 -8.051230118795341E-005 -3.713358307355615E-004
      </IFC>
    </s_s1_m1_m2_m3.1.1.2.4.3>
    <s_s1_m1_m2_m3.1.1.3.4.3>
      <IFC type="real" size="9" columns="3">
-3.713358307355901E-004 -8.051230118795509E-005 -8.051230118795167E-005 
 8.051230118794696E-005 -4.784308653587189E-004  9.935591575282343E-005 
 8.051230118795045E-005  9.935591575282343E-005 -4.784308653587189E-004
      </IFC>
    </s_s1_m1_m2_m3.1.1.3.4.3>
    <s_s1_m1_m2_m3.1.1.4.4.3>
      <IFC type="real" size="9" columns="3">
-4.098722040234131E-004 -4.802333617025109E-004 -4.835921862756409E-004 
-4.802333617025110E-004 -4.098722040234148E-004  4.835921862756409E-004 
-3.516135902226886E-004  3.516135902226888E-004 -3.163309592586769E-004
      </IFC>
    </s_s1_m1_m2_m3.1.1.4.4.3>
    <s_s1_m1_m2_m3.1.1.1.1.4>
      <IFC type="real" size="9" columns="3">
-3.609974066282717E-003  4.345104818335895E-003  1.853072854698314E-003 
 4.345104818335895E-003 -3.609974066282731E-003 -1.853072854698312E-003 
-1.853072854698304E-003  1.853072854698306E-003  1.047159171016132E-002
      </IFC>
    </s_s1_m1_m2_m3.1.1.1.1.4>
    <s_s1_m1_m2_m3.1.1.2.1.4>
      <IFC type="real" size="9" columns="3">
 1.047159171016132E-002  1.853072854698303E-003 -1.853072854698313E-003 
-1.853072854698315E-003 -3.609974066282731E-003  4.345104818335895E-003 
 1.853072854698305E-003  4.345104818335895E-003 -3.609974066282738E-003
      </IFC>
    </s_s1_m1_m2_m3.1.1.2.1.4>
    <s_s1_m1_m2_m3.1.1.3.1.4>
      <IFC type="real" size="9" columns="3">
-4.098722040234044E-004  4.802333617025152E-004  4.835921862756394E-004 
 4.802333617025152E-004 -4.098722040234131E-004  4.835921862756404E-004 
 3.516135902226873E-004  3.516135902226883E-004 -3.163309592586795E-004
      </IFC>
    </s_s1_m1_m2_m3.1.1.3.1.4>
    <s_s1_m1_m2_m3.1.1.4.1.4>
      <IFC type="real" size="9" columns="3">
-3.163309592586760E-004  3.516135902226871E-004  3.516135902226853E-004 
 4.835921862756389E-004 -4.098722040234148E-004  4.802333617025104E-004 
 4.835921862756373E-004  4.802333617025100E-004 -4.098722040234183E-004
      </IFC>
    </s_s1_m1_m2_m3.1.1.4.1.4>
    <s_s1_m1_m2_m3.1.1.1.2.4>
      <IFC type="real" size="9" columns="3">
-3.609974066282731E-003 -1.853072854698316E-003 -4.345104818335893E-003 
 1.853072854698302E-003  1.047159171016132E-002  1.853072854698314E-003 
-4.345104818335893E-003 -1.853072854698304E-003 -3.609974066282735E-003
      </IFC>
    </s_s1_m1_m2_m3.1.1.1.2.4>
    <s_s1_m1_m2_m3.1.1.2.2.4>
      <IFC type="real" size="9" columns="3">
-4.049033232260586E-004 -3.089976191583688E-018  1.057097118173367E-018 
-3.198396408832238E-018 -4.049033232260552E-004 -3.496552006265752E-018 
 1.057097118173367E-018 -3.550762114890027E-018 -4.084181659010444E-004
      </IFC>
    </s_s1_m1_m2_m3.1.1.2.2.4>
    <s_s1_m1_m2_m3.1.1.3.2.4>
      <IFC type="real" size="9" columns="3">
-4.784308653587085E-004 -8.051230118794788E-005  9.935591575282551E-005 
 8.051230118795417E-005 -3.713358307355641E-004  8.051230118794820E-005 
 9.935591575282557E-005 -8.051230118795384E-005 -4.784308653587137E-004
      </IFC>
    </s_s1_m1_m2_m3.1.1.3.2.4>
    <s_s1_m1_m2_m3.1.1.4.2.4>
      <IFC type="real" size="9" columns="3">
-4.084181659010453E-004  2.168404344971009E-019  1.626303258728257E-019 
 2.168404344971009E-019 -4.049033232260552E-004  7.047314121155779E-019 
 2.168404344971009E-019  7.047314121155779E-019 -4.049033232260630E-004
      </IFC>
    </s_s1_m1_m2_m3.1.1.4.2.4>
    <s_s1_m1_m2_m3.1.1.1.3.4>
      <IFC type="real" size="9" columns="3">
-4.098722040234148E-004  4.802333617025130E-004 -4.835921862756435E-004 
 4.802333617025130E-004 -4.098722040234010E-004 -4.835921862756427E-004 
-3.516135902226912E-004 -3.516135902226904E-004 -3.163309592586760E-004
      </IFC>
    </s_s1_m1_m2_m3.1.1.1.3.4>
    <s_s1_m1_m2_m3.1.1.2.3.4>
      <IFC type="real" size="9" columns="3">
-3.713358307355693E-004  8.051230118795417E-005 -8.051230118795097E-005 
-8.051230118794777E-005 -4.784308653587172E-004 -9.935591575282137E-005 
 8.051230118795108E-005 -9.935591575282120E-005 -4.784308653587137E-004
      </IFC>
    </s_s1_m1_m2_m3.1.1.2.3.4>
    <s_s1_m1_m2_m3.1.1.3.3.4>
      <IFC type="real" size="9" columns="3">
-4.784308653587102E-004 -9.935591575282261E-005  8.051230118795064E-005 
-9.935591575282261E-005 -4.784308653587119E-004 -8.051230118794828E-005 
-8.051230118795146E-005  8.051230118795381E-005 -3.713358307355710E-004
      </IFC>
    </s_s1_m1_m2_m3.1.1.3.3.4>
    <s_s1_m1_m2_m3.1.1.4.3.4>
      <IFC type="real" size="9" columns="3">
-3.163309592586830E-004 -3.516135902226917E-004 -3.516135902226893E-004 
-4.835921862756436E-004 -4.098722040234148E-004  4.802333617025102E-004 
-4.835921862756415E-004  4.802333617025101E-004 -4.098722040234148E-004
      </IFC>
    </s_s1_m1_m2_m3.1.1.4.3.4>
    <s_s1_m1_m2_m3.1.1.1.4.4>
      <IFC type="real" size="9" columns="3">
-4.098722040234218E-004  4.835921862756383E-004 -4.802333617025094E-004 
 3.516135902226862E-004 -3.163309592586760E-004 -3.516135902226858E-004 
-4.802333617025094E-004 -4.835921862756381E-004 -4.098722040234183E-004
      </IFC>
    </s_s1_m1_m2_m3.1.1.1.4.4>
    <s_s1_m1_m2_m3.1.1.2.4.4>
      <IFC type="real" size="9" columns="3">
-4.049033232260552E-004 -1.084202172485504E-018  5.421010862427522E-019 
-1.084202172485504E-018 -4.084181659010418E-004 -5.421010862427522E-020 
 4.878909776184770E-019 -5.421010862427522E-020 -4.049033232260491E-004
      </IFC>
    </s_s1_m1_m2_m3.1.1.2.4.4>
    <s_s1_m1_m2_m3.1.1.3.4.4>
      <IFC type="real" size="9" columns="3">
-4.098722040234131E-004 -4.835921862756408E-004 -4.802333617025105E-004 
-3.516135902226887E-004 -3.163309592586760E-004  3.516135902226894E-004 
-4.802333617025105E-004  4.835921862756414E-004 -4.098722040234148E-004
      </IFC>
    </s_s1_m1_m2_m3.1.1.3.4.4>
    <s_s1_m1_m2_m3.1.1.4.4.4>
      <IFC type="real" size="9" columns="3">
-2.424634585933803E-005  7.047314121155779E-019 -2.087089182034596E-018 
 8.131516293641283E-019 -2.424634585933803E-005  6.776263578034403E-019 
-2.087089182034596E-018  7.318364664277155E-019 -2.424634585934064E-005
      </IFC>
    </s_s1_m1_m2_m3.1.1.4.4.4>
    <s_s1_m1_m2_m3.1.2.1.1.1>
      <IFC type="real" size="9" columns="3">
-6.908084252106078E-002 -4.389447559435366E-002 -4.389447559435367E-002 
-4.389447559435366E-002 -6.908084252106078E-002 -4.389447559435367E-002 
-4.389447559435367E-002 -4.389447559435367E-002 -6.908084252106080E-002
      </IFC>
    </s_s1_m1_m2_m3.1.2.1.1.1>
    <s_s1_m1_m2_m3.1.2.2.1.1>
      <IFC type="real" size="9" columns="3">
 3.965111538665396E-004  8.458500612745260E-004 -8.458500612745262E-004 
 8.458500612745260E-004  4.617506104327927E-004  3.915929432998259E-004 
-8.458500612745269E-004  3.915929432998255E-004  4.617506104327961E-004
      </IFC>
    </s_s1_m1_m2_m3.1.2.2.1.1>
    <s_s1_m1_m2_m3.1.2.3.1.1>
      <IFC type="real" size="9" columns="3">
 1.257081570500565E-005  3.574210759533041E-004  4.934293963165500E-006 
 3.574210759533056E-004 -2.857075679270024E-005  3.574210759533036E-004 
 4.934293963165500E-006  3.574210759533038E-004  1.257081570500251E-005
      </IFC>
    </s_s1_m1_m2_m3.1.2.3.1.1>
    <s_s1_m1_m2_m3.1.2.4.1.1>
      <IFC type="real" size="9" columns="3">
 4.617506104327977E-004  3.915929432998224E-004 -8.458500612745262E-004 
 3.915929432998224E-004  4.617506104327907E-004  8.458500612745273E-004 
-8.458500612745267E-004  8.458500612745265E-004  3.965111538665385E-004
      </IFC>
    </s_s1_m1_m2_m3.1.2.4.1.1>
    <s_s1_m1_m2_m3.1.2.1.2.1>
      <IFC type="real" size="9" columns="3">
-6.908084252106078E-002  4.389447559435367E-002  4.389447559435367E-002 
 4.389447559435367E-002 -6.908084252106078E-002 -4.389447559435367E-002 
 4.389447559435367E-002 -4.389447559435367E-002 -6.908084252106080E-002
      </IFC>
    </s_s1_m1_m2_m3.1.2.1.2.1>
    <s_s1_m1_m2_m3.1.2.2.2.1>
      <IFC type="real" size="9" columns="3">
-4.671538715011548E-004 -1.136669305166459E-003  5.815162531028054E-004 
-1.136669305166461E-003 -4.038387418504810E-003  1.136669305166464E-003 
 5.815162531028061E-004  1.136669305166464E-003 -4.671538715011483E-004
      </IFC>
    </s_s1_m1_m2_m3.1.2.2.2.1>
    <s_s1_m1_m2_m3.1.2.3.2.1>
      <IFC type="real" size="9" columns="3">
-4.671538715011466E-004  1.136669305166461E-003  5.815162531028102E-004 
 1.136669305166460E-003 -4.038387418504805E-003 -1.136669305166464E-003 
 5.815162531028103E-004 -1.136669305166464E-003 -4.671538715011496E-004
      </IFC>
    </s_s1_m1_m2_m3.1.2.3.2.1>
    <s_s1_m1_m2_m3.1.2.4.2.1>
      <IFC type="real" size="9" columns="3">
-6.908084252106080E-002 -4.389447559435366E-002  4.389447559435367E-002 
-4.389447559435367E-002 -6.908084252106080E-002  4.389447559435366E-002 
 4.389447559435367E-002  4.389447559435366E-002 -6.908084252106080E-002
      </IFC>
    </s_s1_m1_m2_m3.1.2.4.2.1>
    <s_s1_m1_m2_m3.1.2.1.3.1>
      <IFC type="real" size="9" columns="3">
-4.038387418504812E-003 -1.136669305166460E-003 -1.136669305166462E-003 
-1.136669305166460E-003 -4.671538715011470E-004 -5.815162531028050E-004 
-1.136669305166463E-003 -5.815162531028050E-004 -4.671538715011522E-004
      </IFC>
    </s_s1_m1_m2_m3.1.2.1.3.1>
    <s_s1_m1_m2_m3.1.2.2.3.1>
      <IFC type="real" size="9" columns="3">
 7.084757725338218E-004  8.433136652988683E-004 -8.433136652988759E-004 
 8.433136652988683E-004  7.084757725338240E-004  8.433136652988755E-004 
-8.433136652988766E-004  8.433136652988751E-004  7.084757725338214E-004
      </IFC>
    </s_s1_m1_m2_m3.1.2.2.3.1>
    <s_s1_m1_m2_m3.1.2.3.3.1>
      <IFC type="real" size="9" columns="3">
-4.671538715011500E-004 -5.815162531028052E-004 -1.136669305166461E-003 
-5.815162531028033E-004 -4.671538715011467E-004 -1.136669305166460E-003 
-1.136669305166461E-003 -1.136669305166460E-003 -4.038387418504817E-003
      </IFC>
    </s_s1_m1_m2_m3.1.2.3.3.1>
    <s_s1_m1_m2_m3.1.2.4.3.1>
      <IFC type="real" size="9" columns="3">
 4.617506104327922E-004  8.458500612745284E-004 -3.915929432998298E-004 
 8.458500612745284E-004  3.965111538665336E-004  8.458500612745278E-004 
-3.915929432998302E-004  8.458500612745269E-004  4.617506104327909E-004
      </IFC>
    </s_s1_m1_m2_m3.1.2.4.3.1>
    <s_s1_m1_m2_m3.1.2.1.4.1>
      <IFC type="real" size="9" columns="3">
-4.038387418504805E-003  1.136669305166460E-003  1.136669305166464E-003 
 1.136669305166461E-003 -4.671538715011551E-004 -5.815162531028044E-004 
 1.136669305166463E-003 -5.815162531028054E-004 -4.671538715011551E-004
      </IFC>
    </s_s1_m1_m2_m3.1.2.1.4.1>
    <s_s1_m1_m2_m3.1.2.2.4.1>
      <IFC type="real" size="9" columns="3">
-4.671538715011513E-004 -5.815162531028044E-004  1.136669305166462E-003 
-5.815162531028052E-004 -4.671538715011517E-004  1.136669305166460E-003 
 1.136669305166461E-003  1.136669305166461E-003 -4.038387418504813E-003
      </IFC>
    </s_s1_m1_m2_m3.1.2.2.4.1>
    <s_s1_m1_m2_m3.1.2.3.4.1>
      <IFC type="real" size="9" columns="3">
 1.257081570500750E-005 -4.934293963167777E-006 -3.574210759533035E-004 
-4.934293963167343E-006  1.257081570500685E-005  3.574210759533042E-004 
-3.574210759533044E-004  3.574210759533042E-004 -2.857075679269330E-005
      </IFC>
    </s_s1_m1_m2_m3.1.2.3.4.1>
    <s_s1_m1_m2_m3.1.2.4.4.1>
      <IFC type="real" size="9" columns="3">
-2.857075679270002E-005  3.574210759533080E-004 -3.574210759533071E-004 
 3.574210759533080E-004  1.257081570500175E-005 -4.934293963165283E-006 
-3.574210759533089E-004 -4.934293963164416E-006  1.257081570500349E-005
      </IFC>
    </s_s1_m1_m2_m3.1.2.4.4.1>
    <s_s1_m1_m2_m3.1.2.1.1.2>
      <IFC type="real" size="9" columns="3">
 3.965111538665397E-004 -8.458500612745249E-004  8.458500612745258E-004 
-8.458500612745249E-004  4.617506104327975E-004  3.915929432998259E-004 
 8.458500612745241E-004  3.915929432998259E-004  4.617506104327915E-004
      </IFC>
    </s_s1_m1_m2_m3.1.2.1.1.2>
    <s_s1_m1_m2_m3.1.2.2.1.2>
      <IFC type="real" size="9" columns="3">
 3.313298132334043E-004 -1.634372982823859E-004 -1.634372982823895E-004 
-1.634372982823857E-004  3.606164935552372E-004  1.315132961335787E-004 
-1.634372982823903E-004  1.315132961335783E-004  3.606164935552366E-004
      </IFC>
    </s_s1_m1_m2_m3.1.2.2.1.2>
    <s_s1_m1_m2_m3.1.2.3.1.2>
      <IFC type="real" size="9" columns="3">
 3.606164935552386E-004  1.315132961335790E-004 -1.634372982823858E-004 
 1.315132961335803E-004  3.606164935552386E-004 -1.634372982823875E-004 
-1.634372982823862E-004 -1.634372982823886E-004  3.313298132334129E-004
      </IFC>
    </s_s1_m1_m2_m3.1.2.3.1.2>
    <s_s1_m1_m2_m3.1.2.4.1.2>
      <IFC type="real" size="9" columns="3">
 4.617506104327922E-004  3.915929432998264E-004  8.458500612745269E-004 
 3.915929432998269E-004  4.617506104327925E-004 -8.458500612745227E-004 
 8.458500612745260E-004 -8.458500612745227E-004  3.965111538665339E-004
      </IFC>
    </s_s1_m1_m2_m3.1.2.4.1.2>
    <s_s1_m1_m2_m3.1.2.1.2.2>
      <IFC type="real" size="9" columns="3">
-4.671538715011470E-004  5.815162531028067E-004 -1.136669305166461E-003 
 5.815162531028067E-004 -4.671538715011470E-004  1.136669305166465E-003 
-1.136669305166461E-003  1.136669305166465E-003 -4.038387418504819E-003
      </IFC>
    </s_s1_m1_m2_m3.1.2.1.2.2>
    <s_s1_m1_m2_m3.1.2.2.2.2>
      <IFC type="real" size="9" columns="3">
 7.084757725338217E-004 -8.433136652988732E-004 -8.433136652988731E-004 
-8.433136652988726E-004  7.084757725338254E-004 -8.433136652988728E-004 
-8.433136652988731E-004 -8.433136652988730E-004  7.084757725338242E-004
      </IFC>
    </s_s1_m1_m2_m3.1.2.2.2.2>
    <s_s1_m1_m2_m3.1.2.3.2.2>
      <IFC type="real" size="9" columns="3">
-4.038387418504813E-003  1.136669305166461E-003 -1.136669305166458E-003 
 1.136669305166461E-003 -4.671538715011481E-004  5.815162531028070E-004 
-1.136669305166458E-003  5.815162531028044E-004 -4.671538715011534E-004
      </IFC>
    </s_s1_m1_m2_m3.1.2.3.2.2>
    <s_s1_m1_m2_m3.1.2.4.2.2>
      <IFC type="real" size="9" columns="3">
 4.617506104327941E-004 -8.458500612745270E-004 -3.915929432998246E-004 
-8.458500612745253E-004  3.965111538665400E-004 -8.458500612745283E-004 
-3.915929432998246E-004 -8.458500612745266E-004  4.617506104327929E-004
      </IFC>
    </s_s1_m1_m2_m3.1.2.4.2.2>
    <s_s1_m1_m2_m3.1.2.1.3.2>
      <IFC type="real" size="9" columns="3">
 7.084757725338217E-004 -8.433136652988742E-004  8.433136652988673E-004 
-8.433136652988742E-004  7.084757725338226E-004  8.433136652988742E-004 
 8.433136652988664E-004  8.433136652988742E-004  7.084757725338217E-004
      </IFC>
    </s_s1_m1_m2_m3.1.2.1.3.2>
    <s_s1_m1_m2_m3.1.2.2.3.2>
      <IFC type="real" size="9" columns="3">
 7.084757725338251E-004  8.433136652988726E-004  8.433136652988731E-004 
 8.433136652988732E-004  7.084757725338249E-004 -8.433136652988721E-004 
 8.433136652988718E-004 -8.433136652988726E-004  7.084757725338269E-004
      </IFC>
    </s_s1_m1_m2_m3.1.2.2.3.2>
    <s_s1_m1_m2_m3.1.2.3.3.2>
      <IFC type="real" size="9" columns="3">
 3.606164935552421E-004  1.634372982823853E-004 -1.315132961335790E-004 
 1.634372982823866E-004  3.313298132334112E-004 -1.634372982823884E-004 
-1.315132961335794E-004 -1.634372982823895E-004  3.606164935552360E-004
      </IFC>
    </s_s1_m1_m2_m3.1.2.3.3.2>
    <s_s1_m1_m2_m3.1.2.4.3.2>
      <IFC type="real" size="9" columns="3">
 3.606164935552335E-004 -1.634372982823837E-004 -1.315132961335801E-004 
-1.634372982823841E-004  3.313298132334076E-004  1.634372982823852E-004 
-1.315132961335801E-004  1.634372982823852E-004  3.606164935552377E-004
      </IFC>
    </s_s1_m1_m2_m3.1.2.4.3.2>
    <s_s1_m1_m2_m3.1.2.1.4.2>
      <IFC type="real" size="9" columns="3">
-4.671538715011468E-004  1.136669305166463E-003 -5.815162531028038E-004 
 1.136669305166462E-003 -4.038387418504812E-003  1.136669305166460E-003 
-5.815162531028048E-004  1.136669305166459E-003 -4.671538715011510E-004
      </IFC>
    </s_s1_m1_m2_m3.1.2.1.4.2>
    <s_s1_m1_m2_m3.1.2.2.4.2>
      <IFC type="real" size="9" columns="3">
 3.313298132334129E-004  1.634372982823887E-004  1.634372982823908E-004 
 1.634372982823898E-004  3.606164935552384E-004  1.315132961335798E-004 
 1.634372982823895E-004  1.315132961335800E-004  3.606164935552415E-004
      </IFC>
    </s_s1_m1_m2_m3.1.2.2.4.2>
    <s_s1_m1_m2_m3.1.2.3.4.2>
      <IFC type="real" size="9" columns="3">
 5.887402306731341E-004 -1.895559772209999E-004  1.895559772210032E-004 
-1.895559772210001E-004  5.887402306731310E-004 -1.895559772209985E-004 
 1.895559772210018E-004 -1.895559772210006E-004  5.887402306731319E-004
      </IFC>
    </s_s1_m1_m2_m3.1.2.3.4.2>
    <s_s1_m1_m2_m3.1.2.4.4.2>
      <IFC type="real" size="9" columns="3">
 3.606164935552386E-004  1.315132961335785E-004  1.634372982823897E-004 
 1.315132961335802E-004  3.606164935552349E-004  1.634372982823870E-004 
 1.634372982823879E-004  1.634372982823878E-004  3.313298132334121E-004
      </IFC>
    </s_s1_m1_m2_m3.1.2.4.4.2>
    <s_s1_m1_m2_m3.1.2.1.1.3>
      <IFC type="real" size="9" columns="3">
 1.257081570499308E-005  4.934293963164416E-006  3.574210759533097E-004 
 4.934293963164416E-006  1.257081570499308E-005  3.574210759533063E-004 
 3.574210759533063E-004  3.574210759533063E-004 -2.857075679270349E-005
      </IFC>
    </s_s1_m1_m2_m3.1.2.1.1.3>
    <s_s1_m1_m2_m3.1.2.2.1.3>
      <IFC type="real" size="9" columns="3">
 3.606164935552341E-004 -1.634372982823823E-004  1.315132961335781E-004 
-1.634372982823823E-004  3.313298132334093E-004 -1.634372982823856E-004 
 1.315132961335775E-004 -1.634372982823860E-004  3.606164935552376E-004
      </IFC>
    </s_s1_m1_m2_m3.1.2.2.1.3>
    <s_s1_m1_m2_m3.1.2.3.1.3>
      <IFC type="real" size="9" columns="3">
-2.857075679270392E-005  3.574210759533045E-004  3.574210759533065E-004 
 3.574210759533065E-004  1.257081570499937E-005  4.934293963166259E-006 
 3.574210759533065E-004  4.934293963166476E-006  1.257081570499579E-005
      </IFC>
    </s_s1_m1_m2_m3.1.2.3.1.3>
    <s_s1_m1_m2_m3.1.2.4.1.3>
      <IFC type="real" size="9" columns="3">
 3.176242088900701E-004 -1.633451478203879E-004  1.633451478203934E-004 
-1.633451478203879E-004  3.176242088900706E-004 -1.633451478203890E-004 
 1.633451478203929E-004 -1.633451478203899E-004  3.176242088900658E-004
      </IFC>
    </s_s1_m1_m2_m3.1.2.4.1.3>
    <s_s1_m1_m2_m3.1.2.1.2.3>
      <IFC type="real" size="9" columns="3">
-4.671538715011470E-004  5.815162531028102E-004  1.136669305166465E-003 
 5.815162531028102E-004 -4.671538715011470E-004 -1.136669305166465E-003 
 1.136669305166465E-003 -1.136669305166465E-003 -4.038387418504805E-003
      </IFC>
    </s_s1_m1_m2_m3.1.2.1.2.3>
    <s_s1_m1_m2_m3.1.2.2.2.3>
      <IFC type="real" size="9" columns="3">
-4.038387418504811E-003 -1.136669305166462E-003  1.136669305166464E-003 
-1.136669305166463E-003 -4.671538715011552E-004  5.815162531028059E-004 
 1.136669305166464E-003  5.815162531028065E-004 -4.671538715011474E-004
      </IFC>
    </s_s1_m1_m2_m3.1.2.2.2.3>
    <s_s1_m1_m2_m3.1.2.3.2.3>
      <IFC type="real" size="9" columns="3">
-2.857075679269189E-005 -3.574210759533042E-004 -3.574210759533013E-004 
-3.574210759533046E-004  1.257081570501216E-005  4.934293963165608E-006 
-3.574210759533012E-004  4.934293963165175E-006  1.257081570501064E-005
      </IFC>
    </s_s1_m1_m2_m3.1.2.3.2.3>
    <s_s1_m1_m2_m3.1.2.4.2.3>
      <IFC type="real" size="9" columns="3">
 1.257081570500695E-005  4.934293963164416E-006 -3.574210759533063E-004 
 4.934293963160946E-006  1.257081570500695E-005 -3.574210759533028E-004 
-3.574210759533063E-004 -3.574210759533028E-004 -2.857075679270349E-005
      </IFC>
    </s_s1_m1_m2_m3.1.2.4.2.3>
    <s_s1_m1_m2_m3.1.2.1.3.3>
      <IFC type="real" size="9" columns="3">
-4.671538715011470E-004 -1.136669305166463E-003 -5.815162531028041E-004 
-1.136669305166463E-003 -4.038387418504812E-003 -1.136669305166456E-003 
-5.815162531028050E-004 -1.136669305166456E-003 -4.671538715011418E-004
      </IFC>
    </s_s1_m1_m2_m3.1.2.1.3.3>
    <s_s1_m1_m2_m3.1.2.2.3.3>
      <IFC type="real" size="9" columns="3">
 3.606164935552413E-004 -1.315132961335751E-004  1.634372982823888E-004 
-1.315132961335751E-004  3.606164935552396E-004 -1.634372982823869E-004 
 1.634372982823882E-004 -1.634372982823873E-004  3.313298132334104E-004
      </IFC>
    </s_s1_m1_m2_m3.1.2.2.3.3>
    <s_s1_m1_m2_m3.1.2.3.3.3>
      <IFC type="real" size="9" columns="3">
 5.887402306731389E-004  1.895559772210028E-004  1.895559772210052E-004 
 1.895559772210043E-004  5.887402306731331E-004  1.895559772210031E-004 
 1.895559772210052E-004  1.895559772210033E-004  5.887402306731337E-004
      </IFC>
    </s_s1_m1_m2_m3.1.2.3.3.3>
    <s_s1_m1_m2_m3.1.2.4.3.3>
      <IFC type="real" size="9" columns="3">
 3.313298132334137E-004 -1.634372982823808E-004  1.634372982823875E-004 
-1.634372982823808E-004  3.606164935552363E-004 -1.315132961335751E-004 
 1.634372982823871E-004 -1.315132961335760E-004  3.606164935552428E-004
      </IFC>
    </s_s1_m1_m2_m3.1.2.4.3.3>
    <s_s1_m1_m2_m3.1.2.1.4.3>
      <IFC type="real" size="9" columns="3">
 1.257081570500695E-005 -3.574210759533041E-004 -4.934293963167560E-006 
-3.574210759533037E-004 -2.857075679269427E-005  3.574210759533069E-004 
-4.934293963168536E-006  3.574210759533058E-004  1.257081570500229E-005
      </IFC>
    </s_s1_m1_m2_m3.1.2.1.4.3>
    <s_s1_m1_m2_m3.1.2.2.4.3>
      <IFC type="real" size="9" columns="3">
 5.887402306731350E-004  1.895559772210011E-004 -1.895559772209987E-004 
 1.895559772209998E-004  5.887402306731320E-004 -1.895559772209974E-004 
-1.895559772209993E-004 -1.895559772209963E-004  5.887402306731303E-004
      </IFC>
    </s_s1_m1_m2_m3.1.2.2.4.3>
    <s_s1_m1_m2_m3.1.2.3.4.3>
