<?xml version="1.0"?>
<?iotk version="1.2.0"?>
<?iotk file_version="1.0"?>
<?iotk binary="F"?>
<?iotk qe_syntax="F"?>
<Root>
  <GEOMETRY_INFO>
    <NUMBER_OF_TYPES type="integer" size="1">
         1
    </NUMBER_OF_TYPES>
    <NUMBER_OF_ATOMS type="integer" size="1">
         2
    </NUMBER_OF_ATOMS>
    <BRAVAIS_LATTICE_INDEX type="integer" size="1">
         0
    </BRAVAIS_LATTICE_INDEX>
    <SPIN_COMPONENTS type="integer" size="1">
         1
    </SPIN_COMPONENTS>
    <CELL_DIMENSIONS type="real" size="6">
 1.025000000000000E+001
 0.000000000000000E+000
 0.000000000000000E+000
 0.000000000000000E+000
 0.000000000000000E+000
 0.000000000000000E+000
    </CELL_DIMENSIONS>
    <AT type="real" size="9" columns="3">
-5.000000000000000E-001  0.000000000000000E+000  5.000000000000000E-001 
 0.000000000000000E+000  5.000000000000000E-001  5.000000000000000E-001 
-5.000000000000000E-001  5.000000000000000E-001  0.000000000000000E+000
    </AT>
    <BG type="real" size="9" columns="3">
-1.000000000000000E+000 -1.000000000000000E+000  1.000000000000000E+000 
 1.000000000000000E+000  1.000000000000000E+000  1.000000000000000E+000 
-1.000000000000000E+000  1.000000000000000E+000 -1.000000000000000E+000
    </BG>
    <UNIT_CELL_VOLUME_AU type="real" size="1">
 2.692226562500000E+002
    </UNIT_CELL_VOLUME_AU>
    <TYPE_NAME.1 type="character" size="1" len="3">
Si 
    </TYPE_NAME.1>
    <MASS.1 type="real" size="1">
 2.808600000000000E+001
    </MASS.1>
    <ATOM.1 SPECIES="Si " INDEX="1" TAU="0.000000000000000E+000 0.000000000000000E+000 0.000000000000000E+000"/>
    <ATOM.2 SPECIES="Si " INDEX="1" TAU="2.500000000000000E-001 2.500000000000000E-001 2.500000000000000E-001"/>
    <NUMBER_OF_Q type="integer" size="1">
         6
    </NUMBER_OF_Q>
  </GEOMETRY_INFO>
  <DIELECTRIC_PROPERTIES>
    <EPSILON type="real" size="9" columns="3">
 2.284024692039910E+001  8.881784197001252E-015  0.000000000000000E+000 
 8.881784197001252E-015  2.284024692039910E+001 -1.776356839400250E-015 
-1.776356839400250E-015 -1.776356839400250E-015  2.284024692039910E+001
    </EPSILON>
    <ZSTAR>
      <Z_AT_.1 type="real" size="9" columns="3">
-2.442490654175344E-015 -8.881784197001250E-016 -1.332267629550188E-015 
-1.110223024625157E-015 -3.108624468950438E-015  1.110223024625157E-015 
-8.881784197001252E-016  1.332267629550188E-015 -3.108624468950438E-015
      </Z_AT_.1>
      <Z_AT_.2 type="real" size="9" columns="3">
 2.442490654175344E-015  8.881784197001248E-016  1.332267629550188E-015 
 1.110223024625156E-015  2.886579864025407E-015 -1.110223024625157E-015 
 8.881784197001252E-016 -1.332267629550188E-015  2.886579864025407E-015
      </Z_AT_.2>
    </ZSTAR>
  </DIELECTRIC_PROPERTIES>
  <INTERATOMIC_FORCE_CONSTANTS>
    <MESH_NQ1_NQ2_NQ3 type="integer" size="3" columns="3">
         4          4          4
    </MESH_NQ1_NQ2_NQ3>
    <s_s1_m1_m2_m3.1.1.1.1.1>
      <IFC type="real" size="9" columns="3">
 2.681509550878505E-001 -3.469446951953614E-018 -5.827586677109586E-018 
-3.469446951953614E-018  2.681509550878505E-001  1.138412281109780E-018 
-5.827586677109586E-018  1.138412281109780E-018  2.681509550878504E-001
      </IFC>
    </s_s1_m1_m2_m3.1.1.1.1.1>
    <s_s1_m1_m2_m3.1.1.2.1.1>
      <IFC type="real" size="9" columns="3">
-3.482255629798423E-003 -1.831362276566896E-003  4.197141415067425E-003 
 1.831362276566898E-003  1.036587643553999E-002 -1.831362276566898E-003 
 4.197141415067425E-003  1.831362276566896E-003 -3.482255629798424E-003
      </IFC>
    </s_s1_m1_m2_m3.1.1.2.1.1>
    <s_s1_m1_m2_m3.1.1.3.1.1>
      <IFC type="real" size="9" columns="3">
-2.132809906176501E-005 -2.927345865710862E-018  5.461851703852676E-004 
-2.927345865710862E-018  4.054005235182661E-003  4.336808689942018E-019 
 5.461851703852676E-004  4.336808689942018E-019 -2.132809906176501E-005
      </IFC>
    </s_s1_m1_m2_m3.1.1.3.1.1>
    <s_s1_m1_m2_m3.1.1.4.1.1>
      <IFC type="real" size="9" columns="3">
-3.482255629798423E-003  1.831362276566898E-003  4.197141415067425E-003 
-1.831362276566896E-003  1.036587643553999E-002  1.831362276566896E-003 
 4.197141415067425E-003 -1.831362276566898E-003 -3.482255629798424E-003
      </IFC>
    </s_s1_m1_m2_m3.1.1.4.1.1>
    <s_s1_m1_m2_m3.1.1.1.2.1>
      <IFC type="real" size="9" columns="3">
 1.036587643554000E-002  1.831362276566898E-003  1.831362276566901E-003 
-1.831362276566895E-003 -3.482255629798418E-003 -4.197141415067423E-003 
-1.831362276566892E-003 -4.197141415067423E-003 -3.482255629798415E-003
      </IFC>
    </s_s1_m1_m2_m3.1.1.1.2.1>
    <s_s1_m1_m2_m3.1.1.2.2.1>
      <IFC type="real" size="9" columns="3">
-3.988373379834173E-004 -4.888382382436279E-004  3.568716859752380E-004 
-4.888382382436277E-004 -3.988373379834203E-004 -3.568716859752360E-004 
 4.799695164712695E-004 -4.799695164712675E-004 -3.109248566733787E-004
      </IFC>
    </s_s1_m1_m2_m3.1.1.2.2.1>
    <s_s1_m1_m2_m3.1.1.3.2.1>
      <IFC type="real" size="9" columns="3">
-3.109248566733735E-004 -4.799695164712642E-004  4.799695164712702E-004 
-3.568716859752325E-004 -3.988373379834199E-004 -4.888382382436229E-004 
 3.568716859752385E-004 -4.888382382436229E-004 -3.988373379834199E-004
      </IFC>
    </s_s1_m1_m2_m3.1.1.3.2.1>
    <s_s1_m1_m2_m3.1.1.4.2.1>
      <IFC type="real" size="9" columns="3">
-3.482255629798424E-003 -4.197141415067426E-003 -1.831362276566898E-003 
-4.197141415067426E-003 -3.482255629798427E-003 -1.831362276566892E-003 
 1.831362276566896E-003  1.831362276566901E-003  1.036587643554000E-002
      </IFC>
    </s_s1_m1_m2_m3.1.1.4.2.1>
    <s_s1_m1_m2_m3.1.1.1.3.1>
      <IFC type="real" size="9" columns="3">
 4.054005235182657E-003 -1.897353801849633E-018 -4.607859233063394E-018 
-1.897353801849633E-018 -2.132809906178756E-005 -5.461851703852701E-004 
-4.607859233063394E-018 -5.461851703852701E-004 -2.132809906178063E-005
      </IFC>
    </s_s1_m1_m2_m3.1.1.1.3.1>
    <s_s1_m1_m2_m3.1.1.2.3.1>
      <IFC type="real" size="9" columns="3">
-3.988373379834190E-004 -3.568716859752332E-004  4.888382382436211E-004 
-4.799695164712646E-004 -3.109248566733756E-004 -4.799695164712700E-004 
 4.888382382436209E-004 -3.568716859752385E-004 -3.988373379834199E-004
      </IFC>
    </s_s1_m1_m2_m3.1.1.2.3.1>
    <s_s1_m1_m2_m3.1.1.3.3.1>
      <IFC type="real" size="9" columns="3">
-2.132809906176501E-005 -5.461851703852689E-004  1.897353801849633E-019 
-5.461851703852689E-004 -2.132809906177369E-005 -3.035766082959412E-018 
 1.897353801849633E-019 -3.035766082959412E-018  4.054005235182652E-003
      </IFC>
    </s_s1_m1_m2_m3.1.1.3.3.1>
    <s_s1_m1_m2_m3.1.1.4.3.1>
      <IFC type="real" size="9" columns="3">
-3.988373379834190E-004 -4.799695164712646E-004  4.888382382436209E-004 
-3.568716859752332E-004 -3.109248566733756E-004 -3.568716859752385E-004 
 4.888382382436211E-004 -4.799695164712700E-004 -3.988373379834199E-004
      </IFC>
    </s_s1_m1_m2_m3.1.1.4.3.1>
    <s_s1_m1_m2_m3.1.1.1.4.1>
      <IFC type="real" size="9" columns="3">
 1.036587643554000E-002 -1.831362276566895E-003 -1.831362276566892E-003 
 1.831362276566898E-003 -3.482255629798418E-003 -4.197141415067423E-003 
 1.831362276566901E-003 -4.197141415067423E-003 -3.482255629798415E-003
      </IFC>
    </s_s1_m1_m2_m3.1.1.1.4.1>
    <s_s1_m1_m2_m3.1.1.2.4.1>
      <IFC type="real" size="9" columns="3">
-3.482255629798424E-003 -4.197141415067426E-003  1.831362276566896E-003 
-4.197141415067426E-003 -3.482255629798427E-003  1.831362276566901E-003 
-1.831362276566898E-003 -1.831362276566892E-003  1.036587643554000E-002
      </IFC>
    </s_s1_m1_m2_m3.1.1.2.4.1>
    <s_s1_m1_m2_m3.1.1.3.4.1>
      <IFC type="real" size="9" columns="3">
-3.109248566733735E-004 -3.568716859752325E-004  3.568716859752385E-004 
-4.799695164712642E-004 -3.988373379834199E-004 -4.888382382436229E-004 
 4.799695164712702E-004 -4.888382382436229E-004 -3.988373379834199E-004
      </IFC>
    </s_s1_m1_m2_m3.1.1.3.4.1>
    <s_s1_m1_m2_m3.1.1.4.4.1>
      <IFC type="real" size="9" columns="3">
-3.988373379834173E-004 -4.888382382436277E-004  4.799695164712695E-004 
-4.888382382436279E-004 -3.988373379834203E-004 -4.799695164712675E-004 
 3.568716859752380E-004 -3.568716859752360E-004 -3.109248566733787E-004
      </IFC>
    </s_s1_m1_m2_m3.1.1.4.4.1>
    <s_s1_m1_m2_m3.1.1.1.1.2>
      <IFC type="real" size="9" columns="3">
-3.482255629798425E-003  4.197141415067425E-003 -1.831362276566897E-003 
 4.197141415067425E-003 -3.482255629798425E-003  1.831362276566895E-003 
 1.831362276566897E-003 -1.831362276566899E-003  1.036587643553999E-002
      </IFC>
    </s_s1_m1_m2_m3.1.1.1.1.2>
    <s_s1_m1_m2_m3.1.1.2.1.2>
      <IFC type="real" size="9" columns="3">
-3.109248566733778E-004  4.799695164712717E-004  4.799695164712660E-004 
 3.568716859752401E-004 -3.988373379834177E-004  4.888382382436237E-004 
 3.568716859752348E-004  4.888382382436237E-004 -3.988373379834199E-004
      </IFC>
    </s_s1_m1_m2_m3.1.1.2.1.2>
    <s_s1_m1_m2_m3.1.1.3.1.2>
      <IFC type="real" size="9" columns="3">
-3.988373379834251E-004  4.888382382436224E-004  3.568716859752385E-004 
 4.888382382436224E-004 -3.988373379834233E-004  3.568716859752330E-004 
 4.799695164712702E-004  4.799695164712646E-004 -3.109248566733787E-004
      </IFC>
    </s_s1_m1_m2_m3.1.1.3.1.2>
    <s_s1_m1_m2_m3.1.1.4.1.2>
      <IFC type="real" size="9" columns="3">
 1.036587643553999E-002 -1.831362276566902E-003  1.831362276566894E-003 
 1.831362276566892E-003 -3.482255629798425E-003  4.197141415067425E-003 
-1.831362276566899E-003  4.197141415067425E-003 -3.482255629798427E-003
      </IFC>
    </s_s1_m1_m2_m3.1.1.4.1.2>
    <s_s1_m1_m2_m3.1.1.1.2.2>
      <IFC type="real" size="9" columns="3">
-3.988373379834285E-004  3.568716859752390E-004 -4.888382382436257E-004 
 4.799695164712706E-004 -3.109248566733752E-004 -4.799695164712681E-004 
-4.888382382436261E-004 -3.568716859752367E-004 -3.988373379834251E-004
      </IFC>
    </s_s1_m1_m2_m3.1.1.1.2.2>
    <s_s1_m1_m2_m3.1.1.2.2.2>
      <IFC type="real" size="9" columns="3">
-2.296675744678251E-005 -7.047314121155779E-019 -1.490777987167569E-018 
-7.047314121155779E-019 -2.296675744678294E-005  5.421010862427522E-019 
-1.436567878543293E-018  6.234162491791650E-019 -2.296675744679552E-005
      </IFC>
    </s_s1_m1_m2_m3.1.1.2.2.2>
    <s_s1_m1_m2_m3.1.1.3.2.2>
      <IFC type="real" size="9" columns="3">
-3.988373379834251E-004 -3.568716859752343E-004 -4.888382382436237E-004 
-4.799695164712659E-004 -3.109248566733787E-004  4.799695164712632E-004 
-4.888382382436237E-004  3.568716859752316E-004 -3.988373379834251E-004
      </IFC>
    </s_s1_m1_m2_m3.1.1.3.2.2>
    <s_s1_m1_m2_m3.1.1.4.2.2>
      <IFC type="real" size="9" columns="3">
-4.060516265108902E-004  5.204170427930421E-018 -5.122855264994008E-018 
 5.204170427930421E-018 -4.125112144274640E-004 -1.816038638913220E-018 
-5.177065373618284E-018 -1.870248747537495E-018 -4.060516265108824E-004
      </IFC>
    </s_s1_m1_m2_m3.1.1.4.2.2>
    <s_s1_m1_m2_m3.1.1.1.3.2>
      <IFC type="real" size="9" columns="3">
-3.988373379834320E-004  4.888382382436231E-004 -3.568716859752344E-004 
 4.888382382436231E-004 -3.988373379834320E-004 -3.568716859752373E-004 
-4.799695164712661E-004 -4.799695164712690E-004 -3.109248566733752E-004
      </IFC>
    </s_s1_m1_m2_m3.1.1.1.3.2>
    <s_s1_m1_m2_m3.1.1.2.3.2>
      <IFC type="real" size="9" columns="3">
-3.109248566733813E-004 -4.799695164712656E-004 -4.799695164712675E-004 
-3.568716859752342E-004 -3.988373379834212E-004  4.888382382436218E-004 
-3.568716859752358E-004  4.888382382436217E-004 -3.988373379834233E-004
      </IFC>
    </s_s1_m1_m2_m3.1.1.2.3.2>
    <s_s1_m1_m2_m3.1.1.3.3.2>
      <IFC type="real" size="9" columns="3">
-4.566085579628433E-004 -9.966768062180464E-005 -7.410966126788668E-005 
-9.966768062180464E-005 -4.566085579628416E-004  7.410966126788536E-005 
 7.410966126788766E-005 -7.410966126788910E-005 -3.727815181703877E-004
      </IFC>
    </s_s1_m1_m2_m3.1.1.3.3.2>
    <s_s1_m1_m2_m3.1.1.4.3.2>
      <IFC type="real" size="9" columns="3">
-3.727815181703868E-004 -7.410966126788603E-005  7.410966126789015E-005 
 7.410966126788842E-005 -4.566085579628429E-004 -9.966768062179870E-005 
-7.410966126788414E-005 -9.966768062179857E-005 -4.566085579628450E-004
      </IFC>
    </s_s1_m1_m2_m3.1.1.4.3.2>
    <s_s1_m1_m2_m3.1.1.1.4.2>
      <IFC type="real" size="9" columns="3">
-3.482255629798429E-003  1.831362276566892E-003 -4.197141415067426E-003 
-1.831362276566902E-003  1.036587643553998E-002 -1.831362276566894E-003 
-4.197141415067426E-003  1.831362276566901E-003 -3.482255629798418E-003
      </IFC>
    </s_s1_m1_m2_m3.1.1.1.4.2>
    <s_s1_m1_m2_m3.1.1.2.4.2>
      <IFC type="real" size="9" columns="3">
-4.125112144274636E-004  5.637851296924623E-018  1.897353801849633E-019 
 5.637851296924623E-018 -4.060516265108837E-004  3.388131789017201E-018 
 1.355252715606881E-019  3.333921680392926E-018 -4.060516265108893E-004
      </IFC>
    </s_s1_m1_m2_m3.1.1.2.4.2>
    <s_s1_m1_m2_m3.1.1.3.4.2>
      <IFC type="real" size="9" columns="3">
-4.566085579628433E-004  7.410966126788853E-005  9.966768062179726E-005 
-7.410966126788590E-005 -3.727815181703877E-004 -7.410966126789224E-005 
 9.966768062179726E-005  7.410966126788221E-005 -4.566085579628398E-004
      </IFC>
    </s_s1_m1_m2_m3.1.1.3.4.2>
    <s_s1_m1_m2_m3.1.1.4.4.2>
      <IFC type="real" size="9" columns="3">
-4.060516265108902E-004 -6.342582709040201E-018  2.195509399283146E-018 
-6.342582709040201E-018 -4.060516265108837E-004 -4.634964287375531E-018 
 2.032879073410321E-018 -4.607859233063394E-018 -4.125112144274558E-004
      </IFC>
    </s_s1_m1_m2_m3.1.1.4.4.2>
    <s_s1_m1_m2_m3.1.1.1.1.3>
      <IFC type="real" size="9" columns="3">
-2.132809906177369E-005  5.461851703852686E-004 -9.459663954936026E-018 
 5.461851703852686E-004 -2.132809906177369E-005  4.445228907190568E-018 
-9.459663954936026E-018  4.445228907190568E-018  4.054005235182678E-003
      </IFC>
    </s_s1_m1_m2_m3.1.1.1.1.3>
    <s_s1_m1_m2_m3.1.1.2.1.3>
      <IFC type="real" size="9" columns="3">
-3.988373379834190E-004  3.568716859752405E-004  4.888382382436190E-004 
 4.799695164712720E-004 -3.109248566733752E-004  4.799695164712664E-004 
 4.888382382436190E-004  3.568716859752347E-004 -3.988373379834164E-004
      </IFC>
    </s_s1_m1_m2_m3.1.1.2.1.3>
    <s_s1_m1_m2_m3.1.1.3.1.3>
      <IFC type="real" size="9" columns="3">
 4.054005235182656E-003 -4.336808689942018E-019  1.029992063861229E-018 
-4.336808689942018E-019 -2.132809906177369E-005  5.461851703852673E-004 
 1.029992063861229E-018  5.461851703852673E-004 -2.132809906176848E-005
      </IFC>
    </s_s1_m1_m2_m3.1.1.3.1.3>
    <s_s1_m1_m2_m3.1.1.4.1.3>
      <IFC type="real" size="9" columns="3">
-3.988373379834190E-004  4.799695164712720E-004  4.888382382436190E-004 
 3.568716859752405E-004 -3.109248566733752E-004  3.568716859752347E-004 
 4.888382382436190E-004  4.799695164712664E-004 -3.988373379834164E-004
      </IFC>
    </s_s1_m1_m2_m3.1.1.4.1.3>
    <s_s1_m1_m2_m3.1.1.1.2.3>
      <IFC type="real" size="9" columns="3">
-3.109248566733752E-004  4.799695164712719E-004 -4.799695164712664E-004 
 3.568716859752403E-004 -3.988373379834181E-004 -4.888382382436213E-004 
-3.568716859752347E-004 -4.888382382436213E-004 -3.988373379834147E-004
      </IFC>
    </s_s1_m1_m2_m3.1.1.1.2.3>
    <s_s1_m1_m2_m3.1.1.2.2.3>
      <IFC type="real" size="9" columns="3">
-3.988373379834207E-004 -4.888382382436257E-004 -3.568716859752346E-004 
-4.888382382436258E-004 -3.988373379834238E-004  3.568716859752345E-004 
-4.799695164712662E-004  4.799695164712662E-004 -3.109248566733787E-004
      </IFC>
    </s_s1_m1_m2_m3.1.1.2.2.3>
    <s_s1_m1_m2_m3.1.1.3.2.3>
      <IFC type="real" size="9" columns="3">
-3.727815181703825E-004  7.410966126788419E-005  7.410966126788839E-005 
-7.410966126789029E-005 -4.566085579628381E-004  9.966768062180068E-005 
-7.410966126788595E-005  9.966768062180068E-005 -4.566085579628381E-004
      </IFC>
    </s_s1_m1_m2_m3.1.1.3.2.3>
    <s_s1_m1_m2_m3.1.1.4.2.3>
      <IFC type="real" size="9" columns="3">
-4.566085579628424E-004  9.966768062179970E-005 -7.410966126788490E-005 
 9.966768062179970E-005 -4.566085579628455E-004 -7.410966126789086E-005 
 7.410966126788945E-005  7.410966126788359E-005 -3.727815181703772E-004
      </IFC>
    </s_s1_m1_m2_m3.1.1.4.2.3>
    <s_s1_m1_m2_m3.1.1.1.3.3>
      <IFC type="real" size="9" columns="3">
-2.132809906178063E-005  3.198396408832238E-018 -5.461851703852678E-004 
 3.198396408832238E-018  4.054005235182664E-003 -1.192622389734055E-018 
-5.461851703852678E-004 -1.192622389734055E-018 -2.132809906176675E-005
      </IFC>
    </s_s1_m1_m2_m3.1.1.1.3.3>
    <s_s1_m1_m2_m3.1.1.2.3.3>
      <IFC type="real" size="9" columns="3">
-4.566085579628442E-004 -7.410966126788788E-005 -9.966768062180166E-005 
 7.410966126788658E-005 -3.727815181703916E-004 -7.410966126788479E-005 
-9.966768062180182E-005  7.410966126788937E-005 -4.566085579628416E-004
      </IFC>
    </s_s1_m1_m2_m3.1.1.2.3.3>
    <s_s1_m1_m2_m3.1.1.3.3.3>
      <IFC type="real" size="9" columns="3">
-1.199803282542090E-004 -6.342582709040201E-018 -3.550762114890027E-018 
-6.342582709040201E-018 -1.199803282542038E-004  1.897353801849633E-018 
-3.550762114890027E-018  1.897353801849633E-018 -1.199803282542090E-004
      </IFC>
    </s_s1_m1_m2_m3.1.1.3.3.3>
    <s_s1_m1_m2_m3.1.1.4.3.3>
      <IFC type="real" size="9" columns="3">
-4.566085579628442E-004  7.410966126788658E-005 -9.966768062180182E-005 
-7.410966126788788E-005 -3.727815181703916E-004  7.410966126788937E-005 
-9.966768062180166E-005 -7.410966126788479E-005 -4.566085579628416E-004
      </IFC>
    </s_s1_m1_m2_m3.1.1.4.3.3>
    <s_s1_m1_m2_m3.1.1.1.4.3>
      <IFC type="real" size="9" columns="3">
-3.109248566733752E-004  3.568716859752403E-004 -3.568716859752347E-004 
 4.799695164712719E-004 -3.988373379834181E-004 -4.888382382436213E-004 
-4.799695164712664E-004 -4.888382382436213E-004 -3.988373379834147E-004
      </IFC>
    </s_s1_m1_m2_m3.1.1.1.4.3>
    <s_s1_m1_m2_m3.1.1.2.4.3>
      <IFC type="real" size="9" columns="3">
-4.566085579628424E-004  9.966768062179970E-005  7.410966126788945E-005 
 9.966768062179970E-005 -4.566085579628455E-004  7.410966126788359E-005 
-7.410966126788490E-005 -7.410966126789086E-005 -3.727815181703772E-004
      </IFC>
    </s_s1_m1_m2_m3.1.1.2.4.3>
    <s_s1_m1_m2_m3.1.1.3.4.3>
      <IFC type="real" size="9" columns="3">
-3.727815181703825E-004 -7.410966126789029E-005 -7.410966126788595E-005 
 7.410966126788419E-005 -4.566085579628381E-004  9.966768062180068E-005 
 7.410966126788839E-005  9.966768062180068E-005 -4.566085579628381E-004
      </IFC>
    </s_s1_m1_m2_m3.1.1.3.4.3>
    <s_s1_m1_m2_m3.1.1.4.4.3>
      <IFC type="real" size="9" columns="3">
-3.988373379834207E-004 -4.888382382436258E-004 -4.799695164712662E-004 
-4.888382382436257E-004 -3.988373379834238E-004  4.799695164712662E-004 
-3.568716859752346E-004  3.568716859752345E-004 -3.109248566733787E-004
      </IFC>
    </s_s1_m1_m2_m3.1.1.4.4.3>
    <s_s1_m1_m2_m3.1.1.1.1.4>
      <IFC type="real" size="9" columns="3">
-3.482255629798425E-003  4.197141415067425E-003  1.831362276566897E-003 
 4.197141415067425E-003 -3.482255629798425E-003 -1.831362276566899E-003 
-1.831362276566897E-003  1.831362276566895E-003  1.036587643553999E-002
      </IFC>
    </s_s1_m1_m2_m3.1.1.1.1.4>
    <s_s1_m1_m2_m3.1.1.2.1.4>
      <IFC type="real" size="9" columns="3">
 1.036587643553999E-002  1.831362276566892E-003 -1.831362276566899E-003 
-1.831362276566902E-003 -3.482255629798425E-003  4.197141415067425E-003 
 1.831362276566894E-003  4.197141415067425E-003 -3.482255629798427E-003
      </IFC>
    </s_s1_m1_m2_m3.1.1.2.1.4>
    <s_s1_m1_m2_m3.1.1.3.1.4>
      <IFC type="real" size="9" columns="3">
-3.988373379834251E-004  4.888382382436224E-004  4.799695164712702E-004 
 4.888382382436224E-004 -3.988373379834233E-004  4.799695164712646E-004 
 3.568716859752385E-004  3.568716859752330E-004 -3.109248566733787E-004
      </IFC>
    </s_s1_m1_m2_m3.1.1.3.1.4>
    <s_s1_m1_m2_m3.1.1.4.1.4>
      <IFC type="real" size="9" columns="3">
-3.109248566733778E-004  3.568716859752401E-004  3.568716859752348E-004 
 4.799695164712717E-004 -3.988373379834177E-004  4.888382382436237E-004 
 4.799695164712660E-004  4.888382382436237E-004 -3.988373379834199E-004
      </IFC>
    </s_s1_m1_m2_m3.1.1.4.1.4>
    <s_s1_m1_m2_m3.1.1.1.2.4>
      <IFC type="real" size="9" columns="3">
-3.482255629798429E-003 -1.831362276566902E-003 -4.197141415067426E-003 
 1.831362276566892E-003  1.036587643553998E-002  1.831362276566901E-003 
-4.197141415067426E-003 -1.831362276566894E-003 -3.482255629798418E-003
      </IFC>
    </s_s1_m1_m2_m3.1.1.1.2.4>
    <s_s1_m1_m2_m3.1.1.2.2.4>
      <IFC type="real" size="9" columns="3">
-4.060516265108902E-004 -6.342582709040201E-018  2.032879073410321E-018 
-6.342582709040201E-018 -4.060516265108837E-004 -4.607859233063394E-018 
 2.195509399283146E-018 -4.634964287375531E-018 -4.125112144274558E-004
      </IFC>
    </s_s1_m1_m2_m3.1.1.2.2.4>
    <s_s1_m1_m2_m3.1.1.3.2.4>
      <IFC type="real" size="9" columns="3">
-4.566085579628433E-004 -7.410966126788590E-005  9.966768062179726E-005 
 7.410966126788853E-005 -3.727815181703877E-004  7.410966126788221E-005 
 9.966768062179726E-005 -7.410966126789224E-005 -4.566085579628398E-004
      </IFC>
    </s_s1_m1_m2_m3.1.1.3.2.4>
    <s_s1_m1_m2_m3.1.1.4.2.4>
      <IFC type="real" size="9" columns="3">
-4.125112144274636E-004  5.637851296924623E-018  1.355252715606881E-019 
 5.637851296924623E-018 -4.060516265108837E-004  3.333921680392926E-018 
 1.897353801849633E-019  3.388131789017201E-018 -4.060516265108893E-004
      </IFC>
    </s_s1_m1_m2_m3.1.1.4.2.4>
    <s_s1_m1_m2_m3.1.1.1.3.4>
      <IFC type="real" size="9" columns="3">
-3.988373379834320E-004  4.888382382436231E-004 -4.799695164712661E-004 
 4.888382382436231E-004 -3.988373379834320E-004 -4.799695164712690E-004 
-3.568716859752344E-004 -3.568716859752373E-004 -3.109248566733752E-004
      </IFC>
    </s_s1_m1_m2_m3.1.1.1.3.4>
    <s_s1_m1_m2_m3.1.1.2.3.4>
      <IFC type="real" size="9" columns="3">
-3.727815181703868E-004  7.410966126788842E-005 -7.410966126788414E-005 
-7.410966126788603E-005 -4.566085579628429E-004 -9.966768062179857E-005 
 7.410966126789015E-005 -9.966768062179870E-005 -4.566085579628450E-004
      </IFC>
    </s_s1_m1_m2_m3.1.1.2.3.4>
    <s_s1_m1_m2_m3.1.1.3.3.4>
      <IFC type="real" size="9" columns="3">
-4.566085579628433E-004 -9.966768062180464E-005  7.410966126788766E-005 
-9.966768062180464E-005 -4.566085579628416E-004 -7.410966126788910E-005 
-7.410966126788668E-005  7.410966126788536E-005 -3.727815181703877E-004
      </IFC>
    </s_s1_m1_m2_m3.1.1.3.3.4>
    <s_s1_m1_m2_m3.1.1.4.3.4>
      <IFC type="real" size="9" columns="3">
-3.109248566733813E-004 -3.568716859752342E-004 -3.568716859752358E-004 
-4.799695164712656E-004 -3.988373379834212E-004  4.888382382436217E-004 
-4.799695164712675E-004  4.888382382436218E-004 -3.988373379834233E-004
      </IFC>
    </s_s1_m1_m2_m3.1.1.4.3.4>
    <s_s1_m1_m2_m3.1.1.1.4.4>
      <IFC type="real" size="9" columns="3">
-3.988373379834285E-004  4.799695164712706E-004 -4.888382382436261E-004 
 3.568716859752390E-004 -3.109248566733752E-004 -3.568716859752367E-004 
-4.888382382436257E-004 -4.799695164712681E-004 -3.988373379834251E-004
      </IFC>
    </s_s1_m1_m2_m3.1.1.1.4.4>
    <s_s1_m1_m2_m3.1.1.2.4.4>
      <IFC type="real" size="9" columns="3">
-4.060516265108902E-004  5.204170427930421E-018 -5.177065373618284E-018 
 5.204170427930421E-018 -4.125112144274640E-004 -1.870248747537495E-018 
-5.122855264994008E-018 -1.816038638913220E-018 -4.060516265108824E-004
      </IFC>
    </s_s1_m1_m2_m3.1.1.2.4.4>
    <s_s1_m1_m2_m3.1.1.3.4.4>
      <IFC type="real" size="9" columns="3">
-3.988373379834251E-004 -4.799695164712659E-004 -4.888382382436237E-004 
-3.568716859752343E-004 -3.109248566733787E-004  3.568716859752316E-004 
-4.888382382436237E-004  4.799695164712632E-004 -3.988373379834251E-004
      </IFC>
    </s_s1_m1_m2_m3.1.1.3.4.4>
    <s_s1_m1_m2_m3.1.1.4.4.4>
      <IFC type="real" size="9" columns="3">
-2.296675744678251E-005 -7.047314121155779E-019 -1.436567878543293E-018 
-7.047314121155779E-019 -2.296675744678294E-005  6.234162491791650E-019 
-1.490777987167569E-018  5.421010862427522E-019 -2.296675744679552E-005
      </IFC>
    </s_s1_m1_m2_m3.1.1.4.4.4>
    <s_s1_m1_m2_m3.1.2.1.1.1>
      <IFC type="real" size="9" columns="3">
-6.715135280497887E-002 -4.143049149992924E-002 -4.143049149992924E-002 
-4.143049149992924E-002 -6.715135280497887E-002 -4.143049149992924E-002 
-4.143049149992924E-002 -4.143049149992924E-002 -6.715135280497887E-002
      </IFC>
    </s_s1_m1_m2_m3.1.2.1.1.1>
    <s_s1_m1_m2_m3.1.2.2.1.1>
      <IFC type="real" size="9" columns="3">
 3.952081165372899E-004  8.215676278099937E-004 -8.215676278099898E-004 
 8.215676278099933E-004  4.478672112447346E-004  4.170747971160192E-004 
-8.215676278099896E-004  4.170747971160196E-004  4.478672112447303E-004
      </IFC>
    </s_s1_m1_m2_m3.1.2.2.1.1>
    <s_s1_m1_m2_m3.1.2.3.1.1>
      <IFC type="real" size="9" columns="3">
 2.269536411754730E-005  3.449713598990903E-004 -5.914411266072126E-006 
 3.449713598990901E-004 -2.416581614330938E-005  3.449713598990911E-004 
-5.914411266071259E-006  3.449713598990922E-004  2.269536411754621E-005
      </IFC>
    </s_s1_m1_m2_m3.1.2.3.1.1>
    <s_s1_m1_m2_m3.1.2.4.1.1>
      <IFC type="real" size="9" columns="3">
 4.478672112447291E-004  4.170747971160226E-004 -8.215676278099928E-004 
 4.170747971160222E-004  4.478672112447315E-004  8.215676278099913E-004 
-8.215676278099924E-004  8.215676278099913E-004  3.952081165372855E-004
      </IFC>
    </s_s1_m1_m2_m3.1.2.4.1.1>
    <s_s1_m1_m2_m3.1.2.1.2.1>
      <IFC type="real" size="9" columns="3">
-6.715135280497887E-002  4.143049149992924E-002  4.143049149992924E-002 
 4.143049149992924E-002 -6.715135280497889E-002 -4.143049149992924E-002 
 4.143049149992924E-002 -4.143049149992924E-002 -6.715135280497887E-002
      </IFC>
    </s_s1_m1_m2_m3.1.2.1.2.1>
    <s_s1_m1_m2_m3.1.2.2.2.1>
      <IFC type="real" size="9" columns="3">
-4.421927794216660E-004 -1.100167468019402E-003  5.164078126868830E-004 
-1.100167468019402E-003 -4.029385877706518E-003  1.100167468019401E-003 
 5.164078126868837E-004  1.100167468019402E-003 -4.421927794216686E-004
      </IFC>
    </s_s1_m1_m2_m3.1.2.2.2.1>
    <s_s1_m1_m2_m3.1.2.3.2.1>
      <IFC type="real" size="9" columns="3">
-4.421927794216668E-004  1.100167468019404E-003  5.164078126868843E-004 
 1.100167468019404E-003 -4.029385877706529E-003 -1.100167468019405E-003 
 5.164078126868852E-004 -1.100167468019404E-003 -4.421927794216701E-004
      </IFC>
    </s_s1_m1_m2_m3.1.2.3.2.1>
    <s_s1_m1_m2_m3.1.2.4.2.1>
      <IFC type="real" size="9" columns="3">
-6.715135280497887E-002 -4.143049149992924E-002  4.143049149992924E-002 
-4.143049149992924E-002 -6.715135280497887E-002  4.143049149992924E-002 
 4.143049149992924E-002  4.143049149992924E-002 -6.715135280497886E-002
      </IFC>
    </s_s1_m1_m2_m3.1.2.4.2.1>
    <s_s1_m1_m2_m3.1.2.1.3.1>
      <IFC type="real" size="9" columns="3">
-4.029385877706518E-003 -1.100167468019404E-003 -1.100167468019405E-003 
-1.100167468019404E-003 -4.421927794216619E-004 -5.164078126868856E-004 
-1.100167468019404E-003 -5.164078126868848E-004 -4.421927794216688E-004
      </IFC>
    </s_s1_m1_m2_m3.1.2.1.3.1>
    <s_s1_m1_m2_m3.1.2.2.3.1>
      <IFC type="real" size="9" columns="3">
 6.920578143673997E-004  8.333725344185235E-004 -8.333725344185241E-004 
 8.333725344185231E-004  6.920578143673954E-004  8.333725344185229E-004 
-8.333725344185238E-004  8.333725344185233E-004  6.920578143674015E-004
      </IFC>
    </s_s1_m1_m2_m3.1.2.2.3.1>
    <s_s1_m1_m2_m3.1.2.3.3.1>
      <IFC type="real" size="9" columns="3">
-4.421927794216630E-004 -5.164078126868859E-004 -1.100167468019403E-003 
-5.164078126868858E-004 -4.421927794216703E-004 -1.100167468019406E-003 
-1.100167468019402E-003 -1.100167468019405E-003 -4.029385877706524E-003
      </IFC>
    </s_s1_m1_m2_m3.1.2.3.3.1>
    <s_s1_m1_m2_m3.1.2.4.3.1>
      <IFC type="real" size="9" columns="3">
 4.478672112447331E-004  8.215676278099935E-004 -4.170747971160199E-004 
 8.215676278099931E-004  3.952081165372926E-004  8.215676278099892E-004 
-4.170747971160194E-004  8.215676278099892E-004  4.478672112447421E-004
      </IFC>
    </s_s1_m1_m2_m3.1.2.4.3.1>
    <s_s1_m1_m2_m3.1.2.1.4.1>
      <IFC type="real" size="9" columns="3">
-4.029385877706527E-003  1.100167468019402E-003  1.100167468019404E-003 
 1.100167468019402E-003 -4.421927794216635E-004 -5.164078126868868E-004 
 1.100167468019404E-003 -5.164078126868866E-004 -4.421927794216614E-004
      </IFC>
    </s_s1_m1_m2_m3.1.2.1.4.1>
    <s_s1_m1_m2_m3.1.2.2.4.1>
      <IFC type="real" size="9" columns="3">
-4.421927794216688E-004 -5.164078126868837E-004  1.100167468019405E-003 
-5.164078126868837E-004 -4.421927794216686E-004  1.100167468019405E-003 
 1.100167468019406E-003  1.100167468019406E-003 -4.029385877706524E-003
      </IFC>
    </s_s1_m1_m2_m3.1.2.2.4.1>
    <s_s1_m1_m2_m3.1.2.3.4.1>
      <IFC type="real" size="9" columns="3">
 2.269536411755006E-005  5.914411266074457E-006 -3.449713598990905E-004 
 5.914411266074457E-006  2.269536411754925E-005  3.449713598990893E-004 
-3.449713598990896E-004  3.449713598990898E-004 -2.416581614331356E-005
      </IFC>
    </s_s1_m1_m2_m3.1.2.3.4.1>
    <s_s1_m1_m2_m3.1.2.4.4.1>
      <IFC type="real" size="9" columns="3">
-2.416581614330358E-005  3.449713598990918E-004 -3.449713598990944E-004 
 3.449713598990918E-004  2.269536411754480E-005  5.914411266071638E-006 
-3.449713598990926E-004  5.914411266073373E-006  2.269536411755348E-005
      </IFC>
    </s_s1_m1_m2_m3.1.2.4.4.1>
    <s_s1_m1_m2_m3.1.2.1.1.2>
      <IFC type="real" size="9" columns="3">
 3.952081165372948E-004 -8.215676278099894E-004  8.215676278099872E-004 
-8.215676278099894E-004  4.478672112447337E-004  4.170747971160155E-004 
 8.215676278099889E-004  4.170747971160155E-004  4.478672112447294E-004
      </IFC>
    </s_s1_m1_m2_m3.1.2.1.1.2>
    <s_s1_m1_m2_m3.1.2.2.1.2>
      <IFC type="real" size="9" columns="3">
 3.208667109447572E-004 -1.541685708120006E-004 -1.541685708120023E-004 
-1.541685708120006E-004  3.608095544369367E-004  1.213561733661254E-004 
-1.541685708120020E-004  1.213561733661263E-004  3.608095544369310E-004
      </IFC>
    </s_s1_m1_m2_m3.1.2.2.1.2>
    <s_s1_m1_m2_m3.1.2.3.1.2>
      <IFC type="real" size="9" columns="3">
 3.608095544369370E-004  1.213561733661274E-004 -1.541685708120019E-004 
 1.213561733661270E-004  3.608095544369353E-004 -1.541685708120021E-004 
-1.541685708120015E-004 -1.541685708120015E-004  3.208667109447533E-004
      </IFC>
    </s_s1_m1_m2_m3.1.2.3.1.2>
    <s_s1_m1_m2_m3.1.2.4.1.2>
      <IFC type="real" size="9" columns="3">
 4.478672112447351E-004  4.170747971160237E-004  8.215676278099903E-004 
 4.170747971160233E-004  4.478672112447304E-004 -8.215676278099902E-004 
 8.215676278099908E-004 -8.215676278099894E-004  3.952081165372852E-004
      </IFC>
    </s_s1_m1_m2_m3.1.2.4.1.2>
    <s_s1_m1_m2_m3.1.2.1.2.2>
      <IFC type="real" size="9" columns="3">
-4.421927794216601E-004  5.164078126868865E-004 -1.100167468019400E-003 
 5.164078126868865E-004 -4.421927794216671E-004  1.100167468019397E-003 
-1.100167468019400E-003  1.100167468019397E-003 -4.029385877706529E-003
      </IFC>
    </s_s1_m1_m2_m3.1.2.1.2.2>
    <s_s1_m1_m2_m3.1.2.2.2.2>
      <IFC type="real" size="9" columns="3">
 6.920578143673924E-004 -8.333725344185220E-004 -8.333725344185235E-004 
-8.333725344185216E-004  6.920578143673965E-004 -8.333725344185226E-004 
-8.333725344185237E-004 -8.333725344185222E-004  6.920578143673999E-004
      </IFC>
    </s_s1_m1_m2_m3.1.2.2.2.2>
    <s_s1_m1_m2_m3.1.2.3.2.2>
      <IFC type="real" size="9" columns="3">
-4.029385877706522E-003  1.100167468019403E-003 -1.100167468019403E-003 
 1.100167468019403E-003 -4.421927794216715E-004  5.164078126868825E-004 
-1.100167468019403E-003  5.164078126868838E-004 -4.421927794216672E-004
      </IFC>
    </s_s1_m1_m2_m3.1.2.3.2.2>
    <s_s1_m1_m2_m3.1.2.4.2.2>
      <IFC type="real" size="9" columns="3">
 4.478672112447362E-004 -8.215676278099896E-004 -4.170747971160233E-004 
-8.215676278099896E-004  3.952081165372944E-004 -8.215676278099926E-004 
-4.170747971160216E-004 -8.215676278099926E-004  4.478672112447357E-004
      </IFC>
    </s_s1_m1_m2_m3.1.2.4.2.2>
    <s_s1_m1_m2_m3.1.2.1.3.2>
      <IFC type="real" size="9" columns="3">
 6.920578143673976E-004 -8.333725344185213E-004  8.333725344185183E-004 
-8.333725344185213E-004  6.920578143673967E-004  8.333725344185187E-004 
 8.333725344185192E-004  8.333725344185196E-004  6.920578143674002E-004
      </IFC>
    </s_s1_m1_m2_m3.1.2.1.3.2>
    <s_s1_m1_m2_m3.1.2.2.3.2>
      <IFC type="real" size="9" columns="3">
 6.920578143673941E-004  8.333725344185213E-004  8.333725344185186E-004 
 8.333725344185213E-004  6.920578143673966E-004 -8.333725344185233E-004 
 8.333725344185189E-004 -8.333725344185224E-004  6.920578143673989E-004
      </IFC>
    </s_s1_m1_m2_m3.1.2.2.3.2>
    <s_s1_m1_m2_m3.1.2.3.3.2>
      <IFC type="real" size="9" columns="3">
 3.608095544369344E-004  1.541685708120032E-004 -1.213561733661274E-004 
 1.541685708120028E-004  3.208667109447544E-004 -1.541685708120043E-004 
-1.213561733661270E-004 -1.541685708120037E-004  3.608095544369394E-004
      </IFC>
    </s_s1_m1_m2_m3.1.2.3.3.2>
    <s_s1_m1_m2_m3.1.2.4.3.2>
      <IFC type="real" size="9" columns="3">
 3.608095544369338E-004 -1.541685708119998E-004 -1.213561733661284E-004 
-1.541685708120002E-004  3.208667109447595E-004  1.541685708119981E-004 
-1.213561733661280E-004  1.541685708119990E-004  3.608095544369375E-004
      </IFC>
    </s_s1_m1_m2_m3.1.2.4.3.2>
    <s_s1_m1_m2_m3.1.2.1.4.2>
      <IFC type="real" size="9" columns="3">
-4.421927794216700E-004  1.100167468019404E-003 -5.164078126868813E-004 
 1.100167468019404E-003 -4.029385877706520E-003  1.100167468019400E-003 
-5.164078126868804E-004  1.100167468019400E-003 -4.421927794216623E-004
      </IFC>
    </s_s1_m1_m2_m3.1.2.1.4.2>
    <s_s1_m1_m2_m3.1.2.2.4.2>
      <IFC type="real" size="9" columns="3">
 3.208667109447560E-004  1.541685708120039E-004  1.541685708120037E-004 
 1.541685708120043E-004  3.608095544369359E-004  1.213561733661257E-004 
 1.541685708120035E-004  1.213561733661262E-004  3.608095544369333E-004
      </IFC>
    </s_s1_m1_m2_m3.1.2.2.4.2>
    <s_s1_m1_m2_m3.1.2.3.4.2>
      <IFC type="real" size="9" columns="3">
 5.689937686658059E-004 -1.577032094831356E-004  1.577032094831361E-004 
-1.577032094831362E-004  5.689937686658092E-004 -1.577032094831364E-004 
 1.577032094831365E-004 -1.577032094831355E-004  5.689937686658090E-004
      </IFC>
    </s_s1_m1_m2_m3.1.2.3.4.2>
    <s_s1_m1_m2_m3.1.2.4.4.2>
      <IFC type="real" size="9" columns="3">
 3.608095544369355E-004  1.213561733661298E-004  1.541685708120024E-004 
 1.213561733661298E-004  3.608095544369339E-004  1.541685708120047E-004 
 1.541685708120024E-004  1.541685708120047E-004  3.208667109447546E-004
      </IFC>
    </s_s1_m1_m2_m3.1.2.4.4.2>
    <s_s1_m1_m2_m3.1.2.1.1.3>
      <IFC type="real" size="9" columns="3">
 2.269536411754480E-005 -5.914411266072506E-006  3.449713598990892E-004 
-5.914411266072506E-006  2.269536411754480E-005  3.449713598990926E-004 
 3.449713598990926E-004  3.449713598990926E-004 -2.416581614332614E-005
      </IFC>
    </s_s1_m1_m2_m3.1.2.1.1.3>
    <s_s1_m1_m2_m3.1.2.2.1.3>
      <IFC type="real" size="9" columns="3">
 3.608095544369351E-004 -1.541685708120015E-004  1.213561733661276E-004 
-1.541685708120019E-004  3.208667109447560E-004 -1.541685708120021E-004 
 1.213561733661278E-004 -1.541685708120017E-004  3.608095544369365E-004
      </IFC>
    </s_s1_m1_m2_m3.1.2.2.1.3>
    <s_s1_m1_m2_m3.1.2.3.1.3>
      <IFC type="real" size="9" columns="3">
-2.416581614330825E-005  3.449713598990911E-004  3.449713598990923E-004 
 3.449713598990912E-004  2.269536411755407E-005 -5.914411266074837E-006 
 3.449713598990931E-004 -5.914411266073753E-006  2.269536411754946E-005
      </IFC>
    </s_s1_m1_m2_m3.1.2.3.1.3>
    <s_s1_m1_m2_m3.1.2.4.1.3>
      <IFC type="real" size="9" columns="3">
 3.033936284535457E-004 -1.501636493535282E-004  1.501636493535329E-004 
-1.501636493535287E-004  3.033936284535407E-004 -1.501636493535321E-004 
 1.501636493535334E-004 -1.501636493535321E-004  3.033936284535501E-004
      </IFC>
    </s_s1_m1_m2_m3.1.2.4.1.3>
    <s_s1_m1_m2_m3.1.2.1.2.3>
      <IFC type="real" size="9" columns="3">
-4.421927794216601E-004  5.164078126868830E-004  1.100167468019400E-003 
 5.164078126868830E-004 -4.421927794216671E-004 -1.100167468019404E-003 
 1.100167468019400E-003 -1.100167468019404E-003 -4.029385877706529E-003
      </IFC>
    </s_s1_m1_m2_m3.1.2.1.2.3>
    <s_s1_m1_m2_m3.1.2.2.2.3>
      <IFC type="real" size="9" columns="3">
-4.029385877706519E-003 -1.100167468019403E-003  1.100167468019404E-003 
-1.100167468019403E-003 -4.421927794216675E-004  5.164078126868848E-004 
 1.100167468019404E-003  5.164078126868856E-004 -4.421927794216647E-004
      </IFC>
    </s_s1_m1_m2_m3.1.2.2.2.3>
    <s_s1_m1_m2_m3.1.2.3.2.3>
      <IFC type="real" size="9" columns="3">
-2.416581614330841E-005 -3.449713598990907E-004 -3.449713598990909E-004 
-3.449713598990907E-004  2.269536411755131E-005 -5.914411266076951E-006 
-3.449713598990900E-004 -5.914411266076084E-006  2.269536411755825E-005
      </IFC>
    </s_s1_m1_m2_m3.1.2.3.2.3>
    <s_s1_m1_m2_m3.1.2.4.2.3>
      <IFC type="real" size="9" columns="3">
 2.269536411754480E-005 -5.914411266072506E-006 -3.449713598990961E-004 
-5.914411266072506E-006  2.269536411754480E-005 -3.449713598990926E-004 
-3.449713598990926E-004 -3.449713598990926E-004 -2.416581614330532E-005
      </IFC>
    </s_s1_m1_m2_m3.1.2.4.2.3>
    <s_s1_m1_m2_m3.1.2.1.3.3>
      <IFC type="real" size="9" columns="3">
-4.421927794216671E-004 -1.100167468019404E-003 -5.164078126868848E-004 
-1.100167468019404E-003 -4.029385877706517E-003 -1.100167468019406E-003 
-5.164078126868839E-004 -1.100167468019405E-003 -4.421927794216619E-004
      </IFC>
    </s_s1_m1_m2_m3.1.2.1.3.3>
    <s_s1_m1_m2_m3.1.2.2.3.3>
      <IFC type="real" size="9" columns="3">
 3.608095544369355E-004 -1.213561733661253E-004  1.541685708120018E-004 
-1.213561733661257E-004  3.608095544369350E-004 -1.541685708120026E-004 
 1.541685708120020E-004 -1.541685708120021E-004  3.208667109447553E-004
      </IFC>
    </s_s1_m1_m2_m3.1.2.2.3.3>
    <s_s1_m1_m2_m3.1.2.3.3.3>
      <IFC type="real" size="9" columns="3">
 5.689937686658047E-004  1.577032094831341E-004  1.577032094831356E-004 
 1.577032094831340E-004  5.689937686658081E-004  1.577032094831345E-004 
 1.577032094831365E-004  1.577032094831356E-004  5.689937686658097E-004
      </IFC>
    </s_s1_m1_m2_m3.1.2.3.3.3>
    <s_s1_m1_m2_m3.1.2.4.3.3>
      <IFC type="real" size="9" columns="3">
 3.208667109447570E-004 -1.541685708120008E-004  1.541685708120013E-004 
-1.541685708120013E-004  3.608095544369333E-004 -1.213561733661289E-004 
 1.541685708120018E-004 -1.213561733661289E-004  3.608095544369308E-004
      </IFC>
    </s_s1_m1_m2_m3.1.2.4.3.3>
    <s_s1_m1_m2_m3.1.2.1.4.3>
      <IFC type="real" size="9" columns="3">
 2.269536411754957E-005 -3.449713598990874E-004  5.914411266075975E-006 
-3.449713598990870E-004 -2.416581614330868E-005  3.449713598990906E-004 
 5.914411266076842E-006  3.449713598990908E-004  2.269536411755391E-005
      </IFC>
    </s_s1_m1_m2_m3.1.2.1.4.3>
    <s_s1_m1_m2_m3.1.2.2.4.3>
      <IFC type="real" size="9" columns="3">
 5.689937686658088E-004  1.577032094831384E-004 -1.577032094831356E-004 
 1.577032094831384E-004  5.689937686658042E-004 -1.577032094831361E-004 
-1.577032094831350E-004 -1.577032094831352E-004  5.689937686658062E-004
      </IFC>
    </s_s1_m1_m2_m3.1.2.2.4.3>
    <s_s1_m1_m2_m3.1.2.3.4.3>
