<?xml version="1.0"?>
<?iotk version="1.2.0"?>
<?iotk file_version="1.0"?>
<?iotk binary="F"?>
<?iotk qe_syntax="F"?>
<Root>
  <GEOMETRY_INFO>
    <NUMBER_OF_TYPES type="integer" size="1">
         1
    </NUMBER_OF_TYPES>
    <NUMBER_OF_ATOMS type="integer" size="1">
         2
    </NUMBER_OF_ATOMS>
    <BRAVAIS_LATTICE_INDEX type="integer" size="1">
         0
    </BRAVAIS_LATTICE_INDEX>
    <SPIN_COMPONENTS type="integer" size="1">
         1
    </SPIN_COMPONENTS>
    <CELL_DIMENSIONS type="real" size="6">
 1.035000000000000E+001
 0.000000000000000E+000
 0.000000000000000E+000
 0.000000000000000E+000
 0.000000000000000E+000
 0.000000000000000E+000
    </CELL_DIMENSIONS>
    <AT type="real" size="9" columns="3">
-5.000000000000000E-001  0.000000000000000E+000  5.000000000000000E-001 
 0.000000000000000E+000  5.000000000000000E-001  5.000000000000000E-001 
-5.000000000000000E-001  5.000000000000000E-001  0.000000000000000E+000
    </AT>
    <BG type="real" size="9" columns="3">
-1.000000000000000E+000 -1.000000000000000E+000  1.000000000000000E+000 
 1.000000000000000E+000  1.000000000000000E+000  1.000000000000000E+000 
-1.000000000000000E+000  1.000000000000000E+000 -1.000000000000000E+000
    </BG>
    <UNIT_CELL_VOLUME_AU type="real" size="1">
 2.771794687500000E+002
    </UNIT_CELL_VOLUME_AU>
    <TYPE_NAME.1 type="character" size="1" len="3">
Si 
    </TYPE_NAME.1>
    <MASS.1 type="real" size="1">
 2.808600000000000E+001
    </MASS.1>
    <ATOM.1 SPECIES="Si " INDEX="1" TAU="0.000000000000000E+000 0.000000000000000E+000 0.000000000000000E+000"/>
    <ATOM.2 SPECIES="Si " INDEX="1" TAU="2.500000000000000E-001 2.500000000000000E-001 2.500000000000000E-001"/>
    <NUMBER_OF_Q type="integer" size="1">
         6
    </NUMBER_OF_Q>
  </GEOMETRY_INFO>
  <DIELECTRIC_PROPERTIES>
    <EPSILON type="real" size="9" columns="3">
 2.354535148899021E+001  8.881784197001252E-015 -1.776356839400250E-015 
 1.421085471520200E-014  2.354535148899020E+001  1.421085471520200E-014 
-3.552713678800501E-015  3.552713678800501E-015  2.354535148899020E+001
    </EPSILON>
    <ZSTAR>
      <Z_AT_.1 type="real" size="9" columns="3">
 1.110223024625157E-015  1.110223024625157E-015  2.220446049250313E-016 
 4.440892098500626E-016  1.110223024625157E-015  4.440892098500626E-016 
 8.881784197001252E-016  1.332267629550188E-015  0.000000000000000E+000
      </Z_AT_.1>
      <Z_AT_.2 type="real" size="9" columns="3">
-8.881784197001252E-016 -1.110223024625157E-015 -2.220446049250313E-016 
-4.440892098500626E-016 -8.881784197001252E-016 -4.440892098500626E-016 
-8.881784197001252E-016 -1.332267629550188E-015  0.000000000000000E+000
      </Z_AT_.2>
    </ZSTAR>
  </DIELECTRIC_PROPERTIES>
  <INTERATOMIC_FORCE_CONSTANTS>
    <MESH_NQ1_NQ2_NQ3 type="integer" size="3" columns="3">
         4          4          4
    </MESH_NQ1_NQ2_NQ3>
    <s_s1_m1_m2_m3.1.1.1.1.1>
      <IFC type="real" size="9" columns="3">
 2.520281159267995E-001  1.951563910473908E-018  4.689174395999807E-018 
 1.951563910473908E-018  2.520281159267995E-001 -4.689174395999807E-018 
 4.689174395999807E-018 -4.689174395999807E-018  2.520281159267995E-001
      </IFC>
    </s_s1_m1_m2_m3.1.1.1.1.1>
    <s_s1_m1_m2_m3.1.1.2.1.1>
      <IFC type="real" size="9" columns="3">
-3.236623717125964E-003 -1.779133660667488E-003  3.914049980236902E-003 
 1.779133660667490E-003  1.014125735158605E-002 -1.779133660667491E-003 
 3.914049980236902E-003  1.779133660667486E-003 -3.236623717125961E-003
      </IFC>
    </s_s1_m1_m2_m3.1.1.2.1.1>
    <s_s1_m1_m2_m3.1.1.3.1.1>
      <IFC type="real" size="9" columns="3">
-1.131558334429954E-005 -3.117081245895825E-018  5.717541413650485E-004 
-3.117081245895825E-018  4.004935601132067E-003  3.523657060577889E-018 
 5.717541413650485E-004  3.523657060577889E-018 -1.131558334431342E-005
      </IFC>
    </s_s1_m1_m2_m3.1.1.3.1.1>
    <s_s1_m1_m2_m3.1.1.4.1.1>
      <IFC type="real" size="9" columns="3">
-3.236623717125964E-003  1.779133660667490E-003  3.914049980236902E-003 
-1.779133660667488E-003  1.014125735158605E-002  1.779133660667486E-003 
 3.914049980236902E-003 -1.779133660667491E-003 -3.236623717125961E-003
      </IFC>
    </s_s1_m1_m2_m3.1.1.4.1.1>
    <s_s1_m1_m2_m3.1.1.1.2.1>
      <IFC type="real" size="9" columns="3">
 1.014125735158606E-002  1.779133660667491E-003  1.779133660667489E-003 
-1.779133660667487E-003 -3.236623717125957E-003 -3.914049980236903E-003 
-1.779133660667488E-003 -3.914049980236903E-003 -3.236623717125953E-003
      </IFC>
    </s_s1_m1_m2_m3.1.1.1.2.1>
    <s_s1_m1_m2_m3.1.1.2.2.1>
      <IFC type="real" size="9" columns="3">
-3.800647754392088E-004 -5.087844540820843E-004  3.576671505033333E-004 
-5.087844540820841E-004 -3.800647754392088E-004 -3.576671505033344E-004 
 4.780008780885953E-004 -4.780008780885964E-004 -2.991408902967940E-004
      </IFC>
    </s_s1_m1_m2_m3.1.1.2.2.1>
    <s_s1_m1_m2_m3.1.1.3.2.1>
      <IFC type="real" size="9" columns="3">
-2.991408902967823E-004 -4.780008780885963E-004  4.780008780885979E-004 
-3.576671505033343E-004 -3.800647754392001E-004 -5.087844540820838E-004 
 3.576671505033359E-004 -5.087844540820838E-004 -3.800647754392036E-004
      </IFC>
    </s_s1_m1_m2_m3.1.1.3.2.1>
    <s_s1_m1_m2_m3.1.1.4.2.1>
      <IFC type="real" size="9" columns="3">
-3.236623717125971E-003 -3.914049980236895E-003 -1.779133660667493E-003 
-3.914049980236895E-003 -3.236623717125971E-003 -1.779133660667484E-003 
 1.779133660667484E-003  1.779133660667494E-003  1.014125735158605E-002
      </IFC>
    </s_s1_m1_m2_m3.1.1.4.2.1>
    <s_s1_m1_m2_m3.1.1.1.3.1>
      <IFC type="real" size="9" columns="3">
 4.004935601132090E-003 -2.683400376901623E-018 -4.011548038196366E-018 
-2.683400376901623E-018 -1.131558334430821E-005 -5.717541413650504E-004 
-4.011548038196366E-018 -5.717541413650504E-004 -1.131558334430821E-005
      </IFC>
    </s_s1_m1_m2_m3.1.1.1.3.1>
    <s_s1_m1_m2_m3.1.1.2.3.1>
      <IFC type="real" size="9" columns="3">
-3.800647754392018E-004 -3.576671505033346E-004  5.087844540820820E-004 
-4.780008780885966E-004 -2.991408902967840E-004 -4.780008780886013E-004 
 5.087844540820821E-004 -3.576671505033392E-004 -3.800647754392023E-004
      </IFC>
    </s_s1_m1_m2_m3.1.1.2.3.1>
    <s_s1_m1_m2_m3.1.1.3.3.1>
      <IFC type="real" size="9" columns="3">
-1.131558334429260E-005 -5.717541413650490E-004  1.572093150103981E-018 
-5.717541413650490E-004 -1.131558334429954E-005 -1.897353801849633E-018 
 1.572093150103981E-018 -1.897353801849633E-018  4.004935601132088E-003
      </IFC>
    </s_s1_m1_m2_m3.1.1.3.3.1>
    <s_s1_m1_m2_m3.1.1.4.3.1>
      <IFC type="real" size="9" columns="3">
-3.800647754392018E-004 -4.780008780885966E-004  5.087844540820821E-004 
-3.576671505033346E-004 -2.991408902967840E-004 -3.576671505033392E-004 
 5.087844540820820E-004 -4.780008780886013E-004 -3.800647754392023E-004
      </IFC>
    </s_s1_m1_m2_m3.1.1.4.3.1>
    <s_s1_m1_m2_m3.1.1.1.4.1>
      <IFC type="real" size="9" columns="3">
 1.014125735158606E-002 -1.779133660667487E-003 -1.779133660667488E-003 
 1.779133660667491E-003 -3.236623717125957E-003 -3.914049980236903E-003 
 1.779133660667489E-003 -3.914049980236903E-003 -3.236623717125953E-003
      </IFC>
    </s_s1_m1_m2_m3.1.1.1.4.1>
    <s_s1_m1_m2_m3.1.1.2.4.1>
      <IFC type="real" size="9" columns="3">
-3.236623717125971E-003 -3.914049980236895E-003  1.779133660667484E-003 
-3.914049980236895E-003 -3.236623717125971E-003  1.779133660667494E-003 
-1.779133660667493E-003 -1.779133660667484E-003  1.014125735158605E-002
      </IFC>
    </s_s1_m1_m2_m3.1.1.2.4.1>
    <s_s1_m1_m2_m3.1.1.3.4.1>
      <IFC type="real" size="9" columns="3">
-2.991408902967823E-004 -3.576671505033343E-004  3.576671505033359E-004 
-4.780008780885963E-004 -3.800647754392001E-004 -5.087844540820838E-004 
 4.780008780885979E-004 -5.087844540820838E-004 -3.800647754392036E-004
      </IFC>
    </s_s1_m1_m2_m3.1.1.3.4.1>
    <s_s1_m1_m2_m3.1.1.4.4.1>
      <IFC type="real" size="9" columns="3">
-3.800647754392088E-004 -5.087844540820841E-004  4.780008780885953E-004 
-5.087844540820843E-004 -3.800647754392088E-004 -4.780008780885964E-004 
 3.576671505033333E-004 -3.576671505033344E-004 -2.991408902967940E-004
      </IFC>
    </s_s1_m1_m2_m3.1.1.4.4.1>
    <s_s1_m1_m2_m3.1.1.1.1.2>
      <IFC type="real" size="9" columns="3">
-3.236623717125964E-003  3.914049980236901E-003 -1.779133660667485E-003 
 3.914049980236901E-003 -3.236623717125964E-003  1.779133660667486E-003 
 1.779133660667492E-003 -1.779133660667491E-003  1.014125735158605E-002
      </IFC>
    </s_s1_m1_m2_m3.1.1.1.1.2>
    <s_s1_m1_m2_m3.1.1.2.1.2>
      <IFC type="real" size="9" columns="3">
-2.991408902967910E-004  4.780008780885970E-004  4.780008780885966E-004 
 3.576671505033352E-004 -3.800647754392070E-004  5.087844540820835E-004 
 3.576671505033346E-004  5.087844540820835E-004 -3.800647754392031E-004
      </IFC>
    </s_s1_m1_m2_m3.1.1.2.1.2>
    <s_s1_m1_m2_m3.1.1.3.1.2>
      <IFC type="real" size="9" columns="3">
-3.800647754391966E-004  5.087844540820857E-004  3.576671505033386E-004 
 5.087844540820857E-004 -3.800647754391984E-004  3.576671505033375E-004 
 4.780008780886006E-004  4.780008780885995E-004 -2.991408902967875E-004
      </IFC>
    </s_s1_m1_m2_m3.1.1.3.1.2>
    <s_s1_m1_m2_m3.1.1.4.1.2>
      <IFC type="real" size="9" columns="3">
 1.014125735158605E-002 -1.779133660667495E-003  1.779133660667485E-003 
 1.779133660667482E-003 -3.236623717125972E-003  3.914049980236899E-003 
-1.779133660667493E-003  3.914049980236899E-003 -3.236623717125972E-003
      </IFC>
    </s_s1_m1_m2_m3.1.1.4.1.2>
    <s_s1_m1_m2_m3.1.1.1.2.2>
      <IFC type="real" size="9" columns="3">
-3.800647754392157E-004  3.576671505033330E-004 -5.087844540820827E-004 
 4.780008780885952E-004 -2.991408902967910E-004 -4.780008780885955E-004 
-5.087844540820827E-004 -3.576671505033332E-004 -3.800647754392053E-004
      </IFC>
    </s_s1_m1_m2_m3.1.1.1.2.2>
    <s_s1_m1_m2_m3.1.1.2.2.2>
      <IFC type="real" size="9" columns="3">
-1.785559378727000E-005  2.927345865710862E-018  4.797594613248357E-018 
 2.927345865710862E-018 -1.785559378727174E-005 -3.333921680392926E-018 
 4.689174395999807E-018 -3.279711571768651E-018 -1.785559378727564E-005
      </IFC>
    </s_s1_m1_m2_m3.1.1.2.2.2>
    <s_s1_m1_m2_m3.1.1.3.2.2>
      <IFC type="real" size="9" columns="3">
-3.800647754392036E-004 -3.576671505033373E-004 -5.087844540820833E-004 
-4.780008780885994E-004 -2.991408902967840E-004  4.780008780886010E-004 
-5.087844540820833E-004  3.576671505033390E-004 -3.800647754392088E-004
      </IFC>
    </s_s1_m1_m2_m3.1.1.3.2.2>
    <s_s1_m1_m2_m3.1.1.4.2.2>
      <IFC type="real" size="9" columns="3">
-4.109849835614125E-004  4.445228907190568E-018  3.523657060577889E-019 
 4.445228907190568E-018 -3.969381015172680E-004 -2.981555974335137E-019 
 4.607859233063394E-019 -3.523657060577889E-019 -4.109849835614147E-004
      </IFC>
    </s_s1_m1_m2_m3.1.1.4.2.2>
    <s_s1_m1_m2_m3.1.1.1.3.2>
      <IFC type="real" size="9" columns="3">
-3.800647754392018E-004  5.087844540820840E-004 -3.576671505033349E-004 
 5.087844540820840E-004 -3.800647754391984E-004 -3.576671505033367E-004 
-4.780008780885972E-004 -4.780008780885990E-004 -2.991408902967806E-004
      </IFC>
    </s_s1_m1_m2_m3.1.1.1.3.2>
    <s_s1_m1_m2_m3.1.1.2.3.2>
      <IFC type="real" size="9" columns="3">
-2.991408902967840E-004 -4.780008780885992E-004 -4.780008780886011E-004 
-3.576671505033373E-004 -3.800647754392070E-004  5.087844540820813E-004 
-3.576671505033391E-004  5.087844540820814E-004 -3.800647754392031E-004
      </IFC>
    </s_s1_m1_m2_m3.1.1.2.3.2>
    <s_s1_m1_m2_m3.1.1.3.3.2>
      <IFC type="real" size="9" columns="3">
-4.332675254403399E-004 -9.309773138316111E-005 -6.469643637594416E-005 
-9.309773138316111E-005 -4.332675254403485E-004  6.469643637594576E-005 
 6.469643637594470E-005 -6.469643637594310E-005 -3.885465580519276E-004
      </IFC>
    </s_s1_m1_m2_m3.1.1.3.3.2>
    <s_s1_m1_m2_m3.1.1.4.3.2>
      <IFC type="real" size="9" columns="3">
-3.885465580519346E-004 -6.469643637594560E-005  6.469643637594435E-005 
 6.469643637594310E-005 -4.332675254403399E-004 -9.309773138316054E-005 
-6.469643637594443E-005 -9.309773138316063E-005 -4.332675254403325E-004
      </IFC>
    </s_s1_m1_m2_m3.1.1.4.3.2>
    <s_s1_m1_m2_m3.1.1.1.4.2>
      <IFC type="real" size="9" columns="3">
-3.236623717125974E-003  1.779133660667482E-003 -3.914049980236896E-003 
-1.779133660667495E-003  1.014125735158605E-002 -1.779133660667483E-003 
-3.914049980236896E-003  1.779133660667494E-003 -3.236623717125971E-003
      </IFC>
    </s_s1_m1_m2_m3.1.1.1.4.2>
    <s_s1_m1_m2_m3.1.1.2.4.2>
      <IFC type="real" size="9" columns="3">
-3.969381015172628E-004  2.276824562219559E-018 -8.944667923005412E-019 
 2.276824562219559E-018 -4.109849835614143E-004 -5.068645156369733E-018 
-1.002887009549092E-018 -5.014435047745458E-018 -4.109849835614112E-004
      </IFC>
    </s_s1_m1_m2_m3.1.1.2.4.2>
    <s_s1_m1_m2_m3.1.1.3.4.2>
      <IFC type="real" size="9" columns="3">
-4.332675254403329E-004  6.469643637594443E-005  9.309773138316100E-005 
-6.469643637594440E-005 -3.885465580519346E-004 -6.469643637594394E-005 
 9.309773138316100E-005  6.469643637594492E-005 -4.332675254403347E-004
      </IFC>
    </s_s1_m1_m2_m3.1.1.3.4.2>
    <s_s1_m1_m2_m3.1.1.4.4.2>
      <IFC type="real" size="9" columns="3">
-4.109849835614125E-004  2.493664996716660E-018 -5.692061405548898E-019 
 2.493664996716660E-018 -4.109849835614177E-004 -2.981555974335137E-019 
-4.607859233063394E-019 -3.523657060577889E-019 -3.969381015172719E-004
      </IFC>
    </s_s1_m1_m2_m3.1.1.4.4.2>
    <s_s1_m1_m2_m3.1.1.1.1.3>
      <IFC type="real" size="9" columns="3">
-1.131558334432903E-005  5.717541413650512E-004 -5.556536133988210E-018 
 5.717541413650512E-004 -1.131558334430127E-005  4.851804721872632E-018 
-5.556536133988210E-018  4.851804721872632E-018  4.004935601132062E-003
      </IFC>
    </s_s1_m1_m2_m3.1.1.1.1.3>
    <s_s1_m1_m2_m3.1.1.2.1.3>
      <IFC type="real" size="9" columns="3">
-3.800647754392018E-004  3.576671505033395E-004  5.087844540820818E-004 
 4.780008780886011E-004 -2.991408902967840E-004  4.780008780885966E-004 
 5.087844540820818E-004  3.576671505033349E-004 -3.800647754391953E-004
      </IFC>
    </s_s1_m1_m2_m3.1.1.2.1.3>
    <s_s1_m1_m2_m3.1.1.3.1.3>
      <IFC type="real" size="9" columns="3">
 4.004935601132088E-003  2.249719507907422E-018  2.602085213965211E-018 
 2.249719507907422E-018 -1.131558334429607E-005  5.717541413650482E-004 
 2.602085213965211E-018  5.717541413650482E-004 -1.131558334430301E-005
      </IFC>
    </s_s1_m1_m2_m3.1.1.3.1.3>
    <s_s1_m1_m2_m3.1.1.4.1.3>
      <IFC type="real" size="9" columns="3">
-3.800647754392018E-004  4.780008780886011E-004  5.087844540820818E-004 
 3.576671505033395E-004 -2.991408902967840E-004  3.576671505033349E-004 
 5.087844540820818E-004  4.780008780885966E-004 -3.800647754391953E-004
      </IFC>
    </s_s1_m1_m2_m3.1.1.4.1.3>
    <s_s1_m1_m2_m3.1.1.1.2.3>
      <IFC type="real" size="9" columns="3">
-2.991408902967875E-004  4.780008780886017E-004 -4.780008780886002E-004 
 3.576671505033395E-004 -3.800647754392053E-004 -5.087844540820825E-004 
-3.576671505033380E-004 -5.087844540820825E-004 -3.800647754391949E-004
      </IFC>
    </s_s1_m1_m2_m3.1.1.1.2.3>
    <s_s1_m1_m2_m3.1.1.2.2.3>
      <IFC type="real" size="9" columns="3">
-3.800647754392018E-004 -5.087844540820826E-004 -3.576671505033409E-004 
-5.087844540820828E-004 -3.800647754392088E-004  3.576671505033376E-004 
-4.780008780886029E-004  4.780008780885996E-004 -2.991408902967871E-004
      </IFC>
    </s_s1_m1_m2_m3.1.1.2.2.3>
    <s_s1_m1_m2_m3.1.1.3.2.3>
      <IFC type="real" size="9" columns="3">
-3.885465580519398E-004  6.469643637594248E-005  6.469643637594175E-005 
-6.469643637594638E-005 -4.332675254403468E-004  9.309773138315938E-005 
-6.469643637594711E-005  9.309773138315938E-005 -4.332675254403399E-004
      </IFC>
    </s_s1_m1_m2_m3.1.1.3.2.3>
    <s_s1_m1_m2_m3.1.1.4.2.3>
      <IFC type="real" size="9" columns="3">
-4.332675254403312E-004  9.309773138316355E-005 -6.469643637594541E-005 
 9.309773138316355E-005 -4.332675254403381E-004 -6.469643637594443E-005 
 6.469643637594335E-005  6.469643637594432E-005 -3.885465580519276E-004
      </IFC>
    </s_s1_m1_m2_m3.1.1.4.2.3>
    <s_s1_m1_m2_m3.1.1.1.3.3>
      <IFC type="real" size="9" columns="3">
-1.131558334429433E-005  5.285485590866834E-018 -5.717541413650496E-004 
 5.285485590866834E-018  4.004935601132083E-003 -5.963111948670274E-019 
-5.717541413650496E-004 -5.963111948670274E-019 -1.131558334430127E-005
      </IFC>
    </s_s1_m1_m2_m3.1.1.1.3.3>
    <s_s1_m1_m2_m3.1.1.2.3.3>
      <IFC type="real" size="9" columns="3">
-4.332675254403451E-004 -6.469643637594359E-005 -9.309773138316241E-005 
 6.469643637594511E-005 -3.885465580519346E-004 -6.469643637594318E-005 
-9.309773138316228E-005  6.469643637594568E-005 -4.332675254403420E-004
      </IFC>
    </s_s1_m1_m2_m3.1.1.2.3.3>
    <s_s1_m1_m2_m3.1.1.3.3.3>
      <IFC type="real" size="9" columns="3">
 3.176449855765533E-005 -7.480994990149981E-018 -2.331034670843835E-018 
-7.480994990149981E-018  3.176449855765880E-005  6.071532165918825E-018 
-2.331034670843835E-018  6.071532165918825E-018  3.176449855766574E-005
      </IFC>
    </s_s1_m1_m2_m3.1.1.3.3.3>
    <s_s1_m1_m2_m3.1.1.4.3.3>
      <IFC type="real" size="9" columns="3">
-4.332675254403451E-004  6.469643637594511E-005 -9.309773138316228E-005 
-6.469643637594359E-005 -3.885465580519346E-004  6.469643637594568E-005 
-9.309773138316241E-005 -6.469643637594318E-005 -4.332675254403420E-004
      </IFC>
    </s_s1_m1_m2_m3.1.1.4.3.3>
    <s_s1_m1_m2_m3.1.1.1.4.3>
      <IFC type="real" size="9" columns="3">
-2.991408902967875E-004  3.576671505033395E-004 -3.576671505033380E-004 
 4.780008780886017E-004 -3.800647754392053E-004 -5.087844540820825E-004 
-4.780008780886002E-004 -5.087844540820825E-004 -3.800647754391949E-004
      </IFC>
    </s_s1_m1_m2_m3.1.1.1.4.3>
    <s_s1_m1_m2_m3.1.1.2.4.3>
      <IFC type="real" size="9" columns="3">
-4.332675254403312E-004  9.309773138316355E-005  6.469643637594335E-005 
 9.309773138316355E-005 -4.332675254403381E-004  6.469643637594432E-005 
-6.469643637594541E-005 -6.469643637594443E-005 -3.885465580519276E-004
      </IFC>
    </s_s1_m1_m2_m3.1.1.2.4.3>
    <s_s1_m1_m2_m3.1.1.3.4.3>
      <IFC type="real" size="9" columns="3">
-3.885465580519398E-004 -6.469643637594638E-005 -6.469643637594711E-005 
 6.469643637594248E-005 -4.332675254403468E-004  9.309773138315938E-005 
 6.469643637594175E-005  9.309773138315938E-005 -4.332675254403399E-004
      </IFC>
    </s_s1_m1_m2_m3.1.1.3.4.3>
    <s_s1_m1_m2_m3.1.1.4.4.3>
      <IFC type="real" size="9" columns="3">
-3.800647754392018E-004 -5.087844540820828E-004 -4.780008780886029E-004 
-5.087844540820826E-004 -3.800647754392088E-004  4.780008780885996E-004 
-3.576671505033409E-004  3.576671505033376E-004 -2.991408902967871E-004
      </IFC>
    </s_s1_m1_m2_m3.1.1.4.4.3>
    <s_s1_m1_m2_m3.1.1.1.1.4>
      <IFC type="real" size="9" columns="3">
-3.236623717125964E-003  3.914049980236901E-003  1.779133660667492E-003 
 3.914049980236901E-003 -3.236623717125964E-003 -1.779133660667491E-003 
-1.779133660667485E-003  1.779133660667486E-003  1.014125735158605E-002
      </IFC>
    </s_s1_m1_m2_m3.1.1.1.1.4>
    <s_s1_m1_m2_m3.1.1.2.1.4>
      <IFC type="real" size="9" columns="3">
 1.014125735158605E-002  1.779133660667482E-003 -1.779133660667493E-003 
-1.779133660667495E-003 -3.236623717125972E-003  3.914049980236899E-003 
 1.779133660667485E-003  3.914049980236899E-003 -3.236623717125972E-003
      </IFC>
    </s_s1_m1_m2_m3.1.1.2.1.4>
    <s_s1_m1_m2_m3.1.1.3.1.4>
      <IFC type="real" size="9" columns="3">
-3.800647754391966E-004  5.087844540820857E-004  4.780008780886006E-004 
 5.087844540820857E-004 -3.800647754391984E-004  4.780008780885995E-004 
 3.576671505033386E-004  3.576671505033375E-004 -2.991408902967875E-004
      </IFC>
    </s_s1_m1_m2_m3.1.1.3.1.4>
    <s_s1_m1_m2_m3.1.1.4.1.4>
      <IFC type="real" size="9" columns="3">
-2.991408902967910E-004  3.576671505033352E-004  3.576671505033346E-004 
 4.780008780885970E-004 -3.800647754392070E-004  5.087844540820835E-004 
 4.780008780885966E-004  5.087844540820835E-004 -3.800647754392031E-004
      </IFC>
    </s_s1_m1_m2_m3.1.1.4.1.4>
    <s_s1_m1_m2_m3.1.1.1.2.4>
      <IFC type="real" size="9" columns="3">
-3.236623717125974E-003 -1.779133660667495E-003 -3.914049980236896E-003 
 1.779133660667482E-003  1.014125735158605E-002  1.779133660667494E-003 
-3.914049980236896E-003 -1.779133660667483E-003 -3.236623717125971E-003
      </IFC>
    </s_s1_m1_m2_m3.1.1.1.2.4>
    <s_s1_m1_m2_m3.1.1.2.2.4>
      <IFC type="real" size="9" columns="3">
-4.109849835614125E-004  2.493664996716660E-018 -4.607859233063394E-019 
 2.493664996716660E-018 -4.109849835614177E-004 -3.523657060577889E-019 
-5.692061405548898E-019 -2.981555974335137E-019 -3.969381015172719E-004
      </IFC>
    </s_s1_m1_m2_m3.1.1.2.2.4>
    <s_s1_m1_m2_m3.1.1.3.2.4>
      <IFC type="real" size="9" columns="3">
-4.332675254403329E-004 -6.469643637594440E-005  9.309773138316100E-005 
 6.469643637594443E-005 -3.885465580519346E-004  6.469643637594492E-005 
 9.309773138316100E-005 -6.469643637594394E-005 -4.332675254403347E-004
      </IFC>
    </s_s1_m1_m2_m3.1.1.3.2.4>
    <s_s1_m1_m2_m3.1.1.4.2.4>
      <IFC type="real" size="9" columns="3">
-3.969381015172628E-004  2.276824562219559E-018 -1.002887009549092E-018 
 2.276824562219559E-018 -4.109849835614143E-004 -5.014435047745458E-018 
-8.944667923005412E-019 -5.068645156369733E-018 -4.109849835614112E-004
      </IFC>
    </s_s1_m1_m2_m3.1.1.4.2.4>
    <s_s1_m1_m2_m3.1.1.1.3.4>
      <IFC type="real" size="9" columns="3">
-3.800647754392018E-004  5.087844540820840E-004 -4.780008780885972E-004 
 5.087844540820840E-004 -3.800647754391984E-004 -4.780008780885990E-004 
-3.576671505033349E-004 -3.576671505033367E-004 -2.991408902967806E-004
      </IFC>
    </s_s1_m1_m2_m3.1.1.1.3.4>
    <s_s1_m1_m2_m3.1.1.2.3.4>
      <IFC type="real" size="9" columns="3">
-3.885465580519346E-004  6.469643637594310E-005 -6.469643637594443E-005 
-6.469643637594560E-005 -4.332675254403399E-004 -9.309773138316063E-005 
 6.469643637594435E-005 -9.309773138316054E-005 -4.332675254403325E-004
      </IFC>
    </s_s1_m1_m2_m3.1.1.2.3.4>
    <s_s1_m1_m2_m3.1.1.3.3.4>
      <IFC type="real" size="9" columns="3">
-4.332675254403399E-004 -9.309773138316111E-005  6.469643637594470E-005 
-9.309773138316111E-005 -4.332675254403485E-004 -6.469643637594310E-005 
-6.469643637594416E-005  6.469643637594576E-005 -3.885465580519276E-004
      </IFC>
    </s_s1_m1_m2_m3.1.1.3.3.4>
    <s_s1_m1_m2_m3.1.1.4.3.4>
      <IFC type="real" size="9" columns="3">
-2.991408902967840E-004 -3.576671505033373E-004 -3.576671505033391E-004 
-4.780008780885992E-004 -3.800647754392070E-004  5.087844540820814E-004 
-4.780008780886011E-004  5.087844540820813E-004 -3.800647754392031E-004
      </IFC>
    </s_s1_m1_m2_m3.1.1.4.3.4>
    <s_s1_m1_m2_m3.1.1.1.4.4>
      <IFC type="real" size="9" columns="3">
-3.800647754392157E-004  4.780008780885952E-004 -5.087844540820827E-004 
 3.576671505033330E-004 -2.991408902967910E-004 -3.576671505033332E-004 
-5.087844540820827E-004 -4.780008780885955E-004 -3.800647754392053E-004
      </IFC>
    </s_s1_m1_m2_m3.1.1.1.4.4>
    <s_s1_m1_m2_m3.1.1.2.4.4>
      <IFC type="real" size="9" columns="3">
-4.109849835614125E-004  4.445228907190568E-018  4.607859233063394E-019 
 4.445228907190568E-018 -3.969381015172680E-004 -3.523657060577889E-019 
 3.523657060577889E-019 -2.981555974335137E-019 -4.109849835614147E-004
      </IFC>
    </s_s1_m1_m2_m3.1.1.2.4.4>
    <s_s1_m1_m2_m3.1.1.3.4.4>
      <IFC type="real" size="9" columns="3">
-3.800647754392036E-004 -4.780008780885994E-004 -5.087844540820833E-004 
-3.576671505033373E-004 -2.991408902967840E-004  3.576671505033390E-004 
-5.087844540820833E-004  4.780008780886010E-004 -3.800647754392088E-004
      </IFC>
    </s_s1_m1_m2_m3.1.1.3.4.4>
    <s_s1_m1_m2_m3.1.1.4.4.4>
      <IFC type="real" size="9" columns="3">
-1.785559378727000E-005  2.927345865710862E-018  4.689174395999807E-018 
 2.927345865710862E-018 -1.785559378727174E-005 -3.279711571768651E-018 
 4.797594613248357E-018 -3.333921680392926E-018 -1.785559378727564E-005
      </IFC>
    </s_s1_m1_m2_m3.1.1.4.4.4>
    <s_s1_m1_m2_m3.1.2.1.1.1>
      <IFC type="real" size="9" columns="3">
-6.351183349587539E-002 -3.679561351861543E-002 -3.679561351861543E-002 
-3.679561351861543E-002 -6.351183349587539E-002 -3.679561351861543E-002 
-3.679561351861543E-002 -3.679561351861543E-002 -6.351183349587540E-002
      </IFC>
    </s_s1_m1_m2_m3.1.2.1.1.1>
    <s_s1_m1_m2_m3.1.2.2.1.1>
      <IFC type="real" size="9" columns="3">
 3.960854569214496E-004  7.802090352341453E-004 -7.802090352341427E-004 
 7.802090352341449E-004  4.164886940568617E-004  4.676043958594560E-004 
-7.802090352341426E-004  4.676043958594557E-004  4.164886940568570E-004
      </IFC>
    </s_s1_m1_m2_m3.1.2.2.1.1>
    <s_s1_m1_m2_m3.1.2.3.1.1>
      <IFC type="real" size="9" columns="3">
 3.726555730927358E-005  3.278772631980376E-004 -2.981041914916662E-005 
 3.278772631980372E-004 -2.752648036733678E-005  3.278772631980427E-004 
-2.981041914916618E-005  3.278772631980435E-004  3.726555730927412E-005
      </IFC>
    </s_s1_m1_m2_m3.1.2.3.1.1>
    <s_s1_m1_m2_m3.1.2.4.1.1>
      <IFC type="real" size="9" columns="3">
 4.164886940568588E-004  4.676043958594582E-004 -7.802090352341440E-004 
 4.676043958594575E-004  4.164886940568552E-004  7.802090352341425E-004 
-7.802090352341432E-004  7.802090352341441E-004  3.960854569214472E-004
      </IFC>
    </s_s1_m1_m2_m3.1.2.4.1.1>
    <s_s1_m1_m2_m3.1.2.1.2.1>
      <IFC type="real" size="9" columns="3">
-6.351183349587539E-002  3.679561351861543E-002  3.679561351861543E-002 
 3.679561351861543E-002 -6.351183349587539E-002 -3.679561351861543E-002 
 3.679561351861543E-002 -3.679561351861543E-002 -6.351183349587540E-002
      </IFC>
    </s_s1_m1_m2_m3.1.2.1.2.1>
    <s_s1_m1_m2_m3.1.2.2.2.1>
      <IFC type="real" size="9" columns="3">
-4.084592381348210E-004 -1.030273055231991E-003  3.970917983535343E-004 
-1.030273055231991E-003 -4.030455806339361E-003  1.030273055231992E-003 
 3.970917983535339E-004  1.030273055231992E-003 -4.084592381348243E-004
      </IFC>
    </s_s1_m1_m2_m3.1.2.2.2.1>
    <s_s1_m1_m2_m3.1.2.3.2.1>
      <IFC type="real" size="9" columns="3">
-4.084592381348216E-004  1.030273055231990E-003  3.970917983535355E-004 
 1.030273055231991E-003 -4.030455806339359E-003 -1.030273055231987E-003 
 3.970917983535356E-004 -1.030273055231987E-003 -4.084592381348232E-004
      </IFC>
    </s_s1_m1_m2_m3.1.2.3.2.1>
    <s_s1_m1_m2_m3.1.2.4.2.1>
      <IFC type="real" size="9" columns="3">
-6.351183349587540E-002 -3.679561351861543E-002  3.679561351861543E-002 
-3.679561351861543E-002 -6.351183349587540E-002  3.679561351861543E-002 
 3.679561351861543E-002  3.679561351861543E-002 -6.351183349587540E-002
      </IFC>
    </s_s1_m1_m2_m3.1.2.4.2.1>
    <s_s1_m1_m2_m3.1.2.1.3.1>
      <IFC type="real" size="9" columns="3">
-4.030455806339359E-003 -1.030273055231991E-003 -1.030273055231993E-003 
-1.030273055231990E-003 -4.084592381348182E-004 -3.970917983535374E-004 
-1.030273055231993E-003 -3.970917983535374E-004 -4.084592381348156E-004
      </IFC>
    </s_s1_m1_m2_m3.1.2.1.3.1>
    <s_s1_m1_m2_m3.1.2.2.3.1>
      <IFC type="real" size="9" columns="3">
 6.605974239876059E-004  8.124882814222998E-004 -8.124882814222990E-004 
 8.124882814222989E-004  6.605974239876071E-004  8.124882814222981E-004 
-8.124882814222991E-004  8.124882814222980E-004  6.605974239876096E-004
      </IFC>
    </s_s1_m1_m2_m3.1.2.2.3.1>
    <s_s1_m1_m2_m3.1.2.3.3.1>
      <IFC type="real" size="9" columns="3">
-4.084592381348218E-004 -3.970917983535335E-004 -1.030273055231989E-003 
-3.970917983535340E-004 -4.084592381348201E-004 -1.030273055231989E-003 
-1.030273055231988E-003 -1.030273055231988E-003 -4.030455806339359E-003
      </IFC>
    </s_s1_m1_m2_m3.1.2.3.3.1>
    <s_s1_m1_m2_m3.1.2.4.3.1>
      <IFC type="real" size="9" columns="3">
 4.164886940568581E-004  7.802090352341431E-004 -4.676043958594565E-004 
 7.802090352341430E-004  3.960854569214458E-004  7.802090352341442E-004 
-4.676043958594555E-004  7.802090352341452E-004  4.164886940568572E-004
      </IFC>
    </s_s1_m1_m2_m3.1.2.4.3.1>
    <s_s1_m1_m2_m3.1.2.1.4.1>
      <IFC type="real" size="9" columns="3">
-4.030455806339365E-003  1.030273055231990E-003  1.030273055231986E-003 
 1.030273055231991E-003 -4.084592381348217E-004 -3.970917983535389E-004 
 1.030273055231987E-003 -3.970917983535384E-004 -4.084592381348243E-004
      </IFC>
    </s_s1_m1_m2_m3.1.2.1.4.1>
    <s_s1_m1_m2_m3.1.2.2.4.1>
      <IFC type="real" size="9" columns="3">
-4.084592381348240E-004 -3.970917983535346E-004  1.030273055231987E-003 
-3.970917983535346E-004 -4.084592381348206E-004  1.030273055231989E-003 
 1.030273055231988E-003  1.030273055231990E-003 -4.030455806339359E-003
      </IFC>
    </s_s1_m1_m2_m3.1.2.2.4.1>
    <s_s1_m1_m2_m3.1.2.3.4.1>
      <IFC type="real" size="9" columns="3">
 3.726555730927293E-005  2.981041914916716E-005 -3.278772631980383E-004 
 2.981041914916607E-005  3.726555730927542E-005  3.278772631980379E-004 
-3.278772631980375E-004  3.278772631980391E-004 -2.752648036733678E-005
      </IFC>
    </s_s1_m1_m2_m3.1.2.3.4.1>
    <s_s1_m1_m2_m3.1.2.4.4.1>
      <IFC type="real" size="9" columns="3">
-2.752648036733352E-005  3.278772631980396E-004 -3.278772631980396E-004 
 3.278772631980361E-004  3.726555730927412E-005  2.981041914916580E-005 
-3.278772631980396E-004  2.981041914916754E-005  3.726555730927845E-005
      </IFC>
    </s_s1_m1_m2_m3.1.2.4.4.1>
    <s_s1_m1_m2_m3.1.2.1.1.2>
      <IFC type="real" size="9" columns="3">
 3.960854569214503E-004 -7.802090352341438E-004  7.802090352341459E-004 
-7.802090352341438E-004  4.164886940568606E-004  4.676043958594571E-004 
 7.802090352341459E-004  4.676043958594571E-004  4.164886940568597E-004
      </IFC>
    </s_s1_m1_m2_m3.1.2.1.1.2>
    <s_s1_m1_m2_m3.1.2.2.1.2>
      <IFC type="real" size="9" columns="3">
 3.177843404267418E-004 -1.327625020043770E-004 -1.327625020043758E-004 
-1.327625020043778E-004  3.611260089082565E-004  9.772953808575945E-005 
-1.327625020043755E-004  9.772953808575912E-005  3.611260089082561E-004
      </IFC>
    </s_s1_m1_m2_m3.1.2.2.1.2>
    <s_s1_m1_m2_m3.1.2.3.1.2>
      <IFC type="real" size="9" columns="3">
 3.611260089082589E-004  9.772953808575733E-005 -1.327625020043752E-004 
 9.772953808575625E-005  3.611260089082561E-004 -1.327625020043767E-004 
-1.327625020043747E-004 -1.327625020043771E-004  3.177843404267404E-004
      </IFC>
    </s_s1_m1_m2_m3.1.2.3.1.2>
    <s_s1_m1_m2_m3.1.2.4.1.2>
      <IFC type="real" size="9" columns="3">
 4.164886940568585E-004  4.676043958594596E-004  7.802090352341455E-004 
 4.676043958594578E-004  4.164886940568584E-004 -7.802090352341442E-004 
 7.802090352341457E-004 -7.802090352341429E-004  3.960854569214519E-004
      </IFC>
    </s_s1_m1_m2_m3.1.2.4.1.2>
    <s_s1_m1_m2_m3.1.2.1.2.2>
      <IFC type="real" size="9" columns="3">
-4.084592381348243E-004  3.970917983535348E-004 -1.030273055231987E-003 
 3.970917983535348E-004 -4.084592381348243E-004  1.030273055231991E-003 
-1.030273055231991E-003  1.030273055231991E-003 -4.030455806339359E-003
      </IFC>
    </s_s1_m1_m2_m3.1.2.1.2.2>
    <s_s1_m1_m2_m3.1.2.2.2.2>
      <IFC type="real" size="9" columns="3">
 6.605974239876061E-004 -8.124882814222968E-004 -8.124882814222970E-004 
-8.124882814222975E-004  6.605974239876037E-004 -8.124882814222990E-004 
-8.124882814222972E-004 -8.124882814222996E-004  6.605974239876042E-004
      </IFC>
    </s_s1_m1_m2_m3.1.2.2.2.2>
    <s_s1_m1_m2_m3.1.2.3.2.2>
      <IFC type="real" size="9" columns="3">
-4.030455806339361E-003  1.030273055231990E-003 -1.030273055231987E-003 
 1.030273055231990E-003 -4.084592381348221E-004  3.970917983535351E-004 
-1.030273055231986E-003  3.970917983535345E-004 -4.084592381348227E-004
      </IFC>
    </s_s1_m1_m2_m3.1.2.3.2.2>
    <s_s1_m1_m2_m3.1.2.4.2.2>
      <IFC type="real" size="9" columns="3">
 4.164886940568537E-004 -7.802090352341429E-004 -4.676043958594576E-004 
-7.802090352341464E-004  3.960854569214458E-004 -7.802090352341455E-004 
-4.676043958594577E-004 -7.802090352341438E-004  4.164886940568588E-004
      </IFC>
    </s_s1_m1_m2_m3.1.2.4.2.2>
    <s_s1_m1_m2_m3.1.2.1.3.2>
      <IFC type="real" size="9" columns="3">
 6.605974239876078E-004 -8.124882814223001E-004  8.124882814222979E-004 
-8.124882814223001E-004  6.605974239876091E-004  8.124882814222996E-004 
 8.124882814222979E-004  8.124882814222996E-004  6.605974239876022E-004
      </IFC>
    </s_s1_m1_m2_m3.1.2.1.3.2>
    <s_s1_m1_m2_m3.1.2.2.3.2>
      <IFC type="real" size="9" columns="3">
 6.605974239876044E-004  8.124882814222994E-004  8.124882814222985E-004 
 8.124882814222985E-004  6.605974239876050E-004 -8.124882814222981E-004 
 8.124882814222985E-004 -8.124882814222981E-004  6.605974239876015E-004
      </IFC>
    </s_s1_m1_m2_m3.1.2.2.3.2>
    <s_s1_m1_m2_m3.1.2.3.3.2>
      <IFC type="real" size="9" columns="3">
 3.611260089082559E-004  1.327625020043775E-004 -9.772953808575582E-005 
 1.327625020043769E-004  3.177843404267393E-004 -1.327625020043732E-004 
-9.772953808575538E-005 -1.327625020043732E-004  3.611260089082585E-004
      </IFC>
    </s_s1_m1_m2_m3.1.2.3.3.2>
    <s_s1_m1_m2_m3.1.2.4.3.2>
      <IFC type="real" size="9" columns="3">
 3.611260089082569E-004 -1.327625020043751E-004 -9.772953808576021E-005 
-1.327625020043755E-004  3.177843404267413E-004  1.327625020043757E-004 
-9.772953808575977E-005  1.327625020043764E-004  3.611260089082548E-004
      </IFC>
    </s_s1_m1_m2_m3.1.2.4.3.2>
    <s_s1_m1_m2_m3.1.2.1.4.2>
      <IFC type="real" size="9" columns="3">
-4.084592381348217E-004  1.030273055231990E-003 -3.970917983535351E-004 
 1.030273055231990E-003 -4.030455806339363E-003  1.030273055231988E-003 
-3.970917983535346E-004  1.030273055231989E-003 -4.084592381348286E-004
      </IFC>
    </s_s1_m1_m2_m3.1.2.1.4.2>
    <s_s1_m1_m2_m3.1.2.2.4.2>
      <IFC type="real" size="9" columns="3">
 3.177843404267415E-004  1.327625020043768E-004  1.327625020043765E-004 
 1.327625020043757E-004  3.611260089082570E-004  9.772953808575695E-005 
 1.327625020043771E-004  9.772953808575739E-005  3.611260089082560E-004
      </IFC>
    </s_s1_m1_m2_m3.1.2.2.4.2>
    <s_s1_m1_m2_m3.1.2.3.4.2>
      <IFC type="real" size="9" columns="3">
 5.598632660303213E-004 -1.609578983464980E-004  1.609578983464992E-004 
-1.609578983464997E-004  5.598632660303231E-004 -1.609578983464988E-004 
 1.609578983464999E-004 -1.609578983464986E-004  5.598632660303246E-004
      </IFC>
    </s_s1_m1_m2_m3.1.2.3.4.2>
    <s_s1_m1_m2_m3.1.2.4.4.2>
      <IFC type="real" size="9" columns="3">
 3.611260089082561E-004  9.772953808575912E-005  1.327625020043738E-004 
 9.772953808575793E-005  3.611260089082570E-004  1.327625020043742E-004 
 1.327625020043737E-004  1.327625020043753E-004  3.177843404267388E-004
      </IFC>
    </s_s1_m1_m2_m3.1.2.4.4.2>
    <s_s1_m1_m2_m3.1.2.1.1.3>
      <IFC type="real" size="9" columns="3">
 3.726555730926978E-005 -2.981041914916840E-005  3.278772631980370E-004 
-2.981041914917187E-005  3.726555730926978E-005  3.278772631980370E-004 
 3.278772631980370E-004  3.278772631980370E-004 -2.752648036734306E-005
      </IFC>
    </s_s1_m1_m2_m3.1.2.1.1.3>
    <s_s1_m1_m2_m3.1.2.2.1.3>
      <IFC type="real" size="9" columns="3">
 3.611260089082566E-004 -1.327625020043752E-004  9.772953808575733E-005 
-1.327625020043757E-004  3.177843404267410E-004 -1.327625020043771E-004 
 9.772953808575701E-005 -1.327625020043768E-004  3.611260089082603E-004
      </IFC>
    </s_s1_m1_m2_m3.1.2.2.1.3>
    <s_s1_m1_m2_m3.1.2.3.1.3>
      <IFC type="real" size="9" columns="3">
-2.752648036733602E-005  3.278772631980399E-004  3.278772631980404E-004 
 3.278772631980390E-004  3.726555730927217E-005 -2.981041914916889E-005 
 3.278772631980404E-004 -2.981041914916792E-005  3.726555730927152E-005
      </IFC>
    </s_s1_m1_m2_m3.1.2.3.1.3>
    <s_s1_m1_m2_m3.1.2.4.1.3>
      <IFC type="real" size="9" columns="3">
 2.792620168093606E-004 -1.340799939497223E-004  1.340799939497294E-004 
-1.340799939497237E-004  2.792620168093642E-004 -1.340799939497253E-004 
 1.340799939497293E-004 -1.340799939497248E-004  2.792620168093632E-004
      </IFC>
    </s_s1_m1_m2_m3.1.2.4.1.3>
    <s_s1_m1_m2_m3.1.2.1.2.3>
      <IFC type="real" size="9" columns="3">
-4.084592381348243E-004  3.970917983535348E-004  1.030273055231987E-003 
 3.970917983535348E-004 -4.084592381348243E-004 -1.030273055231984E-003 
 1.030273055231984E-003 -1.030273055231984E-003 -4.030455806339359E-003
      </IFC>
    </s_s1_m1_m2_m3.1.2.1.2.3>
    <s_s1_m1_m2_m3.1.2.2.2.3>
      <IFC type="real" size="9" columns="3">
-4.030455806339360E-003 -1.030273055231987E-003  1.030273055231990E-003 
-1.030273055231988E-003 -4.084592381348240E-004  3.970917983535352E-004 
 1.030273055231990E-003  3.970917983535350E-004 -4.084592381348212E-004
      </IFC>
    </s_s1_m1_m2_m3.1.2.2.2.3>
    <s_s1_m1_m2_m3.1.2.3.2.3>
      <IFC type="real" size="9" columns="3">
-2.752648036733580E-005 -3.278772631980374E-004 -3.278772631980375E-004 
-3.278772631980381E-004  3.726555730927672E-005 -2.981041914917014E-005 
-3.278772631980378E-004 -2.981041914917003E-005  3.726555730927130E-005
      </IFC>
    </s_s1_m1_m2_m3.1.2.3.2.3>
    <s_s1_m1_m2_m3.1.2.4.2.3>
      <IFC type="real" size="9" columns="3">
 3.726555730927672E-005 -2.981041914916494E-005 -3.278772631980405E-004 
-2.981041914916840E-005  3.726555730927672E-005 -3.278772631980370E-004 
-3.278772631980405E-004 -3.278772631980370E-004 -2.752648036734306E-005
      </IFC>
    </s_s1_m1_m2_m3.1.2.4.2.3>
    <s_s1_m1_m2_m3.1.2.1.3.3>
      <IFC type="real" size="9" columns="3">
-4.084592381348173E-004 -1.030273055231987E-003 -3.970917983535348E-004 
-1.030273055231988E-003 -4.030455806339359E-003 -1.030273055231988E-003 
-3.970917983535348E-004 -1.030273055231988E-003 -4.084592381348225E-004
      </IFC>
    </s_s1_m1_m2_m3.1.2.1.3.3>
    <s_s1_m1_m2_m3.1.2.2.3.3>
      <IFC type="real" size="9" columns="3">
 3.611260089082569E-004 -9.772953808575668E-005  1.327625020043788E-004 
-9.772953808575744E-005  3.611260089082570E-004 -1.327625020043771E-004 
 1.327625020043783E-004 -1.327625020043761E-004  3.177843404267416E-004
      </IFC>
    </s_s1_m1_m2_m3.1.2.2.3.3>
    <s_s1_m1_m2_m3.1.2.3.3.3>
      <IFC type="real" size="9" columns="3">
 5.598632660303214E-004  1.609578983464999E-004  1.609578983464992E-004 
 1.609578983464990E-004  5.598632660303220E-004  1.609578983464974E-004 
 1.609578983464992E-004  1.609578983464977E-004  5.598632660303222E-004
      </IFC>
    </s_s1_m1_m2_m3.1.2.3.3.3>
    <s_s1_m1_m2_m3.1.2.4.3.3>
      <IFC type="real" size="9" columns="3">
 3.177843404267416E-004 -1.327625020043721E-004  1.327625020043762E-004 
-1.327625020043733E-004  3.611260089082587E-004 -9.772953808575928E-005 
 1.327625020043764E-004 -9.772953808575896E-005  3.611260089082562E-004
      </IFC>
    </s_s1_m1_m2_m3.1.2.4.3.3>
    <s_s1_m1_m2_m3.1.2.1.4.3>
      <IFC type="real" size="9" columns="3">
 3.726555730927065E-005 -3.278772631980357E-004  2.981041914917242E-005 
-3.278772631980366E-004 -2.752648036734046E-005  3.278772631980381E-004 
 2.981041914917296E-005  3.278772631980386E-004  3.726555730926805E-005
      </IFC>
    </s_s1_m1_m2_m3.1.2.1.4.3>
    <s_s1_m1_m2_m3.1.2.2.4.3>
      <IFC type="real" size="9" columns="3">
 5.598632660303215E-004  1.609578983464983E-004 -1.609578983464977E-004 
 1.609578983464979E-004  5.598632660303215E-004 -1.609578983464981E-004 
-1.609578983464977E-004 -1.609578983464983E-004  5.598632660303224E-004
      </IFC>
    </s_s1_m1_m2_m3.1.2.2.4.3>
    <s_s1_m1_m2_m3.1.2.3.4.3>
