<?xml version="1.0"?>
<?iotk version="1.2.0"?>
<?iotk file_version="1.0"?>
<?iotk binary="F"?>
<?iotk qe_syntax="F"?>
<Root>
  <GEOMETRY_INFO>
    <NUMBER_OF_TYPES type="integer" size="1">
         1
    </NUMBER_OF_TYPES>
    <NUMBER_OF_ATOMS type="integer" size="1">
         2
    </NUMBER_OF_ATOMS>
    <BRAVAIS_LATTICE_INDEX type="integer" size="1">
         0
    </BRAVAIS_LATTICE_INDEX>
    <SPIN_COMPONENTS type="integer" size="1">
         1
    </SPIN_COMPONENTS>
    <CELL_DIMENSIONS type="real" size="6">
 1.005000000000000E+001
 0.000000000000000E+000
 0.000000000000000E+000
 0.000000000000000E+000
 0.000000000000000E+000
 0.000000000000000E+000
    </CELL_DIMENSIONS>
    <AT type="real" size="9" columns="3">
-4.999999999999998E-001  0.000000000000000E+000  4.999999999999998E-001 
 0.000000000000000E+000  4.999999999999998E-001  4.999999999999998E-001 
-4.999999999999998E-001  4.999999999999998E-001  0.000000000000000E+000
    </AT>
    <BG type="real" size="9" columns="3">
-1.000000000000000E+000 -1.000000000000000E+000  1.000000000000000E+000 
 1.000000000000000E+000  1.000000000000000E+000  1.000000000000000E+000 
-1.000000000000000E+000  1.000000000000000E+000 -1.000000000000000E+000
    </BG>
    <UNIT_CELL_VOLUME_AU type="real" size="1">
 2.537687812499998E+002
    </UNIT_CELL_VOLUME_AU>
    <TYPE_NAME.1 type="character" size="1" len="3">
Si 
    </TYPE_NAME.1>
    <MASS.1 type="real" size="1">
 2.808600000000000E+001
    </MASS.1>
    <ATOM.1 SPECIES="Si " INDEX="1" TAU="0.000000000000000E+000 0.000000000000000E+000 0.000000000000000E+000"/>
    <ATOM.2 SPECIES="Si " INDEX="1" TAU="2.500000000000000E-001 2.500000000000000E-001 2.500000000000000E-001"/>
    <NUMBER_OF_Q type="integer" size="1">
         6
    </NUMBER_OF_Q>
  </GEOMETRY_INFO>
  <DIELECTRIC_PROPERTIES>
    <EPSILON type="real" size="9" columns="3">
 2.185125375138649E+001  8.881784197001252E-015 -1.598721155460225E-014 
 8.881784197001252E-015  2.185125375138649E+001 -1.776356839400250E-015 
-1.243449787580175E-014  1.776356839400250E-015  2.185125375138650E+001
    </EPSILON>
    <ZSTAR>
      <Z_AT_.1 type="real" size="9" columns="3">
 2.442490654175344E-015  1.776356839400250E-015  0.000000000000000E+000 
 1.332267629550188E-015  3.108624468950438E-015 -8.881784197001250E-016 
 8.881784197001252E-016 -6.661338147750939E-016  2.442490654175344E-015
      </Z_AT_.1>
      <Z_AT_.2 type="real" size="9" columns="3">
-2.664535259100376E-015 -1.776356839400250E-015  0.000000000000000E+000 
-1.332267629550188E-015 -2.886579864025407E-015  8.881784197001250E-016 
-8.881784197001252E-016  6.661338147750939E-016 -2.442490654175344E-015
      </Z_AT_.2>
    </ZSTAR>
  </DIELECTRIC_PROPERTIES>
  <INTERATOMIC_FORCE_CONSTANTS>
    <MESH_NQ1_NQ2_NQ3 type="integer" size="3" columns="3">
         4          4          4
    </MESH_NQ1_NQ2_NQ3>
    <s_s1_m1_m2_m3.1.1.1.1.1>
      <IFC type="real" size="9" columns="3">
 3.034433809648344E-001  5.529431079676073E-018  5.827586677109586E-018 
 5.529431079676073E-018  3.034433809648344E-001 -2.358139725155972E-018 
 5.827586677109586E-018 -2.358139725155972E-018  3.034433809648344E-001
      </IFC>
    </s_s1_m1_m2_m3.1.1.1.1.1>
    <s_s1_m1_m2_m3.1.1.2.1.1>
      <IFC type="real" size="9" columns="3">
-3.971132222272454E-003 -1.911690128430605E-003  4.763856881470433E-003 
 1.911690128430608E-003  1.085322861333700E-002 -1.911690128430600E-003 
 4.763856881470433E-003  1.911690128430614E-003 -3.971132222272473E-003
      </IFC>
    </s_s1_m1_m2_m3.1.1.2.1.1>
    <s_s1_m1_m2_m3.1.1.3.1.1>
      <IFC type="real" size="9" columns="3">
-4.263478902941098E-005  6.694948415097990E-018  4.931149394598010E-004 
 6.694948415097990E-018  4.132567805968105E-003 -1.626303258728257E-019 
 4.931149394598010E-004 -1.626303258728257E-019 -4.263478902938669E-005
      </IFC>
    </s_s1_m1_m2_m3.1.1.3.1.1>
    <s_s1_m1_m2_m3.1.1.4.1.1>
      <IFC type="real" size="9" columns="3">
-3.971132222272454E-003  1.911690128430608E-003  4.763856881470433E-003 
-1.911690128430605E-003  1.085322861333700E-002  1.911690128430614E-003 
 4.763856881470433E-003 -1.911690128430600E-003 -3.971132222272473E-003
      </IFC>
    </s_s1_m1_m2_m3.1.1.4.1.1>
    <s_s1_m1_m2_m3.1.1.1.2.1>
      <IFC type="real" size="9" columns="3">
 1.085322861333701E-002  1.911690128430606E-003  1.911690128430604E-003 
-1.911690128430608E-003 -3.971132222272456E-003 -4.763856881470432E-003 
-1.911690128430609E-003 -4.763856881470432E-003 -3.971132222272470E-003
      </IFC>
    </s_s1_m1_m2_m3.1.1.1.2.1>
    <s_s1_m1_m2_m3.1.1.2.2.1>
      <IFC type="real" size="9" columns="3">
-4.443188107451281E-004 -4.549508634287029E-004  3.424417514432867E-004 
-4.549508634287029E-004 -4.443188107451333E-004 -3.424417514432933E-004 
 4.906308902907122E-004 -4.906308902907189E-004 -3.288578420169450E-004
      </IFC>
    </s_s1_m1_m2_m3.1.1.2.2.1>
    <s_s1_m1_m2_m3.1.1.3.2.1>
      <IFC type="real" size="9" columns="3">
-3.288578420169476E-004 -4.906308902907172E-004  4.906308902907174E-004 
-3.424417514432916E-004 -4.443188107451333E-004 -4.549508634287026E-004 
 3.424417514432918E-004 -4.549508634287026E-004 -4.443188107451472E-004
      </IFC>
    </s_s1_m1_m2_m3.1.1.3.2.1>
    <s_s1_m1_m2_m3.1.1.4.2.1>
      <IFC type="real" size="9" columns="3">
-3.971132222272463E-003 -4.763856881470434E-003 -1.911690128430603E-003 
-4.763856881470434E-003 -3.971132222272461E-003 -1.911690128430615E-003 
 1.911690128430611E-003  1.911690128430599E-003  1.085322861333701E-002
      </IFC>
    </s_s1_m1_m2_m3.1.1.4.2.1>
    <s_s1_m1_m2_m3.1.1.1.3.1>
      <IFC type="real" size="9" columns="3">
 4.132567805968101E-003  9.757819552369540E-019 -4.878909776184770E-019 
 9.757819552369540E-019 -4.263478902943180E-005 -4.931149394598031E-004 
-4.878909776184770E-019 -4.931149394598031E-004 -4.263478902939016E-005
      </IFC>
    </s_s1_m1_m2_m3.1.1.1.3.1>
    <s_s1_m1_m2_m3.1.1.2.3.1>
      <IFC type="real" size="9" columns="3">
-4.443188107451307E-004 -3.424417514432933E-004  4.549508634287029E-004 
-4.906308902907188E-004 -3.288578420169554E-004 -4.906308902907199E-004 
 4.549508634287028E-004 -3.424417514432943E-004 -4.443188107451463E-004
      </IFC>
    </s_s1_m1_m2_m3.1.1.2.3.1>
    <s_s1_m1_m2_m3.1.1.3.3.1>
      <IFC type="real" size="9" columns="3">
-4.263478902941098E-005 -4.931149394597975E-004 -4.797594613248357E-018 
-4.931149394597975E-004 -4.263478902942833E-005 -1.029992063861229E-018 
-4.797594613248357E-018 -1.029992063861229E-018  4.132567805968105E-003
      </IFC>
    </s_s1_m1_m2_m3.1.1.3.3.1>
    <s_s1_m1_m2_m3.1.1.4.3.1>
      <IFC type="real" size="9" columns="3">
-4.443188107451307E-004 -4.906308902907188E-004  4.549508634287028E-004 
-3.424417514432933E-004 -3.288578420169554E-004 -3.424417514432943E-004 
 4.549508634287029E-004 -4.906308902907199E-004 -4.443188107451463E-004
      </IFC>
    </s_s1_m1_m2_m3.1.1.4.3.1>
    <s_s1_m1_m2_m3.1.1.1.4.1>
      <IFC type="real" size="9" columns="3">
 1.085322861333701E-002 -1.911690128430608E-003 -1.911690128430609E-003 
 1.911690128430606E-003 -3.971132222272456E-003 -4.763856881470432E-003 
 1.911690128430604E-003 -4.763856881470432E-003 -3.971132222272470E-003
      </IFC>
    </s_s1_m1_m2_m3.1.1.1.4.1>
    <s_s1_m1_m2_m3.1.1.2.4.1>
      <IFC type="real" size="9" columns="3">
-3.971132222272463E-003 -4.763856881470434E-003  1.911690128430611E-003 
-4.763856881470434E-003 -3.971132222272461E-003  1.911690128430599E-003 
-1.911690128430603E-003 -1.911690128430615E-003  1.085322861333701E-002
      </IFC>
    </s_s1_m1_m2_m3.1.1.2.4.1>
    <s_s1_m1_m2_m3.1.1.3.4.1>
      <IFC type="real" size="9" columns="3">
-3.288578420169476E-004 -3.424417514432916E-004  3.424417514432918E-004 
-4.906308902907172E-004 -4.443188107451333E-004 -4.549508634287026E-004 
 4.906308902907174E-004 -4.549508634287026E-004 -4.443188107451472E-004
      </IFC>
    </s_s1_m1_m2_m3.1.1.3.4.1>
    <s_s1_m1_m2_m3.1.1.4.4.1>
      <IFC type="real" size="9" columns="3">
-4.443188107451281E-004 -4.549508634287029E-004  4.906308902907122E-004 
-4.549508634287029E-004 -4.443188107451333E-004 -4.906308902907189E-004 
 3.424417514432867E-004 -3.424417514432933E-004 -3.288578420169450E-004
      </IFC>
    </s_s1_m1_m2_m3.1.1.4.4.1>
    <s_s1_m1_m2_m3.1.1.1.1.2>
      <IFC type="real" size="9" columns="3">
-3.971132222272453E-003  4.763856881470432E-003 -1.911690128430611E-003 
 4.763856881470432E-003 -3.971132222272453E-003  1.911690128430609E-003 
 1.911690128430603E-003 -1.911690128430605E-003  1.085322861333701E-002
      </IFC>
    </s_s1_m1_m2_m3.1.1.1.1.2>
    <s_s1_m1_m2_m3.1.1.2.1.2>
      <IFC type="real" size="9" columns="3">
-3.288578420169519E-004  4.906308902907193E-004  4.906308902907182E-004 
 3.424417514432942E-004 -4.443188107451333E-004  4.549508634287065E-004 
 3.424417514432930E-004  4.549508634287061E-004 -4.443188107451377E-004
      </IFC>
    </s_s1_m1_m2_m3.1.1.2.1.2>
    <s_s1_m1_m2_m3.1.1.3.1.2>
      <IFC type="real" size="9" columns="3">
-4.443188107451385E-004  4.549508634287042E-004  3.424417514432902E-004 
 4.549508634287042E-004 -4.443188107451385E-004  3.424417514432902E-004 
 4.906308902907158E-004  4.906308902907158E-004 -3.288578420169407E-004
      </IFC>
    </s_s1_m1_m2_m3.1.1.3.1.2>
    <s_s1_m1_m2_m3.1.1.4.1.2>
      <IFC type="real" size="9" columns="3">
 1.085322861333701E-002 -1.911690128430598E-003  1.911690128430612E-003 
 1.911690128430615E-003 -3.971132222272465E-003  4.763856881470433E-003 
-1.911690128430602E-003  4.763856881470433E-003 -3.971132222272457E-003
      </IFC>
    </s_s1_m1_m2_m3.1.1.4.1.2>
    <s_s1_m1_m2_m3.1.1.1.2.2>
      <IFC type="real" size="9" columns="3">
-4.443188107451437E-004  3.424417514432886E-004 -4.549508634287052E-004 
 4.906308902907139E-004 -3.288578420169615E-004 -4.906308902907179E-004 
-4.549508634287052E-004 -3.424417514432928E-004 -4.443188107451507E-004
      </IFC>
    </s_s1_m1_m2_m3.1.1.1.2.2>
    <s_s1_m1_m2_m3.1.1.2.2.2>
      <IFC type="real" size="9" columns="3">
-1.212745809775657E-005 -4.770489558936220E-018 -6.342582709040201E-018 
-4.770489558936220E-018 -1.212745809775571E-005  4.038653092508504E-018 
-6.342582709040201E-018  3.984442983884229E-018 -1.212745809774703E-005
      </IFC>
    </s_s1_m1_m2_m3.1.1.2.2.2>
    <s_s1_m1_m2_m3.1.1.3.2.2>
      <IFC type="real" size="9" columns="3">
-4.443188107451212E-004 -3.424417514432963E-004 -4.549508634287010E-004 
-4.906308902907219E-004 -3.288578420169528E-004  4.906308902907150E-004 
-4.549508634287010E-004  3.424417514432894E-004 -4.443188107451507E-004
      </IFC>
    </s_s1_m1_m2_m3.1.1.3.2.2>
    <s_s1_m1_m2_m3.1.1.4.2.2>
      <IFC type="real" size="9" columns="3">
-4.158556618880094E-004  1.301042606982605E-018 -2.873135757086587E-018 
 1.301042606982605E-018 -4.113219686987290E-004 -4.255493527005605E-018 
-2.873135757086587E-018 -4.147073309757054E-018 -4.158556618880085E-004
      </IFC>
    </s_s1_m1_m2_m3.1.1.4.2.2>
    <s_s1_m1_m2_m3.1.1.1.3.2>
      <IFC type="real" size="9" columns="3">
-4.443188107451437E-004  4.549508634286998E-004 -3.424417514432927E-004 
 4.549508634286998E-004 -4.443188107451368E-004 -3.424417514432942E-004 
-4.906308902907179E-004 -4.906308902907194E-004 -3.288578420169372E-004
      </IFC>
    </s_s1_m1_m2_m3.1.1.1.3.2>
    <s_s1_m1_m2_m3.1.1.2.3.2>
      <IFC type="real" size="9" columns="3">
-3.288578420169485E-004 -4.906308902907191E-004 -4.906308902907130E-004 
-3.424417514432936E-004 -4.443188107451212E-004  4.549508634287023E-004 
-3.424417514432876E-004  4.549508634287023E-004 -4.443188107451446E-004
      </IFC>
    </s_s1_m1_m2_m3.1.1.2.3.2>
    <s_s1_m1_m2_m3.1.1.3.3.2>
      <IFC type="real" size="9" columns="3">
-5.169036087392890E-004 -8.449845625369015E-005 -8.960613953259487E-005 
-8.449845625369015E-005 -5.169036087392925E-004  8.960613953259866E-005 
 8.960613953260500E-005 -8.960613953260121E-005 -3.804263907855564E-004
      </IFC>
    </s_s1_m1_m2_m3.1.1.3.3.2>
    <s_s1_m1_m2_m3.1.1.4.3.2>
      <IFC type="real" size="9" columns="3">
-3.804263907855503E-004 -8.960613953260451E-005  8.960613953259703E-005 
 8.960613953259524E-005 -5.169036087393115E-004 -8.449845625368421E-005 
-8.960613953260270E-005 -8.449845625368421E-005 -5.169036087393193E-004
      </IFC>
    </s_s1_m1_m2_m3.1.1.4.3.2>
    <s_s1_m1_m2_m3.1.1.1.4.2>
      <IFC type="real" size="9" columns="3">
-3.971132222272467E-003  1.911690128430614E-003 -4.763856881470431E-003 
-1.911690128430600E-003  1.085322861333700E-002 -1.911690128430611E-003 
-4.763856881470431E-003  1.911690128430603E-003 -3.971132222272453E-003
      </IFC>
    </s_s1_m1_m2_m3.1.1.1.4.2>
    <s_s1_m1_m2_m3.1.1.2.4.2>
      <IFC type="real" size="9" columns="3">
-4.113219686987211E-004  5.204170427930421E-018  6.776263578034403E-018 
 5.204170427930421E-018 -4.158556618880068E-004  7.182839392716467E-018 
 6.776263578034403E-018  7.074419175467916E-018 -4.158556618880224E-004
      </IFC>
    </s_s1_m1_m2_m3.1.1.2.4.2>
    <s_s1_m1_m2_m3.1.1.3.4.2>
      <IFC type="real" size="9" columns="3">
-5.169036087393133E-004  8.960613953259299E-005  8.449845625368996E-005 
-8.960613953260687E-005 -3.804263907855581E-004 -8.960613953259413E-005 
 8.449845625368996E-005  8.960613953260573E-005 -5.169036087393150E-004
      </IFC>
    </s_s1_m1_m2_m3.1.1.3.4.2>
    <s_s1_m1_m2_m3.1.1.4.4.2>
      <IFC type="real" size="9" columns="3">
-4.158556618880076E-004 -8.673617379884035E-019  3.306816626080789E-018 
-8.673617379884035E-019 -4.158556618880102E-004 -2.141299290658871E-018 
 3.306816626080789E-018 -2.087089182034596E-018 -4.113219686987237E-004
      </IFC>
    </s_s1_m1_m2_m3.1.1.4.4.2>
    <s_s1_m1_m2_m3.1.1.1.1.3>
      <IFC type="real" size="9" columns="3">
-4.263478902943874E-005  4.931149394598015E-004 -3.388131789017201E-018 
 4.931149394598015E-004 -4.263478902943874E-005 -8.131516293641283E-020 
-3.388131789017201E-018 -8.131516293641283E-020  4.132567805968074E-003
      </IFC>
    </s_s1_m1_m2_m3.1.1.1.1.3>
    <s_s1_m1_m2_m3.1.1.2.1.3>
      <IFC type="real" size="9" columns="3">
-4.443188107451411E-004  3.424417514432942E-004  4.549508634287000E-004 
 4.906308902907194E-004 -3.288578420169519E-004  4.906308902907178E-004 
 4.549508634287000E-004  3.424417514432925E-004 -4.443188107451290E-004
      </IFC>
    </s_s1_m1_m2_m3.1.1.2.1.3>
    <s_s1_m1_m2_m3.1.1.3.1.3>
      <IFC type="real" size="9" columns="3">
 4.132567805968098E-003 -5.231275482242559E-018 -7.643625316022806E-018 
-5.231275482242559E-018 -4.263478902943180E-005  4.931149394597943E-004 
-7.643625316022806E-018  4.931149394597943E-004 -4.263478902942139E-005
      </IFC>
    </s_s1_m1_m2_m3.1.1.3.1.3>
    <s_s1_m1_m2_m3.1.1.4.1.3>
      <IFC type="real" size="9" columns="3">
-4.443188107451411E-004  4.906308902907194E-004  4.549508634287000E-004 
 3.424417514432942E-004 -3.288578420169519E-004  3.424417514432925E-004 
 4.549508634287000E-004  4.906308902907178E-004 -4.443188107451290E-004
      </IFC>
    </s_s1_m1_m2_m3.1.1.4.1.3>
    <s_s1_m1_m2_m3.1.1.1.2.3>
      <IFC type="real" size="9" columns="3">
-3.288578420169441E-004  4.906308902907201E-004 -4.906308902907175E-004 
 3.424417514432947E-004 -4.443188107451472E-004 -4.549508634286992E-004 
-3.424417514432919E-004 -4.549508634286987E-004 -4.443188107451333E-004
      </IFC>
    </s_s1_m1_m2_m3.1.1.1.2.3>
    <s_s1_m1_m2_m3.1.1.2.2.3>
      <IFC type="real" size="9" columns="3">
-4.443188107451351E-004 -4.549508634287011E-004 -3.424417514432930E-004 
-4.549508634287011E-004 -4.443188107451316E-004  3.424417514432911E-004 
-4.906308902907185E-004  4.906308902907165E-004 -3.288578420169485E-004
      </IFC>
    </s_s1_m1_m2_m3.1.1.2.2.3>
    <s_s1_m1_m2_m3.1.1.3.2.3>
      <IFC type="real" size="9" columns="3">
-3.804263907855460E-004  8.960613953260048E-005  8.960613953260552E-005 
-8.960613953259939E-005 -5.169036087393046E-004  8.449845625369381E-005 
-8.960613953259435E-005  8.449845625369381E-005 -5.169036087392977E-004
      </IFC>
    </s_s1_m1_m2_m3.1.1.3.2.3>
    <s_s1_m1_m2_m3.1.1.4.2.3>
      <IFC type="real" size="9" columns="3">
-5.169036087393115E-004  8.449845625368557E-005 -8.960613953260649E-005 
 8.449845625368557E-005 -5.169036087393185E-004 -8.960613953259652E-005 
 8.960613953259327E-005  8.960613953260346E-005 -3.804263907855676E-004
      </IFC>
    </s_s1_m1_m2_m3.1.1.4.2.3>
    <s_s1_m1_m2_m3.1.1.1.3.3>
      <IFC type="real" size="9" columns="3">
-4.263478902942486E-005 -8.348356728138384E-018 -4.931149394597938E-004 
-8.348356728138384E-018  4.132567805968095E-003  6.776263578034403E-018 
-4.931149394597938E-004  6.776263578034403E-018 -4.263478902941792E-005
      </IFC>
    </s_s1_m1_m2_m3.1.1.1.3.3>
    <s_s1_m1_m2_m3.1.1.2.3.3>
      <IFC type="real" size="9" columns="3">
-5.169036087392985E-004 -8.960613953259790E-005 -8.449845625368811E-005 
 8.960613953260186E-005 -3.804263907855468E-004 -8.960613953260042E-005 
-8.449845625368822E-005  8.960613953259942E-005 -5.169036087392968E-004
      </IFC>
    </s_s1_m1_m2_m3.1.1.2.3.3>
    <s_s1_m1_m2_m3.1.1.3.3.3>
      <IFC type="real" size="9" columns="3">
 1.424050002602588E-004  1.084202172485504E-018  1.273937552670468E-018 
 1.084202172485504E-018  1.424050002602553E-004  3.035766082959412E-018 
 1.273937552670468E-018  3.035766082959412E-018  1.424050002602588E-004
      </IFC>
    </s_s1_m1_m2_m3.1.1.3.3.3>
    <s_s1_m1_m2_m3.1.1.4.3.3>
      <IFC type="real" size="9" columns="3">
-5.169036087392985E-004  8.960613953260186E-005 -8.449845625368822E-005 
-8.960613953259790E-005 -3.804263907855468E-004  8.960613953259942E-005 
-8.449845625368811E-005 -8.960613953260042E-005 -5.169036087392968E-004
      </IFC>
    </s_s1_m1_m2_m3.1.1.4.3.3>
    <s_s1_m1_m2_m3.1.1.1.4.3>
      <IFC type="real" size="9" columns="3">
-3.288578420169441E-004  3.424417514432947E-004 -3.424417514432919E-004 
 4.906308902907201E-004 -4.443188107451472E-004 -4.549508634286987E-004 
-4.906308902907175E-004 -4.549508634286992E-004 -4.443188107451333E-004
      </IFC>
    </s_s1_m1_m2_m3.1.1.1.4.3>
    <s_s1_m1_m2_m3.1.1.2.4.3>
      <IFC type="real" size="9" columns="3">
-5.169036087393115E-004  8.449845625368557E-005  8.960613953259327E-005 
 8.449845625368557E-005 -5.169036087393185E-004  8.960613953260346E-005 
-8.960613953260649E-005 -8.960613953259652E-005 -3.804263907855676E-004
      </IFC>
    </s_s1_m1_m2_m3.1.1.2.4.3>
    <s_s1_m1_m2_m3.1.1.3.4.3>
      <IFC type="real" size="9" columns="3">
-3.804263907855460E-004 -8.960613953259939E-005 -8.960613953259435E-005 
 8.960613953260048E-005 -5.169036087393046E-004  8.449845625369381E-005 
 8.960613953260552E-005  8.449845625369381E-005 -5.169036087392977E-004
      </IFC>
    </s_s1_m1_m2_m3.1.1.3.4.3>
    <s_s1_m1_m2_m3.1.1.4.4.3>
      <IFC type="real" size="9" columns="3">
-4.443188107451351E-004 -4.549508634287011E-004 -4.906308902907185E-004 
-4.549508634287011E-004 -4.443188107451316E-004  4.906308902907165E-004 
-3.424417514432930E-004  3.424417514432911E-004 -3.288578420169485E-004
      </IFC>
    </s_s1_m1_m2_m3.1.1.4.4.3>
    <s_s1_m1_m2_m3.1.1.1.1.4>
      <IFC type="real" size="9" columns="3">
-3.971132222272453E-003  4.763856881470432E-003  1.911690128430603E-003 
 4.763856881470432E-003 -3.971132222272453E-003 -1.911690128430605E-003 
-1.911690128430611E-003  1.911690128430609E-003  1.085322861333701E-002
      </IFC>
    </s_s1_m1_m2_m3.1.1.1.1.4>
    <s_s1_m1_m2_m3.1.1.2.1.4>
      <IFC type="real" size="9" columns="3">
 1.085322861333701E-002  1.911690128430615E-003 -1.911690128430602E-003 
-1.911690128430598E-003 -3.971132222272465E-003  4.763856881470433E-003 
 1.911690128430612E-003  4.763856881470433E-003 -3.971132222272457E-003
      </IFC>
    </s_s1_m1_m2_m3.1.1.2.1.4>
    <s_s1_m1_m2_m3.1.1.3.1.4>
      <IFC type="real" size="9" columns="3">
-4.443188107451385E-004  4.549508634287042E-004  4.906308902907158E-004 
 4.549508634287042E-004 -4.443188107451385E-004  4.906308902907158E-004 
 3.424417514432902E-004  3.424417514432902E-004 -3.288578420169407E-004
      </IFC>
    </s_s1_m1_m2_m3.1.1.3.1.4>
    <s_s1_m1_m2_m3.1.1.4.1.4>
      <IFC type="real" size="9" columns="3">
-3.288578420169519E-004  3.424417514432942E-004  3.424417514432930E-004 
 4.906308902907193E-004 -4.443188107451333E-004  4.549508634287061E-004 
 4.906308902907182E-004  4.549508634287065E-004 -4.443188107451377E-004
      </IFC>
    </s_s1_m1_m2_m3.1.1.4.1.4>
    <s_s1_m1_m2_m3.1.1.1.2.4>
      <IFC type="real" size="9" columns="3">
-3.971132222272467E-003 -1.911690128430600E-003 -4.763856881470431E-003 
 1.911690128430614E-003  1.085322861333700E-002  1.911690128430603E-003 
-4.763856881470431E-003 -1.911690128430611E-003 -3.971132222272453E-003
      </IFC>
    </s_s1_m1_m2_m3.1.1.1.2.4>
    <s_s1_m1_m2_m3.1.1.2.2.4>
      <IFC type="real" size="9" columns="3">
-4.158556618880076E-004 -8.673617379884035E-019  3.306816626080789E-018 
-8.673617379884035E-019 -4.158556618880102E-004 -2.087089182034596E-018 
 3.306816626080789E-018 -2.141299290658871E-018 -4.113219686987237E-004
      </IFC>
    </s_s1_m1_m2_m3.1.1.2.2.4>
    <s_s1_m1_m2_m3.1.1.3.2.4>
      <IFC type="real" size="9" columns="3">
-5.169036087393133E-004 -8.960613953260687E-005  8.449845625368996E-005 
 8.960613953259299E-005 -3.804263907855581E-004  8.960613953260573E-005 
 8.449845625368996E-005 -8.960613953259413E-005 -5.169036087393150E-004
      </IFC>
    </s_s1_m1_m2_m3.1.1.3.2.4>
    <s_s1_m1_m2_m3.1.1.4.2.4>
      <IFC type="real" size="9" columns="3">
-4.113219686987211E-004  5.204170427930421E-018  6.776263578034403E-018 
 5.204170427930421E-018 -4.158556618880068E-004  7.074419175467916E-018 
 6.776263578034403E-018  7.182839392716467E-018 -4.158556618880224E-004
      </IFC>
    </s_s1_m1_m2_m3.1.1.4.2.4>
    <s_s1_m1_m2_m3.1.1.1.3.4>
      <IFC type="real" size="9" columns="3">
-4.443188107451437E-004  4.549508634286998E-004 -4.906308902907179E-004 
 4.549508634286998E-004 -4.443188107451368E-004 -4.906308902907194E-004 
-3.424417514432927E-004 -3.424417514432942E-004 -3.288578420169372E-004
      </IFC>
    </s_s1_m1_m2_m3.1.1.1.3.4>
    <s_s1_m1_m2_m3.1.1.2.3.4>
      <IFC type="real" size="9" columns="3">
-3.804263907855503E-004  8.960613953259524E-005 -8.960613953260270E-005 
-8.960613953260451E-005 -5.169036087393115E-004 -8.449845625368421E-005 
 8.960613953259703E-005 -8.449845625368421E-005 -5.169036087393193E-004
      </IFC>
    </s_s1_m1_m2_m3.1.1.2.3.4>
    <s_s1_m1_m2_m3.1.1.3.3.4>
      <IFC type="real" size="9" columns="3">
-5.169036087392890E-004 -8.449845625369015E-005  8.960613953260500E-005 
-8.449845625369015E-005 -5.169036087392925E-004 -8.960613953260121E-005 
-8.960613953259487E-005  8.960613953259866E-005 -3.804263907855564E-004
      </IFC>
    </s_s1_m1_m2_m3.1.1.3.3.4>
    <s_s1_m1_m2_m3.1.1.4.3.4>
      <IFC type="real" size="9" columns="3">
-3.288578420169485E-004 -3.424417514432936E-004 -3.424417514432876E-004 
-4.906308902907191E-004 -4.443188107451212E-004  4.549508634287023E-004 
-4.906308902907130E-004  4.549508634287023E-004 -4.443188107451446E-004
      </IFC>
    </s_s1_m1_m2_m3.1.1.4.3.4>
    <s_s1_m1_m2_m3.1.1.1.4.4>
      <IFC type="real" size="9" columns="3">
-4.443188107451437E-004  4.906308902907139E-004 -4.549508634287052E-004 
 3.424417514432886E-004 -3.288578420169615E-004 -3.424417514432928E-004 
-4.549508634287052E-004 -4.906308902907179E-004 -4.443188107451507E-004
      </IFC>
    </s_s1_m1_m2_m3.1.1.1.4.4>
    <s_s1_m1_m2_m3.1.1.2.4.4>
      <IFC type="real" size="9" columns="3">
-4.158556618880094E-004  1.301042606982605E-018 -2.873135757086587E-018 
 1.301042606982605E-018 -4.113219686987290E-004 -4.147073309757054E-018 
-2.873135757086587E-018 -4.255493527005605E-018 -4.158556618880085E-004
      </IFC>
    </s_s1_m1_m2_m3.1.1.2.4.4>
    <s_s1_m1_m2_m3.1.1.3.4.4>
      <IFC type="real" size="9" columns="3">
-4.443188107451212E-004 -4.906308902907219E-004 -4.549508634287010E-004 
-3.424417514432963E-004 -3.288578420169528E-004  3.424417514432894E-004 
-4.549508634287010E-004  4.906308902907150E-004 -4.443188107451507E-004
      </IFC>
    </s_s1_m1_m2_m3.1.1.3.4.4>
    <s_s1_m1_m2_m3.1.1.4.4.4>
      <IFC type="real" size="9" columns="3">
-1.212745809775657E-005 -4.770489558936220E-018 -6.342582709040201E-018 
-4.770489558936220E-018 -1.212745809775571E-005  3.984442983884229E-018 
-6.342582709040201E-018  4.038653092508504E-018 -1.212745809774703E-005
      </IFC>
    </s_s1_m1_m2_m3.1.1.4.4.4>
    <s_s1_m1_m2_m3.1.2.1.1.1>
      <IFC type="real" size="9" columns="3">
-7.530863117527331E-002 -5.201064583413708E-002 -5.201064583413708E-002 
-5.201064583413709E-002 -7.530863117527331E-002 -5.201064583413708E-002 
-5.201064583413708E-002 -5.201064583413708E-002 -7.530863117527331E-002
      </IFC>
    </s_s1_m1_m2_m3.1.2.1.1.1>
    <s_s1_m1_m2_m3.1.2.2.1.1>
      <IFC type="real" size="9" columns="3">
 3.887442286294823E-004  9.292357955356840E-004 -9.292357955356760E-004 
 9.292357955356863E-004  5.168304437139304E-004  3.111356029313586E-004 
-9.292357955356743E-004  3.111356029313569E-004  5.168304437139318E-004
      </IFC>
    </s_s1_m1_m2_m3.1.2.2.1.1>
    <s_s1_m1_m2_m3.1.2.3.1.1>
      <IFC type="real" size="9" columns="3">
-5.214285598677541E-006  3.792380024239357E-004  5.978757783320517E-005 
 3.792380024239365E-004 -5.799624810397247E-005  3.792380024239306E-004 
 5.978757783320755E-005  3.792380024239294E-004 -5.214285598673638E-006
      </IFC>
    </s_s1_m1_m2_m3.1.2.3.1.1>
    <s_s1_m1_m2_m3.1.2.4.1.1>
      <IFC type="real" size="9" columns="3">
 5.168304437139323E-004  3.111356029313427E-004 -9.292357955356816E-004 
 3.111356029313453E-004  5.168304437139330E-004  9.292357955356745E-004 
-9.292357955356812E-004  9.292357955356767E-004  3.887442286294888E-004
      </IFC>
    </s_s1_m1_m2_m3.1.2.4.1.1>
    <s_s1_m1_m2_m3.1.2.1.2.1>
      <IFC type="real" size="9" columns="3">
-7.530863117527334E-002  5.201064583413708E-002  5.201064583413707E-002 
 5.201064583413708E-002 -7.530863117527332E-002 -5.201064583413709E-002 
 5.201064583413707E-002 -5.201064583413709E-002 -7.530863117527334E-002
      </IFC>
    </s_s1_m1_m2_m3.1.2.1.2.1>
    <s_s1_m1_m2_m3.1.2.2.2.1>
      <IFC type="real" size="9" columns="3">
-5.373189720201755E-004 -1.252152975028516E-003  7.918295845725247E-004 
-1.252152975028516E-003 -4.040259481665172E-003  1.252152975028493E-003 
 7.918295845725260E-004  1.252152975028495E-003 -5.373189720201759E-004
      </IFC>
    </s_s1_m1_m2_m3.1.2.2.2.1>
    <s_s1_m1_m2_m3.1.2.3.2.1>
      <IFC type="real" size="9" columns="3">
-5.373189720201729E-004  1.252152975028489E-003  7.918295845725424E-004 
 1.252152975028487E-003 -4.040259481665170E-003 -1.252152975028513E-003 
 7.918295845725398E-004 -1.252152975028512E-003 -5.373189720201683E-004
      </IFC>
    </s_s1_m1_m2_m3.1.2.3.2.1>
    <s_s1_m1_m2_m3.1.2.4.2.1>
      <IFC type="real" size="9" columns="3">
-7.530863117527334E-002 -5.201064583413707E-002  5.201064583413709E-002 
-5.201064583413708E-002 -7.530863117527332E-002  5.201064583413707E-002 
 5.201064583413709E-002  5.201064583413708E-002 -7.530863117527332E-002
      </IFC>
    </s_s1_m1_m2_m3.1.2.4.2.1>
    <s_s1_m1_m2_m3.1.2.1.3.1>
      <IFC type="real" size="9" columns="3">
-4.040259481665191E-003 -1.252152975028495E-003 -1.252152975028487E-003 
-1.252152975028500E-003 -5.373189720201919E-004 -7.918295845725266E-004 
-1.252152975028488E-003 -7.918295845725258E-004 -5.373189720201954E-004
      </IFC>
    </s_s1_m1_m2_m3.1.2.1.3.1>
    <s_s1_m1_m2_m3.1.2.2.3.1>
      <IFC type="real" size="9" columns="3">
 7.872402101845598E-004  8.897916404230022E-004 -8.897916404229816E-004 
 8.897916404230043E-004  7.872402101845579E-004  8.897916404230059E-004 
-8.897916404229807E-004  8.897916404230076E-004  7.872402101845574E-004
      </IFC>
    </s_s1_m1_m2_m3.1.2.2.3.1>
    <s_s1_m1_m2_m3.1.2.3.3.1>
      <IFC type="real" size="9" columns="3">
-5.373189720201929E-004 -7.918295845725234E-004 -1.252152975028497E-003 
-7.918295845725223E-004 -5.373189720201971E-004 -1.252152975028496E-003 
-1.252152975028495E-003 -1.252152975028497E-003 -4.040259481665186E-003
      </IFC>
    </s_s1_m1_m2_m3.1.2.3.3.1>
    <s_s1_m1_m2_m3.1.2.4.3.1>
      <IFC type="real" size="9" columns="3">
 5.168304437139199E-004  9.292357955356550E-004 -3.111356029313439E-004 
 9.292357955356577E-004  3.887442286294781E-004  9.292357955356558E-004 
-3.111356029313426E-004  9.292357955356545E-004  5.168304437139223E-004
      </IFC>
    </s_s1_m1_m2_m3.1.2.4.3.1>
    <s_s1_m1_m2_m3.1.2.1.4.1>
      <IFC type="real" size="9" columns="3">
-4.040259481665154E-003  1.252152975028504E-003  1.252152975028493E-003 
 1.252152975028506E-003 -5.373189720201650E-004 -7.918295845725374E-004 
 1.252152975028493E-003 -7.918295845725354E-004 -5.373189720201517E-004
      </IFC>
    </s_s1_m1_m2_m3.1.2.1.4.1>
    <s_s1_m1_m2_m3.1.2.2.4.1>
      <IFC type="real" size="9" columns="3">
-5.373189720201650E-004 -7.918295845725338E-004  1.252152975028494E-003 
-7.918295845725325E-004 -5.373189720201677E-004  1.252152975028502E-003 
 1.252152975028493E-003  1.252152975028502E-003 -4.040259481665164E-003
      </IFC>
    </s_s1_m1_m2_m3.1.2.2.4.1>
    <s_s1_m1_m2_m3.1.2.3.4.1>
      <IFC type="real" size="9" columns="3">
-5.214285598686757E-006 -5.978757783322376E-005 -3.792380024239128E-004 
-5.978757783322360E-005 -5.214285598690389E-006  3.792380024239343E-004 
-3.792380024239154E-004  3.792380024239309E-004 -5.799624810397643E-005
      </IFC>
    </s_s1_m1_m2_m3.1.2.3.4.1>
    <s_s1_m1_m2_m3.1.2.4.4.1>
      <IFC type="real" size="9" columns="3">
-5.799624810398120E-005  3.792380024239417E-004 -3.792380024239201E-004 
 3.792380024239443E-004 -5.214285598683505E-006 -5.978757783322002E-005 
-3.792380024239227E-004 -5.978757783322002E-005 -5.214285598680035E-006
      </IFC>
    </s_s1_m1_m2_m3.1.2.4.4.1>
    <s_s1_m1_m2_m3.1.2.1.1.2>
      <IFC type="real" size="9" columns="3">
 3.887442286294868E-004 -9.292357955356786E-004  9.292357955356790E-004 
-9.292357955356803E-004  5.168304437139356E-004  3.111356029313552E-004 
 9.292357955356808E-004  3.111356029313569E-004  5.168304437139313E-004
      </IFC>
    </s_s1_m1_m2_m3.1.2.1.1.2>
    <s_s1_m1_m2_m3.1.2.2.1.2>
      <IFC type="real" size="9" columns="3">
 3.549613303847215E-004 -2.076973124801355E-004 -2.076973124801284E-004 
-2.076973124801330E-004  3.453793125039344E-004  1.769938711169042E-004 
-2.076973124801289E-004  1.769938711169060E-004  3.453793125039416E-004
      </IFC>
    </s_s1_m1_m2_m3.1.2.2.1.2>
    <s_s1_m1_m2_m3.1.2.3.1.2>
      <IFC type="real" size="9" columns="3">
 3.453793125039427E-004  1.769938711169104E-004 -2.076973124801333E-004 
 1.769938711169096E-004  3.453793125039440E-004 -2.076973124801428E-004 
-2.076973124801342E-004 -2.076973124801431E-004  3.549613303847313E-004
      </IFC>
    </s_s1_m1_m2_m3.1.2.3.1.2>
    <s_s1_m1_m2_m3.1.2.4.1.2>
      <IFC type="real" size="9" columns="3">
 5.168304437139250E-004  3.111356029313483E-004  9.292357955356698E-004 
 3.111356029313490E-004  5.168304437139291E-004 -9.292357955356790E-004 
 9.292357955356683E-004 -9.292357955356789E-004  3.887442286294922E-004
      </IFC>
    </s_s1_m1_m2_m3.1.2.4.1.2>
    <s_s1_m1_m2_m3.1.2.1.2.2>
      <IFC type="real" size="9" columns="3">
-5.373189720201677E-004  7.918295845725301E-004 -1.252152975028512E-003 
 7.918295845725336E-004 -5.373189720201746E-004  1.252152975028484E-003 
-1.252152975028512E-003  1.252152975028488E-003 -4.040259481665164E-003
      </IFC>
    </s_s1_m1_m2_m3.1.2.1.2.2>
    <s_s1_m1_m2_m3.1.2.2.2.2>
      <IFC type="real" size="9" columns="3">
 7.872402101845882E-004 -8.897916404230033E-004 -8.897916404230090E-004 
-8.897916404230059E-004  7.872402101845913E-004 -8.897916404230111E-004 
-8.897916404230090E-004 -8.897916404230092E-004  7.872402101845880E-004
      </IFC>
    </s_s1_m1_m2_m3.1.2.2.2.2>
    <s_s1_m1_m2_m3.1.2.3.2.2>
      <IFC type="real" size="9" columns="3">
-4.040259481665171E-003  1.252152975028481E-003 -1.252152975028507E-003 
 1.252152975028481E-003 -5.373189720201768E-004  7.918295845725295E-004 
-1.252152975028506E-003  7.918295845725273E-004 -5.373189720201760E-004
      </IFC>
    </s_s1_m1_m2_m3.1.2.3.2.2>
    <s_s1_m1_m2_m3.1.2.4.2.2>
      <IFC type="real" size="9" columns="3">
 5.168304437139253E-004 -9.292357955356561E-004 -3.111356029313524E-004 
-9.292357955356563E-004  3.887442286294899E-004 -9.292357955356639E-004 
-3.111356029313475E-004 -9.292357955356622E-004  5.168304437139303E-004
      </IFC>
    </s_s1_m1_m2_m3.1.2.4.2.2>
    <s_s1_m1_m2_m3.1.2.1.3.2>
      <IFC type="real" size="9" columns="3">
 7.872402101845605E-004 -8.897916404229890E-004  8.897916404230007E-004 
-8.897916404229907E-004  7.872402101845545E-004  8.897916404230050E-004 
 8.897916404230024E-004  8.897916404230067E-004  7.872402101845536E-004
      </IFC>
    </s_s1_m1_m2_m3.1.2.1.3.2>
    <s_s1_m1_m2_m3.1.2.2.3.2>
      <IFC type="real" size="9" columns="3">
 7.872402101845588E-004  8.897916404229972E-004  8.897916404230038E-004 
 8.897916404230003E-004  7.872402101845584E-004 -8.897916404229935E-004 
 8.897916404230051E-004 -8.897916404229943E-004  7.872402101845454E-004
      </IFC>
    </s_s1_m1_m2_m3.1.2.2.3.2>
    <s_s1_m1_m2_m3.1.2.3.3.2>
      <IFC type="real" size="9" columns="3">
 3.453793125039618E-004  2.076973124801645E-004 -1.769938711168875E-004 
 2.076973124801637E-004  3.549613303847391E-004 -2.076973124801554E-004 
-1.769938711168879E-004 -2.076973124801556E-004  3.453793125039518E-004
      </IFC>
    </s_s1_m1_m2_m3.1.2.3.3.2>
    <s_s1_m1_m2_m3.1.2.4.3.2>
      <IFC type="real" size="9" columns="3">
 3.453793125039531E-004 -2.076973124801563E-004 -1.769938711168945E-004 
-2.076973124801566E-004  3.549613303847346E-004  2.076973124801520E-004 
-1.769938711168978E-004  2.076973124801547E-004  3.453793125039596E-004
      </IFC>
    </s_s1_m1_m2_m3.1.2.4.3.2>
    <s_s1_m1_m2_m3.1.2.1.4.2>
      <IFC type="real" size="9" columns="3">
-5.373189720201580E-004  1.252152975028503E-003 -7.918295845725296E-004 
 1.252152975028503E-003 -4.040259481665168E-003  1.252152975028501E-003 
-7.918295845725300E-004  1.252152975028501E-003 -5.373189720201645E-004
      </IFC>
    </s_s1_m1_m2_m3.1.2.1.4.2>
    <s_s1_m1_m2_m3.1.2.2.4.2>
      <IFC type="real" size="9" columns="3">
 3.549613303847368E-004  2.076973124801472E-004  2.076973124801388E-004 
 2.076973124801459E-004  3.453793125039517E-004  1.769938711168857E-004 
 2.076973124801380E-004  1.769938711168854E-004  3.453793125039489E-004
      </IFC>
    </s_s1_m1_m2_m3.1.2.2.4.2>
    <s_s1_m1_m2_m3.1.2.3.4.2>
      <IFC type="real" size="9" columns="3">
 6.533084832934304E-004 -1.978472785913402E-004  1.978472785913274E-004 
-1.978472785913386E-004  6.533084832934326E-004 -1.978472785913344E-004 
 1.978472785913268E-004 -1.978472785913344E-004  6.533084832934301E-004
      </IFC>
    </s_s1_m1_m2_m3.1.2.3.4.2>
    <s_s1_m1_m2_m3.1.2.4.4.2>
      <IFC type="real" size="9" columns="3">
 3.453793125039428E-004  1.769938711169013E-004  2.076973124801404E-004 
 1.769938711169046E-004  3.453793125039432E-004  2.076973124801450E-004 
 2.076973124801419E-004  2.076973124801432E-004  3.549613303847355E-004
      </IFC>
    </s_s1_m1_m2_m3.1.2.4.4.2>
    <s_s1_m1_m2_m3.1.2.1.1.3>
      <IFC type="real" size="9" columns="3">
-5.214285598686974E-006  5.978757783321048E-005  3.792380024239331E-004 
 5.978757783320701E-005 -5.214285598686974E-006  3.792380024239261E-004 
 3.792380024239331E-004  3.792380024239331E-004 -5.799624810397253E-005
      </IFC>
    </s_s1_m1_m2_m3.1.2.1.1.3>
    <s_s1_m1_m2_m3.1.2.2.1.3>
      <IFC type="real" size="9" columns="3">
 3.453793125039426E-004 -2.076973124801395E-004  1.769938711169031E-004 
-2.076973124801382E-004  3.549613303847292E-004 -2.076973124801402E-004 
 1.769938711169044E-004 -2.076973124801415E-004  3.453793125039489E-004
      </IFC>
    </s_s1_m1_m2_m3.1.2.2.1.3>
    <s_s1_m1_m2_m3.1.2.3.1.3>
      <IFC type="real" size="9" columns="3">
-5.799624810396808E-005  3.792380024239279E-004  3.792380024239332E-004 
 3.792380024239244E-004 -5.214285598677487E-006  5.978757783320690E-005 
 3.792380024239321E-004  5.978757783320679E-005 -5.214285598681228E-006
      </IFC>
    </s_s1_m1_m2_m3.1.2.3.1.3>
    <s_s1_m1_m2_m3.1.2.4.1.3>
      <IFC type="real" size="9" columns="3">
 3.752235471941417E-004 -2.056313539965313E-004  2.056313539965198E-004 
-2.056313539965305E-004  3.752235471941337E-004 -2.056313539965417E-004 
 2.056313539965202E-004 -2.056313539965395E-004  3.752235471941302E-004
      </IFC>
    </s_s1_m1_m2_m3.1.2.4.1.3>
    <s_s1_m1_m2_m3.1.2.1.2.3>
      <IFC type="real" size="9" columns="3">
-5.373189720201746E-004  7.918295845725370E-004  1.252152975028495E-003 
 7.918295845725301E-004 -5.373189720201815E-004 -1.252152975028509E-003 
 1.252152975028491E-003 -1.252152975028505E-003 -4.040259481665164E-003
      </IFC>
    </s_s1_m1_m2_m3.1.2.1.2.3>
    <s_s1_m1_m2_m3.1.2.2.2.3>
      <IFC type="real" size="9" columns="3">
-4.040259481665170E-003 -1.252152975028499E-003  1.252152975028485E-003 
-1.252152975028500E-003 -5.373189720201711E-004  7.918295845725247E-004 
 1.252152975028485E-003  7.918295845725271E-004 -5.373189720201664E-004
      </IFC>
    </s_s1_m1_m2_m3.1.2.2.2.3>
    <s_s1_m1_m2_m3.1.2.3.2.3>
      <IFC type="real" size="9" columns="3">
-5.799624810399529E-005 -3.792380024239267E-004 -3.792380024239295E-004 
-3.792380024239260E-004 -5.214285598706923E-006  5.978757783323401E-005 
-3.792380024239304E-004  5.978757783323607E-005 -5.214285598707357E-006
      </IFC>
    </s_s1_m1_m2_m3.1.2.3.2.3>
    <s_s1_m1_m2_m3.1.2.4.2.3>
      <IFC type="real" size="9" columns="3">
-5.214285598707791E-006  5.978757783322783E-005 -3.792380024239261E-004 
 5.978757783322436E-005 -5.214285598700852E-006 -3.792380024239331E-004 
-3.792380024239261E-004 -3.792380024239331E-004 -5.799624810400028E-005
      </IFC>
    </s_s1_m1_m2_m3.1.2.4.2.3>
    <s_s1_m1_m2_m3.1.2.1.3.3>
      <IFC type="real" size="9" columns="3">
-5.373189720201919E-004 -1.252152975028491E-003 -7.918295845725223E-004 
-1.252152975028493E-003 -4.040259481665184E-003 -1.252152975028498E-003 
-7.918295845725214E-004 -1.252152975028496E-003 -5.373189720201815E-004
      </IFC>
    </s_s1_m1_m2_m3.1.2.1.3.3>
    <s_s1_m1_m2_m3.1.2.2.3.3>
      <IFC type="real" size="9" columns="3">
 3.453793125039567E-004 -1.769938711168973E-004  2.076973124801589E-004 
-1.769938711168960E-004  3.453793125039548E-004 -2.076973124801606E-004 
 2.076973124801593E-004 -2.076973124801585E-004  3.549613303847359E-004
      </IFC>
    </s_s1_m1_m2_m3.1.2.2.3.3>
    <s_s1_m1_m2_m3.1.2.3.3.3>
      <IFC type="real" size="9" columns="3">
 6.533084832934358E-004  1.978472785913300E-004  1.978472785913353E-004 
 1.978472785913264E-004  6.533084832934391E-004  1.978472785913304E-004 
 1.978472785913338E-004  1.978472785913303E-004  6.533084832934296E-004
      </IFC>
    </s_s1_m1_m2_m3.1.2.3.3.3>
    <s_s1_m1_m2_m3.1.2.4.3.3>
      <IFC type="real" size="9" columns="3">
 3.549613303847377E-004 -2.076973124801612E-004  2.076973124801572E-004 
-2.076973124801603E-004  3.453793125039523E-004 -1.769938711169037E-004 
 2.076973124801585E-004 -1.769938711169050E-004  3.453793125039558E-004
      </IFC>
    </s_s1_m1_m2_m3.1.2.4.3.3>
    <s_s1_m1_m2_m3.1.2.1.4.3>
      <IFC type="real" size="9" columns="3">
-5.214285598684372E-006 -3.792380024239219E-004 -5.978757783321081E-005 
-3.792380024239241E-004 -5.799624810398033E-005  3.792380024239310E-004 
-5.978757783321211E-005  3.792380024239347E-004 -5.214285598688384E-006
      </IFC>
    </s_s1_m1_m2_m3.1.2.1.4.3>
    <s_s1_m1_m2_m3.1.2.2.4.3>
      <IFC type="real" size="9" columns="3">
 6.533084832934287E-004  1.978472785913305E-004 -1.978472785913300E-004 
 1.978472785913305E-004  6.533084832934296E-004 -1.978472785913331E-004 
-1.978472785913318E-004 -1.978472785913329E-004  6.533084832934257E-004
      </IFC>
    </s_s1_m1_m2_m3.1.2.2.4.3>
    <s_s1_m1_m2_m3.1.2.3.4.3>
