<?xml version="1.0"?>
<?iotk version="1.2.0"?>
<?iotk file_version="1.0"?>
<?iotk binary="F"?>
<?iotk qe_syntax="F"?>
<Root>
  <GEOMETRY_INFO>
    <NUMBER_OF_TYPES type="integer" size="1">
         1
    </NUMBER_OF_TYPES>
    <NUMBER_OF_ATOMS type="integer" size="1">
         2
    </NUMBER_OF_ATOMS>
    <BRAVAIS_LATTICE_INDEX type="integer" size="1">
         0
    </BRAVAIS_LATTICE_INDEX>
    <SPIN_COMPONENTS type="integer" size="1">
         1
    </SPIN_COMPONENTS>
    <CELL_DIMENSIONS type="real" size="6">
 1.015000000000000E+001
 0.000000000000000E+000
 0.000000000000000E+000
 0.000000000000000E+000
 0.000000000000000E+000
 0.000000000000000E+000
    </CELL_DIMENSIONS>
    <AT type="real" size="9" columns="3">
-4.999999999999999E-001  0.000000000000000E+000  4.999999999999999E-001 
 0.000000000000000E+000  4.999999999999999E-001  4.999999999999999E-001 
-4.999999999999999E-001  4.999999999999999E-001  0.000000000000000E+000
    </AT>
    <BG type="real" size="9" columns="3">
-1.000000000000000E+000 -1.000000000000000E+000  1.000000000000000E+000 
 1.000000000000000E+000  1.000000000000000E+000  1.000000000000000E+000 
-1.000000000000000E+000  1.000000000000000E+000 -1.000000000000000E+000
    </BG>
    <UNIT_CELL_VOLUME_AU type="real" size="1">
 2.614195937499999E+002
    </UNIT_CELL_VOLUME_AU>
    <TYPE_NAME.1 type="character" size="1" len="3">
Si 
    </TYPE_NAME.1>
    <MASS.1 type="real" size="1">
 2.808600000000000E+001
    </MASS.1>
    <ATOM.1 SPECIES="Si " INDEX="1" TAU="0.000000000000000E+000 0.000000000000000E+000 0.000000000000000E+000"/>
    <ATOM.2 SPECIES="Si " INDEX="1" TAU="2.500000000000000E-001 2.500000000000000E-001 2.500000000000000E-001"/>
    <NUMBER_OF_Q type="integer" size="1">
         6
    </NUMBER_OF_Q>
  </GEOMETRY_INFO>
  <DIELECTRIC_PROPERTIES>
    <EPSILON type="real" size="9" columns="3">
 2.228285071712663E+001 -5.329070518200751E-015 -5.329070518200751E-015 
-5.329070518200751E-015  2.228285071712663E+001  1.776356839400250E-015 
-1.776356839400250E-015  1.776356839400250E-015  2.228285071712664E+001
    </EPSILON>
    <ZSTAR>
      <Z_AT_.1 type="real" size="9" columns="3">
-1.554312234475219E-015 -1.110223024625157E-015 -2.220446049250313E-016 
-6.661338147750939E-016 -1.554312234475219E-015  2.220446049250313E-016 
 0.000000000000000E+000  6.661338147750939E-016 -1.554312234475219E-015
      </Z_AT_.1>
      <Z_AT_.2 type="real" size="9" columns="3">
 1.554312234475219E-015  1.110223024625156E-015  2.220446049250315E-016 
 6.661338147750939E-016  1.554312234475219E-015 -2.220446049250315E-016 
 0.000000000000000E+000 -6.661338147750939E-016  1.554312234475219E-015
      </Z_AT_.2>
    </ZSTAR>
  </DIELECTRIC_PROPERTIES>
  <INTERATOMIC_FORCE_CONSTANTS>
    <MESH_NQ1_NQ2_NQ3 type="integer" size="3" columns="3">
         4          4          4
    </MESH_NQ1_NQ2_NQ3>
    <s_s1_m1_m2_m3.1.1.1.1.1>
      <IFC type="real" size="9" columns="3">
 2.848504106154240E-001 -1.409462824231156E-018  4.065758146820642E-019 
-1.409462824231156E-018  2.848504106154240E-001  2.602085213965211E-018 
 4.065758146820642E-019  2.602085213965211E-018  2.848504106154240E-001
      </IFC>
    </s_s1_m1_m2_m3.1.1.1.1.1>
    <s_s1_m1_m2_m3.1.1.2.1.1>
      <IFC type="real" size="9" columns="3">
-3.739817302010941E-003 -1.866403866406685E-003  4.479318219642196E-003 
 1.866403866406686E-003  1.059416216025878E-002 -1.866403866406681E-003 
 4.479318219642196E-003  1.866403866406689E-003 -3.739817302010946E-003
      </IFC>
    </s_s1_m1_m2_m3.1.1.2.1.1>
    <s_s1_m1_m2_m3.1.1.3.1.1>
      <IFC type="real" size="9" columns="3">
-3.391863145026618E-005  2.791820594150174E-018  5.214529417029447E-004 
 2.791820594150174E-018  4.084705420385266E-003  1.355252715606881E-018 
 5.214529417029447E-004  1.355252715606881E-018 -3.391863145026444E-005
      </IFC>
    </s_s1_m1_m2_m3.1.1.3.1.1>
    <s_s1_m1_m2_m3.1.1.4.1.1>
      <IFC type="real" size="9" columns="3">
-3.739817302010941E-003  1.866403866406686E-003  4.479318219642196E-003 
-1.866403866406685E-003  1.059416216025878E-002  1.866403866406689E-003 
 4.479318219642196E-003 -1.866403866406681E-003 -3.739817302010946E-003
      </IFC>
    </s_s1_m1_m2_m3.1.1.4.1.1>
    <s_s1_m1_m2_m3.1.1.1.2.1>
      <IFC type="real" size="9" columns="3">
 1.059416216025879E-002  1.866403866406682E-003  1.866403866406682E-003 
-1.866403866406688E-003 -3.739817302010943E-003 -4.479318219642196E-003 
-1.866403866406689E-003 -4.479318219642196E-003 -3.739817302010947E-003
      </IFC>
    </s_s1_m1_m2_m3.1.1.1.2.1>
    <s_s1_m1_m2_m3.1.1.2.2.1>
      <IFC type="real" size="9" columns="3">
-4.203086280642294E-004 -4.717194857713480E-004  3.463790330749728E-004 
-4.717194857713484E-004 -4.203086280642381E-004 -3.463790330749716E-004 
 4.873815373797977E-004 -4.873815373797967E-004 -3.164904269159904E-004
      </IFC>
    </s_s1_m1_m2_m3.1.1.2.2.1>
    <s_s1_m1_m2_m3.1.1.3.2.1>
      <IFC type="real" size="9" columns="3">
-3.164904269159913E-004 -4.873815373797951E-004  4.873815373797936E-004 
-3.463790330749700E-004 -4.203086280642355E-004 -4.717194857713483E-004 
 3.463790330749686E-004 -4.717194857713482E-004 -4.203086280642320E-004
      </IFC>
    </s_s1_m1_m2_m3.1.1.3.2.1>
    <s_s1_m1_m2_m3.1.1.4.2.1>
      <IFC type="real" size="9" columns="3">
-3.739817302010936E-003 -4.479318219642201E-003 -1.866403866406679E-003 
-4.479318219642201E-003 -3.739817302010937E-003 -1.866403866406692E-003 
 1.866403866406692E-003  1.866403866406678E-003  1.059416216025879E-002
      </IFC>
    </s_s1_m1_m2_m3.1.1.4.2.1>
    <s_s1_m1_m2_m3.1.1.1.3.1>
      <IFC type="real" size="9" columns="3">
 4.084705420385269E-003 -1.599198204416119E-018  1.734723475976807E-018 
-1.599198204416119E-018 -3.391863145028179E-005 -5.214529417029465E-004 
 1.734723475976807E-018 -5.214529417029465E-004 -3.391863145026791E-005
      </IFC>
    </s_s1_m1_m2_m3.1.1.1.3.1>
    <s_s1_m1_m2_m3.1.1.2.3.1>
      <IFC type="real" size="9" columns="3">
-4.203086280642381E-004 -3.463790330749726E-004  4.717194857713491E-004 
-4.873815373797976E-004 -3.164904269159956E-004 -4.873815373797974E-004 
 4.717194857713492E-004 -3.463790330749725E-004 -4.203086280642329E-004
      </IFC>
    </s_s1_m1_m2_m3.1.1.2.3.1>
    <s_s1_m1_m2_m3.1.1.3.3.1>
      <IFC type="real" size="9" columns="3">
-3.391863145026271E-005 -5.214529417029423E-004 -3.550762114890027E-018 
-5.214529417029423E-004 -3.391863145026097E-005  1.680513367352532E-018 
-3.550762114890027E-018  1.680513367352532E-018  4.084705420385248E-003
      </IFC>
    </s_s1_m1_m2_m3.1.1.3.3.1>
    <s_s1_m1_m2_m3.1.1.4.3.1>
      <IFC type="real" size="9" columns="3">
-4.203086280642381E-004 -4.873815373797976E-004  4.717194857713492E-004 
-3.463790330749726E-004 -3.164904269159956E-004 -3.463790330749725E-004 
 4.717194857713491E-004 -4.873815373797974E-004 -4.203086280642329E-004
      </IFC>
    </s_s1_m1_m2_m3.1.1.4.3.1>
    <s_s1_m1_m2_m3.1.1.1.4.1>
      <IFC type="real" size="9" columns="3">
 1.059416216025879E-002 -1.866403866406688E-003 -1.866403866406689E-003 
 1.866403866406682E-003 -3.739817302010943E-003 -4.479318219642196E-003 
 1.866403866406682E-003 -4.479318219642196E-003 -3.739817302010947E-003
      </IFC>
    </s_s1_m1_m2_m3.1.1.1.4.1>
    <s_s1_m1_m2_m3.1.1.2.4.1>
      <IFC type="real" size="9" columns="3">
-3.739817302010936E-003 -4.479318219642201E-003  1.866403866406692E-003 
-4.479318219642201E-003 -3.739817302010937E-003  1.866403866406678E-003 
-1.866403866406679E-003 -1.866403866406692E-003  1.059416216025879E-002
      </IFC>
    </s_s1_m1_m2_m3.1.1.2.4.1>
    <s_s1_m1_m2_m3.1.1.3.4.1>
      <IFC type="real" size="9" columns="3">
-3.164904269159913E-004 -3.463790330749700E-004  3.463790330749686E-004 
-4.873815373797951E-004 -4.203086280642355E-004 -4.717194857713482E-004 
 4.873815373797936E-004 -4.717194857713483E-004 -4.203086280642320E-004
      </IFC>
    </s_s1_m1_m2_m3.1.1.3.4.1>
    <s_s1_m1_m2_m3.1.1.4.4.1>
      <IFC type="real" size="9" columns="3">
-4.203086280642294E-004 -4.717194857713484E-004  4.873815373797977E-004 
-4.717194857713480E-004 -4.203086280642381E-004 -4.873815373797967E-004 
 3.463790330749728E-004 -3.463790330749716E-004 -3.164904269159904E-004
      </IFC>
    </s_s1_m1_m2_m3.1.1.4.4.1>
    <s_s1_m1_m2_m3.1.1.1.1.2>
      <IFC type="real" size="9" columns="3">
-3.739817302010950E-003  4.479318219642195E-003 -1.866403866406689E-003 
 4.479318219642195E-003 -3.739817302010950E-003  1.866403866406683E-003 
 1.866403866406682E-003 -1.866403866406687E-003  1.059416216025878E-002
      </IFC>
    </s_s1_m1_m2_m3.1.1.1.1.2>
    <s_s1_m1_m2_m3.1.1.2.1.2>
      <IFC type="real" size="9" columns="3">
-3.164904269159956E-004  4.873815373797994E-004  4.873815373797996E-004 
 3.463790330749744E-004 -4.203086280642363E-004  4.717194857713509E-004 
 3.463790330749745E-004  4.717194857713509E-004 -4.203086280642398E-004
      </IFC>
    </s_s1_m1_m2_m3.1.1.2.1.2>
    <s_s1_m1_m2_m3.1.1.3.1.2>
      <IFC type="real" size="9" columns="3">
-4.203086280642320E-004  4.717194857713498E-004  3.463790330749690E-004 
 4.717194857713498E-004 -4.203086280642390E-004  3.463790330749693E-004 
 4.873815373797940E-004  4.873815373797944E-004 -3.164904269159947E-004
      </IFC>
    </s_s1_m1_m2_m3.1.1.3.1.2>
    <s_s1_m1_m2_m3.1.1.4.1.2>
      <IFC type="real" size="9" columns="3">
 1.059416216025879E-002 -1.866403866406676E-003  1.866403866406690E-003 
 1.866403866406694E-003 -3.739817302010939E-003  4.479318219642201E-003 
-1.866403866406680E-003  4.479318219642201E-003 -3.739817302010932E-003
      </IFC>
    </s_s1_m1_m2_m3.1.1.4.1.2>
    <s_s1_m1_m2_m3.1.1.1.2.2>
      <IFC type="real" size="9" columns="3">
-4.203086280642337E-004  3.463790330749725E-004 -4.717194857713483E-004 
 4.873815373797976E-004 -3.164904269159913E-004 -4.873815373797976E-004 
-4.717194857713483E-004 -3.463790330749726E-004 -4.203086280642372E-004
      </IFC>
    </s_s1_m1_m2_m3.1.1.1.2.2>
    <s_s1_m1_m2_m3.1.1.2.2.2>
      <IFC type="real" size="9" columns="3">
-1.337419829116043E-005  5.421010862427522E-019 -1.599198204416119E-018 
 6.505213034913027E-019 -1.337419829116043E-005  7.047314121155779E-019 
-1.599198204416119E-018  7.318364664277155E-019 -1.337419829115002E-005
      </IFC>
    </s_s1_m1_m2_m3.1.1.2.2.2>
    <s_s1_m1_m2_m3.1.1.3.2.2>
      <IFC type="real" size="9" columns="3">
-4.203086280642337E-004 -3.463790330749685E-004 -4.717194857713496E-004 
-4.873815373797936E-004 -3.164904269159878E-004  4.873815373797977E-004 
-4.717194857713495E-004  3.463790330749726E-004 -4.203086280642424E-004
      </IFC>
    </s_s1_m1_m2_m3.1.1.3.2.2>
    <s_s1_m1_m2_m3.1.1.4.2.2>
      <IFC type="real" size="9" columns="3">
-4.122816250252568E-004  1.517883041479706E-018  1.897353801849633E-019 
 1.301042606982605E-018 -4.195177118157039E-004  1.165517335421917E-018 
 1.355252715606881E-019  1.165517335421917E-018 -4.122816250252603E-004
      </IFC>
    </s_s1_m1_m2_m3.1.1.4.2.2>
    <s_s1_m1_m2_m3.1.1.1.3.2>
      <IFC type="real" size="9" columns="3">
-4.203086280642476E-004  4.717194857713446E-004 -3.463790330749731E-004 
 4.717194857713446E-004 -4.203086280642407E-004 -3.463790330749770E-004 
-4.873815373797983E-004 -4.873815373798020E-004 -3.164904269160121E-004
      </IFC>
    </s_s1_m1_m2_m3.1.1.1.3.2>
    <s_s1_m1_m2_m3.1.1.2.3.2>
      <IFC type="real" size="9" columns="3">
-3.164904269159956E-004 -4.873815373797953E-004 -4.873815373797965E-004 
-3.463790330749702E-004 -4.203086280642398E-004  4.717194857713459E-004 
-3.463790330749716E-004  4.717194857713458E-004 -4.203086280642398E-004
      </IFC>
    </s_s1_m1_m2_m3.1.1.2.3.2>
    <s_s1_m1_m2_m3.1.1.3.3.2>
      <IFC type="real" size="9" columns="3">
-4.754248510982374E-004 -1.019163740870955E-004 -8.021318396573155E-005 
-1.019163740870955E-004 -4.754248510982339E-004  8.021318396572652E-005 
 8.021318396572678E-005 -8.021318396573167E-005 -3.819737635024981E-004
      </IFC>
    </s_s1_m1_m2_m3.1.1.3.3.2>
    <s_s1_m1_m2_m3.1.1.4.3.2>
      <IFC type="real" size="9" columns="3">
-3.819737635024920E-004 -8.021318396573402E-005  8.021318396572518E-005 
 8.021318396572410E-005 -4.754248510982348E-004 -1.019163740871021E-004 
-8.021318396573299E-005 -1.019163740871021E-004 -4.754248510982313E-004
      </IFC>
    </s_s1_m1_m2_m3.1.1.4.3.2>
    <s_s1_m1_m2_m3.1.1.1.4.2>
      <IFC type="real" size="9" columns="3">
-3.739817302010937E-003  1.866403866406692E-003 -4.479318219642202E-003 
-1.866403866406679E-003  1.059416216025880E-002 -1.866403866406690E-003 
-4.479318219642202E-003  1.866403866406680E-003 -3.739817302010926E-003
      </IFC>
    </s_s1_m1_m2_m3.1.1.1.4.2>
    <s_s1_m1_m2_m3.1.1.2.4.2>
      <IFC type="real" size="9" columns="3">
-4.195177118157039E-004  4.336808689942018E-019  8.131516293641283E-020 
 6.505213034913027E-019 -4.122816250252534E-004  3.713392440762853E-018 
 2.439454888092385E-019  3.821812658011403E-018 -4.122816250252603E-004
      </IFC>
    </s_s1_m1_m2_m3.1.1.2.4.2>
    <s_s1_m1_m2_m3.1.1.3.4.2>
      <IFC type="real" size="9" columns="3">
-4.754248510982356E-004  8.021318396572849E-005  1.019163740871016E-004 
-8.021318396572968E-005 -3.819737635024911E-004 -8.021318396571914E-005 
 1.019163740871016E-004  8.021318396573903E-005 -4.754248510982304E-004
      </IFC>
    </s_s1_m1_m2_m3.1.1.3.4.2>
    <s_s1_m1_m2_m3.1.1.4.4.2>
      <IFC type="real" size="9" columns="3">
-4.122816250252603E-004 -2.168404344971009E-019  1.816038638913220E-018 
-3.252606517456513E-019 -4.122816250252568E-004  1.653408313040394E-018 
 1.924458856161770E-018  1.517883041479706E-018 -4.195177118157109E-004
      </IFC>
    </s_s1_m1_m2_m3.1.1.4.4.2>
    <s_s1_m1_m2_m3.1.1.1.1.3>
      <IFC type="real" size="9" columns="3">
-3.391863145024709E-005  5.214529417029440E-004  4.607859233063394E-019 
 5.214529417029440E-004 -3.391863145027485E-005 -5.963111948670274E-019 
 4.607859233063394E-019 -5.963111948670274E-019  4.084705420385248E-003
      </IFC>
    </s_s1_m1_m2_m3.1.1.1.1.3>
    <s_s1_m1_m2_m3.1.1.2.1.3>
      <IFC type="real" size="9" columns="3">
-4.203086280642346E-004  3.463790330749711E-004  4.717194857713491E-004 
 4.873815373797961E-004 -3.164904269159956E-004  4.873815373797967E-004 
 4.717194857713491E-004  3.463790330749715E-004 -4.203086280642398E-004
      </IFC>
    </s_s1_m1_m2_m3.1.1.2.1.3>
    <s_s1_m1_m2_m3.1.1.3.1.3>
      <IFC type="real" size="9" columns="3">
 4.084705420385264E-003  1.219727444046192E-018 -1.301042606982605E-018 
 1.219727444046192E-018 -3.391863145026791E-005  5.214529417029432E-004 
-1.301042606982605E-018  5.214529417029432E-004 -3.391863145027138E-005
      </IFC>
    </s_s1_m1_m2_m3.1.1.3.1.3>
    <s_s1_m1_m2_m3.1.1.4.1.3>
      <IFC type="real" size="9" columns="3">
-4.203086280642346E-004  4.873815373797961E-004  4.717194857713491E-004 
 3.463790330749711E-004 -3.164904269159956E-004  3.463790330749715E-004 
 4.717194857713491E-004  4.873815373797967E-004 -4.203086280642398E-004
      </IFC>
    </s_s1_m1_m2_m3.1.1.4.1.3>
    <s_s1_m1_m2_m3.1.1.1.2.3>
      <IFC type="real" size="9" columns="3">
-3.164904269160017E-004  4.873815373797937E-004 -4.873815373797959E-004 
 3.463790330749686E-004 -4.203086280642407E-004 -4.717194857713496E-004 
-3.463790330749707E-004 -4.717194857713496E-004 -4.203086280642442E-004
      </IFC>
    </s_s1_m1_m2_m3.1.1.1.2.3>
    <s_s1_m1_m2_m3.1.1.2.2.3>
      <IFC type="real" size="9" columns="3">
-4.203086280642329E-004 -4.717194857713490E-004 -3.463790330749677E-004 
-4.717194857713488E-004 -4.203086280642416E-004  3.463790330749689E-004 
-4.873815373797926E-004  4.873815373797940E-004 -3.164904269159973E-004
      </IFC>
    </s_s1_m1_m2_m3.1.1.2.2.3>
    <s_s1_m1_m2_m3.1.1.3.2.3>
      <IFC type="real" size="9" columns="3">
-3.819737635024911E-004  8.021318396573060E-005  8.021318396572857E-005 
-8.021318396572754E-005 -4.754248510982374E-004  1.019163740870957E-004 
-8.021318396572979E-005  1.019163740870956E-004 -4.754248510982408E-004
      </IFC>
    </s_s1_m1_m2_m3.1.1.3.2.3>
    <s_s1_m1_m2_m3.1.1.4.2.3>
      <IFC type="real" size="9" columns="3">
-4.754248510982313E-004  1.019163740871034E-004 -8.021318396573250E-005 
 1.019163740871038E-004 -4.754248510982330E-004 -8.021318396572242E-005 
 8.021318396572556E-005  8.021318396573564E-005 -3.819737635024937E-004
      </IFC>
    </s_s1_m1_m2_m3.1.1.4.2.3>
    <s_s1_m1_m2_m3.1.1.1.3.3>
      <IFC type="real" size="9" columns="3">
-3.391863145026791E-005 -4.906014830496908E-018 -5.214529417029443E-004 
-4.906014830496908E-018  4.084705420385269E-003  6.505213034913027E-019 
-5.214529417029443E-004  6.505213034913027E-019 -3.391863145026791E-005
      </IFC>
    </s_s1_m1_m2_m3.1.1.1.3.3>
    <s_s1_m1_m2_m3.1.1.2.3.3>
      <IFC type="real" size="9" columns="3">
-4.754248510982296E-004 -8.021318396572925E-005 -1.019163740870950E-004 
 8.021318396572881E-005 -3.819737635024920E-004 -8.021318396572892E-005 
-1.019163740870949E-004  8.021318396572930E-005 -4.754248510982382E-004
      </IFC>
    </s_s1_m1_m2_m3.1.1.2.3.3>
    <s_s1_m1_m2_m3.1.1.3.3.3>
      <IFC type="real" size="9" columns="3">
 3.526971252092084E-004  1.246832498358330E-018  3.550762114890027E-018 
 1.246832498358330E-018  3.526971252092136E-004  3.252606517456513E-019 
 3.550762114890027E-018  3.252606517456513E-019  3.526971252092101E-004
      </IFC>
    </s_s1_m1_m2_m3.1.1.3.3.3>
    <s_s1_m1_m2_m3.1.1.4.3.3>
      <IFC type="real" size="9" columns="3">
-4.754248510982296E-004  8.021318396572881E-005 -1.019163740870949E-004 
-8.021318396572925E-005 -3.819737635024920E-004  8.021318396572930E-005 
-1.019163740870950E-004 -8.021318396572892E-005 -4.754248510982382E-004
      </IFC>
    </s_s1_m1_m2_m3.1.1.4.3.3>
    <s_s1_m1_m2_m3.1.1.1.4.3>
      <IFC type="real" size="9" columns="3">
-3.164904269160017E-004  3.463790330749686E-004 -3.463790330749707E-004 
 4.873815373797937E-004 -4.203086280642407E-004 -4.717194857713496E-004 
-4.873815373797959E-004 -4.717194857713496E-004 -4.203086280642442E-004
      </IFC>
    </s_s1_m1_m2_m3.1.1.1.4.3>
    <s_s1_m1_m2_m3.1.1.2.4.3>
      <IFC type="real" size="9" columns="3">
-4.754248510982313E-004  1.019163740871038E-004  8.021318396572556E-005 
 1.019163740871034E-004 -4.754248510982330E-004  8.021318396573564E-005 
-8.021318396573250E-005 -8.021318396572242E-005 -3.819737635024937E-004
      </IFC>
    </s_s1_m1_m2_m3.1.1.2.4.3>
    <s_s1_m1_m2_m3.1.1.3.4.3>
      <IFC type="real" size="9" columns="3">
-3.819737635024911E-004 -8.021318396572754E-005 -8.021318396572979E-005 
 8.021318396573060E-005 -4.754248510982374E-004  1.019163740870956E-004 
 8.021318396572857E-005  1.019163740870957E-004 -4.754248510982408E-004
      </IFC>
    </s_s1_m1_m2_m3.1.1.3.4.3>
    <s_s1_m1_m2_m3.1.1.4.4.3>
      <IFC type="real" size="9" columns="3">
-4.203086280642329E-004 -4.717194857713488E-004 -4.873815373797926E-004 
-4.717194857713490E-004 -4.203086280642416E-004  4.873815373797940E-004 
-3.463790330749677E-004  3.463790330749689E-004 -3.164904269159973E-004
      </IFC>
    </s_s1_m1_m2_m3.1.1.4.4.3>
    <s_s1_m1_m2_m3.1.1.1.1.4>
      <IFC type="real" size="9" columns="3">
-3.739817302010950E-003  4.479318219642195E-003  1.866403866406682E-003 
 4.479318219642195E-003 -3.739817302010950E-003 -1.866403866406687E-003 
-1.866403866406689E-003  1.866403866406683E-003  1.059416216025878E-002
      </IFC>
    </s_s1_m1_m2_m3.1.1.1.1.4>
    <s_s1_m1_m2_m3.1.1.2.1.4>
      <IFC type="real" size="9" columns="3">
 1.059416216025879E-002  1.866403866406694E-003 -1.866403866406680E-003 
-1.866403866406676E-003 -3.739817302010939E-003  4.479318219642201E-003 
 1.866403866406690E-003  4.479318219642201E-003 -3.739817302010932E-003
      </IFC>
    </s_s1_m1_m2_m3.1.1.2.1.4>
    <s_s1_m1_m2_m3.1.1.3.1.4>
      <IFC type="real" size="9" columns="3">
-4.203086280642320E-004  4.717194857713498E-004  4.873815373797940E-004 
 4.717194857713498E-004 -4.203086280642390E-004  4.873815373797944E-004 
 3.463790330749690E-004  3.463790330749693E-004 -3.164904269159947E-004
      </IFC>
    </s_s1_m1_m2_m3.1.1.3.1.4>
    <s_s1_m1_m2_m3.1.1.4.1.4>
      <IFC type="real" size="9" columns="3">
-3.164904269159956E-004  3.463790330749744E-004  3.463790330749745E-004 
 4.873815373797994E-004 -4.203086280642363E-004  4.717194857713509E-004 
 4.873815373797996E-004  4.717194857713509E-004 -4.203086280642398E-004
      </IFC>
    </s_s1_m1_m2_m3.1.1.4.1.4>
    <s_s1_m1_m2_m3.1.1.1.2.4>
      <IFC type="real" size="9" columns="3">
-3.739817302010937E-003 -1.866403866406679E-003 -4.479318219642202E-003 
 1.866403866406692E-003  1.059416216025880E-002  1.866403866406680E-003 
-4.479318219642202E-003 -1.866403866406690E-003 -3.739817302010926E-003
      </IFC>
    </s_s1_m1_m2_m3.1.1.1.2.4>
    <s_s1_m1_m2_m3.1.1.2.2.4>
      <IFC type="real" size="9" columns="3">
-4.122816250252603E-004 -3.252606517456513E-019  1.924458856161770E-018 
-2.168404344971009E-019 -4.122816250252568E-004  1.517883041479706E-018 
 1.816038638913220E-018  1.653408313040394E-018 -4.195177118157109E-004
      </IFC>
    </s_s1_m1_m2_m3.1.1.2.2.4>
    <s_s1_m1_m2_m3.1.1.3.2.4>
      <IFC type="real" size="9" columns="3">
-4.754248510982356E-004 -8.021318396572968E-005  1.019163740871016E-004 
 8.021318396572849E-005 -3.819737635024911E-004  8.021318396573903E-005 
 1.019163740871016E-004 -8.021318396571914E-005 -4.754248510982304E-004
      </IFC>
    </s_s1_m1_m2_m3.1.1.3.2.4>
    <s_s1_m1_m2_m3.1.1.4.2.4>
      <IFC type="real" size="9" columns="3">
-4.195177118157039E-004  6.505213034913027E-019  2.439454888092385E-019 
 4.336808689942018E-019 -4.122816250252534E-004  3.821812658011403E-018 
 8.131516293641283E-020  3.713392440762853E-018 -4.122816250252603E-004
      </IFC>
    </s_s1_m1_m2_m3.1.1.4.2.4>
    <s_s1_m1_m2_m3.1.1.1.3.4>
      <IFC type="real" size="9" columns="3">
-4.203086280642476E-004  4.717194857713446E-004 -4.873815373797983E-004 
 4.717194857713446E-004 -4.203086280642407E-004 -4.873815373798020E-004 
-3.463790330749731E-004 -3.463790330749770E-004 -3.164904269160121E-004
      </IFC>
    </s_s1_m1_m2_m3.1.1.1.3.4>
    <s_s1_m1_m2_m3.1.1.2.3.4>
      <IFC type="real" size="9" columns="3">
-3.819737635024920E-004  8.021318396572410E-005 -8.021318396573299E-005 
-8.021318396573402E-005 -4.754248510982348E-004 -1.019163740871021E-004 
 8.021318396572518E-005 -1.019163740871021E-004 -4.754248510982313E-004
      </IFC>
    </s_s1_m1_m2_m3.1.1.2.3.4>
    <s_s1_m1_m2_m3.1.1.3.3.4>
      <IFC type="real" size="9" columns="3">
-4.754248510982374E-004 -1.019163740870955E-004  8.021318396572678E-005 
-1.019163740870955E-004 -4.754248510982339E-004 -8.021318396573167E-005 
-8.021318396573155E-005  8.021318396572652E-005 -3.819737635024981E-004
      </IFC>
    </s_s1_m1_m2_m3.1.1.3.3.4>
    <s_s1_m1_m2_m3.1.1.4.3.4>
      <IFC type="real" size="9" columns="3">
-3.164904269159956E-004 -3.463790330749702E-004 -3.463790330749716E-004 
-4.873815373797953E-004 -4.203086280642398E-004  4.717194857713458E-004 
-4.873815373797965E-004  4.717194857713459E-004 -4.203086280642398E-004
      </IFC>
    </s_s1_m1_m2_m3.1.1.4.3.4>
    <s_s1_m1_m2_m3.1.1.1.4.4>
      <IFC type="real" size="9" columns="3">
-4.203086280642337E-004  4.873815373797976E-004 -4.717194857713483E-004 
 3.463790330749725E-004 -3.164904269159913E-004 -3.463790330749726E-004 
-4.717194857713483E-004 -4.873815373797976E-004 -4.203086280642372E-004
      </IFC>
    </s_s1_m1_m2_m3.1.1.1.4.4>
    <s_s1_m1_m2_m3.1.1.2.4.4>
      <IFC type="real" size="9" columns="3">
-4.122816250252568E-004  1.301042606982605E-018  1.355252715606881E-019 
 1.517883041479706E-018 -4.195177118157039E-004  1.165517335421917E-018 
 1.897353801849633E-019  1.165517335421917E-018 -4.122816250252603E-004
      </IFC>
    </s_s1_m1_m2_m3.1.1.2.4.4>
    <s_s1_m1_m2_m3.1.1.3.4.4>
      <IFC type="real" size="9" columns="3">
-4.203086280642337E-004 -4.873815373797936E-004 -4.717194857713495E-004 
-3.463790330749685E-004 -3.164904269159878E-004  3.463790330749726E-004 
-4.717194857713496E-004  4.873815373797977E-004 -4.203086280642424E-004
      </IFC>
    </s_s1_m1_m2_m3.1.1.3.4.4>
    <s_s1_m1_m2_m3.1.1.4.4.4>
      <IFC type="real" size="9" columns="3">
-1.337419829116043E-005  6.505213034913027E-019 -1.599198204416119E-018 
 5.421010862427522E-019 -1.337419829116043E-005  7.318364664277155E-019 
-1.599198204416119E-018  7.047314121155779E-019 -1.337419829115002E-005
      </IFC>
    </s_s1_m1_m2_m3.1.1.4.4.4>
    <s_s1_m1_m2_m3.1.2.1.1.1>
      <IFC type="real" size="9" columns="3">
-7.108111488799690E-002 -4.648742368195448E-002 -4.648742368195447E-002 
-4.648742368195448E-002 -7.108111488799690E-002 -4.648742368195448E-002 
-4.648742368195448E-002 -4.648742368195449E-002 -7.108111488799689E-002
      </IFC>
    </s_s1_m1_m2_m3.1.2.1.1.1>
    <s_s1_m1_m2_m3.1.2.2.1.1>
      <IFC type="real" size="9" columns="3">
 3.842685690232044E-004  8.756783102769022E-004 -8.756783102768996E-004 
 8.756783102769016E-004  4.831705147754886E-004  3.696568336537795E-004 
-8.756783102769014E-004  3.696568336537784E-004  4.831705147754856E-004
      </IFC>
    </s_s1_m1_m2_m3.1.2.2.1.1>
    <s_s1_m1_m2_m3.1.2.3.1.1>
      <IFC type="real" size="9" columns="3">
 1.057508452456402E-005  3.589430728368301E-004  1.961755899931546E-005 
 3.589430728368310E-004 -4.141791684357082E-005  3.589430728368267E-004 
 1.961755899931384E-005  3.589430728368262E-004  1.057508452456907E-005
      </IFC>
    </s_s1_m1_m2_m3.1.2.3.1.1>
    <s_s1_m1_m2_m3.1.2.4.1.1>
      <IFC type="real" size="9" columns="3">
 4.831705147754884E-004  3.696568336537819E-004 -8.756783102769003E-004 
 3.696568336537816E-004  4.831705147754917E-004  8.756783102769021E-004 
-8.756783102769029E-004  8.756783102769006E-004  3.842685690232085E-004
      </IFC>
    </s_s1_m1_m2_m3.1.2.4.1.1>
    <s_s1_m1_m2_m3.1.2.1.2.1>
      <IFC type="real" size="9" columns="3">
-7.108111488799690E-002  4.648742368195448E-002  4.648742368195449E-002 
 4.648742368195449E-002 -7.108111488799691E-002 -4.648742368195448E-002 
 4.648742368195448E-002 -4.648742368195448E-002 -7.108111488799690E-002
      </IFC>
    </s_s1_m1_m2_m3.1.2.1.2.1>
    <s_s1_m1_m2_m3.1.2.2.2.1>
      <IFC type="real" size="9" columns="3">
-4.941526029483504E-004 -1.168675592535248E-003  6.525662125244445E-004 
-1.168675592535244E-003 -4.037272941995012E-003  1.168675592535231E-003 
 6.525662125244417E-004  1.168675592535227E-003 -4.941526029483474E-004
      </IFC>
    </s_s1_m1_m2_m3.1.2.2.2.1>
    <s_s1_m1_m2_m3.1.2.3.2.1>
      <IFC type="real" size="9" columns="3">
-4.941526029483472E-004  1.168675592535236E-003  6.525662125244410E-004 
 1.168675592535238E-003 -4.037272941995016E-003 -1.168675592535247E-003 
 6.525662125244390E-004 -1.168675592535249E-003 -4.941526029483443E-004
      </IFC>
    </s_s1_m1_m2_m3.1.2.3.2.1>
    <s_s1_m1_m2_m3.1.2.4.2.1>
      <IFC type="real" size="9" columns="3">
-7.108111488799690E-002 -4.648742368195448E-002  4.648742368195448E-002 
-4.648742368195448E-002 -7.108111488799690E-002  4.648742368195448E-002 
 4.648742368195448E-002  4.648742368195448E-002 -7.108111488799690E-002
      </IFC>
    </s_s1_m1_m2_m3.1.2.4.2.1>
    <s_s1_m1_m2_m3.1.2.1.3.1>
      <IFC type="real" size="9" columns="3">
-4.037272941995022E-003 -1.168675592535246E-003 -1.168675592535237E-003 
-1.168675592535243E-003 -4.941526029483591E-004 -6.525662125244358E-004 
-1.168675592535240E-003 -6.525662125244358E-004 -4.941526029483487E-004
      </IFC>
    </s_s1_m1_m2_m3.1.2.1.3.1>
    <s_s1_m1_m2_m3.1.2.2.3.1>
      <IFC type="real" size="9" columns="3">
 7.430472460352254E-004  8.578496583465049E-004 -8.578496583464827E-004 
 8.578496583465042E-004  7.430472460352252E-004  8.578496583464950E-004 
-8.578496583464845E-004  8.578496583464935E-004  7.430472460352248E-004
      </IFC>
    </s_s1_m1_m2_m3.1.2.2.3.1>
    <s_s1_m1_m2_m3.1.2.3.3.1>
      <IFC type="real" size="9" columns="3">
-4.941526029483645E-004 -6.525662125244291E-004 -1.168675592535244E-003 
-6.525662125244284E-004 -4.941526029483662E-004 -1.168675592535237E-003 
-1.168675592535247E-003 -1.168675592535237E-003 -4.037272941995030E-003
      </IFC>
    </s_s1_m1_m2_m3.1.2.3.3.1>
    <s_s1_m1_m2_m3.1.2.4.3.1>
      <IFC type="real" size="9" columns="3">
 4.831705147754851E-004  8.756783102768868E-004 -3.696568336537789E-004 
 8.756783102768864E-004  3.842685690232014E-004  8.756783102768841E-004 
-3.696568336537815E-004  8.756783102768830E-004  4.831705147754897E-004
      </IFC>
    </s_s1_m1_m2_m3.1.2.4.3.1>
    <s_s1_m1_m2_m3.1.2.1.4.1>
      <IFC type="real" size="9" columns="3">
-4.037272941994998E-003  1.168675592535245E-003  1.168675592535241E-003 
 1.168675592535244E-003 -4.941526029483376E-004 -6.525662125244483E-004 
 1.168675592535238E-003 -6.525662125244470E-004 -4.941526029483318E-004
      </IFC>
    </s_s1_m1_m2_m3.1.2.1.4.1>
    <s_s1_m1_m2_m3.1.2.2.4.1>
      <IFC type="real" size="9" columns="3">
-4.941526029483391E-004 -6.525662125244393E-004  1.168675592535235E-003 
-6.525662125244388E-004 -4.941526029483365E-004  1.168675592535249E-003 
 1.168675592535234E-003  1.168675592535248E-003 -4.037272941995008E-003
      </IFC>
    </s_s1_m1_m2_m3.1.2.2.4.1>
    <s_s1_m1_m2_m3.1.2.3.4.1>
      <IFC type="real" size="9" columns="3">
 1.057508452456467E-005 -1.961755899932679E-005 -3.589430728368175E-004 
-1.961755899932679E-005  1.057508452456570E-005  3.589430728368319E-004 
-3.589430728368170E-004  3.589430728368299E-004 -4.141791684357862E-005
      </IFC>
    </s_s1_m1_m2_m3.1.2.3.4.1>
    <s_s1_m1_m2_m3.1.2.4.4.1>
      <IFC type="real" size="9" columns="3">
-4.141791684357694E-005  3.589430728368368E-004 -3.589430728368134E-004 
 3.589430728368377E-004  1.057508452456148E-005 -1.961755899932728E-005 
-3.589430728368178E-004 -1.961755899932728E-005  1.057508452456321E-005
      </IFC>
    </s_s1_m1_m2_m3.1.2.4.4.1>
    <s_s1_m1_m2_m3.1.2.1.1.2>
      <IFC type="real" size="9" columns="3">
 3.842685690231985E-004 -8.756783102769022E-004  8.756783102768948E-004 
-8.756783102769022E-004  4.831705147754842E-004  3.696568336537770E-004 
 8.756783102768927E-004  3.696568336537778E-004  4.831705147754876E-004
      </IFC>
    </s_s1_m1_m2_m3.1.2.1.1.2>
    <s_s1_m1_m2_m3.1.2.2.1.2>
      <IFC type="real" size="9" columns="3">
 3.355328952085453E-004 -1.819833803233412E-004 -1.819833803233389E-004 
-1.819833803233443E-004  3.491266352242652E-004  1.445495029337479E-004 
-1.819833803233382E-004  1.445495029337479E-004  3.491266352242663E-004
      </IFC>
    </s_s1_m1_m2_m3.1.2.2.1.2>
    <s_s1_m1_m2_m3.1.2.3.1.2>
      <IFC type="real" size="9" columns="3">
 3.491266352242555E-004  1.445495029337471E-004 -1.819833803233400E-004 
 1.445495029337462E-004  3.491266352242594E-004 -1.819833803233487E-004 
-1.819833803233405E-004 -1.819833803233467E-004  3.355328952085418E-004
      </IFC>
    </s_s1_m1_m2_m3.1.2.3.1.2>
    <s_s1_m1_m2_m3.1.2.4.1.2>
      <IFC type="real" size="9" columns="3">
 4.831705147754911E-004  3.696568336537846E-004  8.756783102768946E-004 
 3.696568336537828E-004  4.831705147754905E-004 -8.756783102769020E-004 
 8.756783102768965E-004 -8.756783102769031E-004  3.842685690232029E-004
      </IFC>
    </s_s1_m1_m2_m3.1.2.4.1.2>
    <s_s1_m1_m2_m3.1.2.1.2.2>
      <IFC type="real" size="9" columns="3">
-4.941526029483487E-004  6.525662125244462E-004 -1.168675592535244E-003 
 6.525662125244497E-004 -4.941526029483556E-004  1.168675592535230E-003 
-1.168675592535244E-003  1.168675592535227E-003 -4.037272941995018E-003
      </IFC>
    </s_s1_m1_m2_m3.1.2.1.2.2>
    <s_s1_m1_m2_m3.1.2.2.2.2>
      <IFC type="real" size="9" columns="3">
 7.430472460352403E-004 -8.578496583464970E-004 -8.578496583464983E-004 
-8.578496583464944E-004  7.430472460352422E-004 -8.578496583465006E-004 
-8.578496583464991E-004 -8.578496583465017E-004  7.430472460352377E-004
      </IFC>
    </s_s1_m1_m2_m3.1.2.2.2.2>
    <s_s1_m1_m2_m3.1.2.3.2.2>
      <IFC type="real" size="9" columns="3">
-4.037272941995024E-003  1.168675592535229E-003 -1.168675592535251E-003 
 1.168675592535230E-003 -4.941526029483575E-004  6.525662125244365E-004 
-1.168675592535253E-003  6.525662125244356E-004 -4.941526029483492E-004
      </IFC>
    </s_s1_m1_m2_m3.1.2.3.2.2>
    <s_s1_m1_m2_m3.1.2.4.2.2>
      <IFC type="real" size="9" columns="3">
 4.831705147754893E-004 -8.756783102768901E-004 -3.696568336537722E-004 
-8.756783102768875E-004  3.842685690232005E-004 -8.756783102768843E-004 
-3.696568336537747E-004 -8.756783102768865E-004  4.831705147754855E-004
      </IFC>
    </s_s1_m1_m2_m3.1.2.4.2.2>
    <s_s1_m1_m2_m3.1.2.1.3.2>
      <IFC type="real" size="9" columns="3">
 7.430472460352253E-004 -8.578496583464897E-004  8.578496583464996E-004 
-8.578496583464905E-004  7.430472460352236E-004  8.578496583464931E-004 
 8.578496583464983E-004  8.578496583464957E-004  7.430472460352271E-004
      </IFC>
    </s_s1_m1_m2_m3.1.2.1.3.2>
    <s_s1_m1_m2_m3.1.2.2.3.2>
      <IFC type="real" size="9" columns="3">
 7.430472460352045E-004  8.578496583464875E-004  8.578496583464936E-004 
 8.578496583464851E-004  7.430472460352034E-004 -8.578496583464838E-004 
 8.578496583464935E-004 -8.578496583464825E-004  7.430472460352045E-004
      </IFC>
    </s_s1_m1_m2_m3.1.2.2.3.2>
    <s_s1_m1_m2_m3.1.2.3.3.2>
      <IFC type="real" size="9" columns="3">
 3.491266352242763E-004  1.819833803233611E-004 -1.445495029337343E-004 
 1.819833803233606E-004  3.355328952085596E-004 -1.819833803233578E-004 
-1.445495029337343E-004 -1.819833803233563E-004  3.491266352242781E-004
      </IFC>
    </s_s1_m1_m2_m3.1.2.3.3.2>
    <s_s1_m1_m2_m3.1.2.4.3.2>
      <IFC type="real" size="9" columns="3">
 3.491266352242789E-004 -1.819833803233570E-004 -1.445495029337421E-004 
-1.819833803233595E-004  3.355328952085590E-004  1.819833803233559E-004 
-1.445495029337411E-004  1.819833803233569E-004  3.491266352242803E-004
      </IFC>
    </s_s1_m1_m2_m3.1.2.4.3.2>
    <s_s1_m1_m2_m3.1.2.1.4.2>
      <IFC type="real" size="9" columns="3">
-4.941526029483443E-004  1.168675592535240E-003 -6.525662125244377E-004 
 1.168675592535239E-003 -4.037272941995012E-003  1.168675592535246E-003 
-6.525662125244396E-004  1.168675592535246E-003 -4.941526029483396E-004
      </IFC>
    </s_s1_m1_m2_m3.1.2.1.4.2>
    <s_s1_m1_m2_m3.1.2.2.4.2>
      <IFC type="real" size="9" columns="3">
 3.355328952085535E-004  1.819833803233476E-004  1.819833803233437E-004 
 1.819833803233480E-004  3.491266352242726E-004  1.445495029337365E-004 
 1.819833803233451E-004  1.445495029337372E-004  3.491266352242750E-004
      </IFC>
    </s_s1_m1_m2_m3.1.2.2.4.2>
    <s_s1_m1_m2_m3.1.2.3.4.2>
      <IFC type="real" size="9" columns="3">
 6.506507880364737E-004 -1.971855080436928E-004  1.971855080436787E-004 
-1.971855080436945E-004  6.506507880364747E-004 -1.971855080436893E-004 
 1.971855080436800E-004 -1.971855080436884E-004  6.506507880364726E-004
      </IFC>
    </s_s1_m1_m2_m3.1.2.3.4.2>
    <s_s1_m1_m2_m3.1.2.4.4.2>
      <IFC type="real" size="9" columns="3">
 3.491266352242730E-004  1.445495029337462E-004  1.819833803233433E-004 
 1.445495029337445E-004  3.491266352242734E-004  1.819833803233447E-004 
 1.819833803233434E-004  1.819833803233460E-004  3.355328952085494E-004
      </IFC>
    </s_s1_m1_m2_m3.1.2.4.4.2>
    <s_s1_m1_m2_m3.1.2.1.1.3>
      <IFC type="real" size="9" columns="3">
 1.057508452456668E-005  1.961755899931861E-005  3.589430728368273E-004 
 1.961755899931861E-005  1.057508452456668E-005  3.589430728368238E-004 
 3.589430728368238E-004  3.589430728368204E-004 -4.141791684357521E-005
      </IFC>
    </s_s1_m1_m2_m3.1.2.1.1.3>
    <s_s1_m1_m2_m3.1.2.2.1.3>
      <IFC type="real" size="9" columns="3">
 3.491266352242600E-004 -1.819833803233428E-004  1.445495029337436E-004 
-1.819833803233435E-004  3.355328952085430E-004 -1.819833803233438E-004 
 1.445495029337414E-004 -1.819833803233445E-004  3.491266352242615E-004
      </IFC>
    </s_s1_m1_m2_m3.1.2.2.1.3>
    <s_s1_m1_m2_m3.1.2.3.1.3>
      <IFC type="real" size="9" columns="3">
-4.141791684357515E-005  3.589430728368201E-004  3.589430728368274E-004 
 3.589430728368223E-004  1.057508452456923E-005  1.961755899931579E-005 
 3.589430728368269E-004  1.961755899931622E-005  1.057508452456603E-005
      </IFC>
    </s_s1_m1_m2_m3.1.2.3.1.3>
    <s_s1_m1_m2_m3.1.2.4.1.3>
      <IFC type="real" size="9" columns="3">
 3.445484535522771E-004 -1.762401548556314E-004  1.762401548556232E-004 
-1.762401548556318E-004  3.445484535522725E-004 -1.762401548556295E-004 
 1.762401548556214E-004 -1.762401548556311E-004  3.445484535522699E-004
      </IFC>
    </s_s1_m1_m2_m3.1.2.4.1.3>
    <s_s1_m1_m2_m3.1.2.1.2.3>
      <IFC type="real" size="9" columns="3">
-4.941526029483556E-004  6.525662125244393E-004  1.168675592535244E-003 
 6.525662125244393E-004 -4.941526029483417E-004 -1.168675592535248E-003 
 1.168675592535237E-003 -1.168675592535251E-003 -4.037272941995018E-003
      </IFC>
    </s_s1_m1_m2_m3.1.2.1.2.3>
    <s_s1_m1_m2_m3.1.2.2.2.3>
      <IFC type="real" size="9" columns="3">
-4.037272941995020E-003 -1.168675592535247E-003  1.168675592535235E-003 
-1.168675592535244E-003 -4.941526029483521E-004  6.525662125244393E-004 
 1.168675592535231E-003  6.525662125244362E-004 -4.941526029483508E-004
      </IFC>
    </s_s1_m1_m2_m3.1.2.2.2.3>
    <s_s1_m1_m2_m3.1.2.3.2.3>
      <IFC type="real" size="9" columns="3">
-4.141791684358621E-005 -3.589430728368235E-004 -3.589430728368232E-004 
-3.589430728368217E-004  1.057508452455801E-005  1.961755899932923E-005 
-3.589430728368263E-004  1.961755899932641E-005  1.057508452456402E-005
      </IFC>
    </s_s1_m1_m2_m3.1.2.3.2.3>
    <s_s1_m1_m2_m3.1.2.4.2.3>
      <IFC type="real" size="9" columns="3">
 1.057508452455280E-005  1.961755899933249E-005 -3.589430728368238E-004 
 1.961755899933249E-005  1.057508452456668E-005 -3.589430728368238E-004 
-3.589430728368238E-004 -3.589430728368238E-004 -4.141791684358909E-005
      </IFC>
    </s_s1_m1_m2_m3.1.2.4.2.3>
    <s_s1_m1_m2_m3.1.2.1.3.3>
      <IFC type="real" size="9" columns="3">
-4.941526029483660E-004 -1.168675592535241E-003 -6.525662125244306E-004 
-1.168675592535238E-003 -4.037272941995032E-003 -1.168675592535237E-003 
-6.525662125244349E-004 -1.168675592535239E-003 -4.941526029483626E-004
      </IFC>
    </s_s1_m1_m2_m3.1.2.1.3.3>
    <s_s1_m1_m2_m3.1.2.2.3.3>
      <IFC type="real" size="9" columns="3">
 3.491266352242754E-004 -1.445495029337397E-004  1.819833803233593E-004 
-1.445495029337403E-004  3.491266352242743E-004 -1.819833803233575E-004 
 1.819833803233572E-004 -1.819833803233586E-004  3.355328952085575E-004
      </IFC>
    </s_s1_m1_m2_m3.1.2.2.3.3>
    <s_s1_m1_m2_m3.1.2.3.3.3>
      <IFC type="real" size="9" columns="3">
 6.506507880364853E-004  1.971855080436828E-004  1.971855080436874E-004 
 1.971855080436843E-004  6.506507880364844E-004  1.971855080436838E-004 
 1.971855080436877E-004  1.971855080436847E-004  6.506507880364842E-004
      </IFC>
    </s_s1_m1_m2_m3.1.2.3.3.3>
    <s_s1_m1_m2_m3.1.2.4.3.3>
      <IFC type="real" size="9" columns="3">
 3.355328952085599E-004 -1.819833803233569E-004  1.819833803233548E-004 
-1.819833803233574E-004  3.491266352242791E-004 -1.445495029337422E-004 
 1.819833803233530E-004 -1.445495029337433E-004  3.491266352242765E-004
      </IFC>
    </s_s1_m1_m2_m3.1.2.4.3.3>
    <s_s1_m1_m2_m3.1.2.1.4.3>
      <IFC type="real" size="9" columns="3">
 1.057508452456234E-005 -3.589430728368180E-004 -1.961755899932132E-005 
-3.589430728368203E-004 -4.141791684358150E-005  3.589430728368287E-004 
-1.961755899932414E-005  3.589430728368283E-004  1.057508452456278E-005
      </IFC>
    </s_s1_m1_m2_m3.1.2.1.4.3>
    <s_s1_m1_m2_m3.1.2.2.4.3>
      <IFC type="real" size="9" columns="3">
 6.506507880364764E-004  1.971855080436843E-004 -1.971855080436886E-004 
 1.971855080436847E-004  6.506507880364677E-004 -1.971855080436860E-004 
-1.971855080436888E-004 -1.971855080436864E-004  6.506507880364751E-004
      </IFC>
    </s_s1_m1_m2_m3.1.2.2.4.3>
    <s_s1_m1_m2_m3.1.2.3.4.3>
