<?xml version="1.0"?>
<?iotk version="1.2.0"?>
<?iotk file_version="1.0"?>
<?iotk binary="F"?>
<?iotk qe_syntax="F"?>
<Root>
  <GEOMETRY_INFO>
    <NUMBER_OF_TYPES type="integer" size="1">
         1
    </NUMBER_OF_TYPES>
    <NUMBER_OF_ATOMS type="integer" size="1">
         2
    </NUMBER_OF_ATOMS>
    <BRAVAIS_LATTICE_INDEX type="integer" size="1">
         0
    </BRAVAIS_LATTICE_INDEX>
    <SPIN_COMPONENTS type="integer" size="1">
         1
    </SPIN_COMPONENTS>
    <CELL_DIMENSIONS type="real" size="6">
 1.010000000000000E+001
 0.000000000000000E+000
 0.000000000000000E+000
 0.000000000000000E+000
 0.000000000000000E+000
 0.000000000000000E+000
    </CELL_DIMENSIONS>
    <AT type="real" size="9" columns="3">
-5.000000000000000E-001  0.000000000000000E+000  5.000000000000000E-001 
 0.000000000000000E+000  5.000000000000000E-001  5.000000000000000E-001 
-5.000000000000000E-001  5.000000000000000E-001  0.000000000000000E+000
    </AT>
    <BG type="real" size="9" columns="3">
-1.000000000000000E+000 -1.000000000000000E+000  1.000000000000000E+000 
 1.000000000000000E+000  1.000000000000000E+000  1.000000000000000E+000 
-1.000000000000000E+000  1.000000000000000E+000 -1.000000000000000E+000
    </BG>
    <UNIT_CELL_VOLUME_AU type="real" size="1">
 2.575752500000000E+002
    </UNIT_CELL_VOLUME_AU>
    <TYPE_NAME.1 type="character" size="1" len="3">
Si 
    </TYPE_NAME.1>
    <MASS.1 type="real" size="1">
 2.808600000000000E+001
    </MASS.1>
    <ATOM.1 SPECIES="Si " INDEX="1" TAU="0.000000000000000E+000 0.000000000000000E+000 0.000000000000000E+000"/>
    <ATOM.2 SPECIES="Si " INDEX="1" TAU="2.500000000000000E-001 2.500000000000000E-001 2.500000000000000E-001"/>
    <NUMBER_OF_Q type="integer" size="1">
         6
    </NUMBER_OF_Q>
  </GEOMETRY_INFO>
  <DIELECTRIC_PROPERTIES>
    <EPSILON type="real" size="9" columns="3">
 2.205061300882055E+001 -5.329070518200751E-015 -8.881784197001252E-015 
-5.329070518200751E-015  2.205061300882055E+001  5.329070518200751E-015 
-7.105427357601002E-015  7.105427357601002E-015  2.205061300882055E+001
    </EPSILON>
    <ZSTAR>
      <Z_AT_.1 type="real" size="9" columns="3">
-8.881784197001252E-016  2.220446049250313E-016 -6.661338147750937E-016 
-2.220446049250313E-016 -1.110223024625157E-015  2.220446049250313E-016 
 0.000000000000000E+000  8.881784197001252E-016 -4.440892098500626E-016
      </Z_AT_.1>
      <Z_AT_.2 type="real" size="9" columns="3">
 1.110223024625157E-015 -2.220446049250313E-016  6.661338147750937E-016 
 2.220446049250313E-016  8.881784197001252E-016 -2.220446049250313E-016 
 0.000000000000000E+000 -8.881784197001252E-016  4.440892098500626E-016
      </Z_AT_.2>
    </ZSTAR>
  </DIELECTRIC_PROPERTIES>
  <INTERATOMIC_FORCE_CONSTANTS>
    <MESH_NQ1_NQ2_NQ3 type="integer" size="3" columns="3">
         4          4          4
    </MESH_NQ1_NQ2_NQ3>
    <s_s1_m1_m2_m3.1.1.1.1.1>
      <IFC type="real" size="9" columns="3">
 2.939930559550039E-001  6.396792817664476E-018  8.944667923005412E-019 
 6.396792817664476E-018  2.939930559550039E-001  2.385244779468110E-018 
 8.944667923005412E-019  2.385244779468110E-018  2.939930559550039E-001
      </IFC>
    </s_s1_m1_m2_m3.1.1.1.1.1>
    <s_s1_m1_m2_m3.1.1.2.1.1>
      <IFC type="real" size="9" columns="3">
-3.854049390591899E-003 -1.889903808025712E-003  4.621004834817626E-003 
 1.889903808025706E-003  1.074005402182921E-002 -1.889903808025708E-003 
 4.621004834817626E-003  1.889903808025709E-003 -3.854049390591892E-003
      </IFC>
    </s_s1_m1_m2_m3.1.1.2.1.1>
    <s_s1_m1_m2_m3.1.1.3.1.1>
      <IFC type="real" size="9" columns="3">
-4.113771629733753E-005 -3.848917712323541E-018  5.067111180722002E-004 
-3.848917712323541E-018  4.102063543989499E-003  1.951563910473908E-018 
 5.067111180722002E-004  1.951563910473908E-018 -4.113771629732886E-005
      </IFC>
    </s_s1_m1_m2_m3.1.1.3.1.1>
    <s_s1_m1_m2_m3.1.1.4.1.1>
      <IFC type="real" size="9" columns="3">
-3.854049390591899E-003  1.889903808025706E-003  4.621004834817626E-003 
-1.889903808025712E-003  1.074005402182921E-002  1.889903808025709E-003 
 4.621004834817626E-003 -1.889903808025708E-003 -3.854049390591892E-003
      </IFC>
    </s_s1_m1_m2_m3.1.1.4.1.1>
    <s_s1_m1_m2_m3.1.1.1.2.1>
      <IFC type="real" size="9" columns="3">
 1.074005402182921E-002  1.889903808025707E-003  1.889903808025708E-003 
-1.889903808025710E-003 -3.854049390591894E-003 -4.621004834817626E-003 
-1.889903808025710E-003 -4.621004834817626E-003 -3.854049390591897E-003
      </IFC>
    </s_s1_m1_m2_m3.1.1.1.2.1>
    <s_s1_m1_m2_m3.1.1.2.2.1>
      <IFC type="real" size="9" columns="3">
-4.323689030717743E-004 -4.629627102214542E-004  3.478288203570096E-004 
-4.629627102214542E-004 -4.323689030717760E-004 -3.478288203570072E-004 
 4.869206414291354E-004 -4.869206414291330E-004 -3.240874635397810E-004
      </IFC>
    </s_s1_m1_m2_m3.1.1.2.2.1>
    <s_s1_m1_m2_m3.1.1.3.2.1>
      <IFC type="real" size="9" columns="3">
-3.240874635397819E-004 -4.869206414291331E-004  4.869206414291327E-004 
-3.478288203570073E-004 -4.323689030717726E-004 -4.629627102214568E-004 
 3.478288203570069E-004 -4.629627102214568E-004 -4.323689030717743E-004
      </IFC>
    </s_s1_m1_m2_m3.1.1.3.2.1>
    <s_s1_m1_m2_m3.1.1.4.2.1>
      <IFC type="real" size="9" columns="3">
-3.854049390591899E-003 -4.621004834817625E-003 -1.889903808025710E-003 
-4.621004834817625E-003 -3.854049390591897E-003 -1.889903808025707E-003 
 1.889903808025708E-003  1.889903808025710E-003  1.074005402182921E-002
      </IFC>
    </s_s1_m1_m2_m3.1.1.4.2.1>
    <s_s1_m1_m2_m3.1.1.1.3.1>
      <IFC type="real" size="9" columns="3">
 4.102063543989488E-003 -2.439454888092385E-018  3.469446951953614E-018 
-2.439454888092385E-018 -4.113771629734447E-005 -5.067111180721961E-004 
 3.469446951953614E-018 -5.067111180721961E-004 -4.113771629733060E-005
      </IFC>
    </s_s1_m1_m2_m3.1.1.1.3.1>
    <s_s1_m1_m2_m3.1.1.2.3.1>
      <IFC type="real" size="9" columns="3">
-4.323689030717743E-004 -3.478288203570075E-004  4.629627102214573E-004 
-4.869206414291333E-004 -3.240874635397802E-004 -4.869206414291337E-004 
 4.629627102214572E-004 -3.478288203570079E-004 -4.323689030717778E-004
      </IFC>
    </s_s1_m1_m2_m3.1.1.2.3.1>
    <s_s1_m1_m2_m3.1.1.3.3.1>
      <IFC type="real" size="9" columns="3">
-4.113771629733406E-005 -5.067111180721915E-004 -2.791820594150174E-018 
-5.067111180721915E-004 -4.113771629733406E-005 -5.963111948670274E-019 
-2.791820594150174E-018 -5.963111948670274E-019  4.102063543989490E-003
      </IFC>
    </s_s1_m1_m2_m3.1.1.3.3.1>
    <s_s1_m1_m2_m3.1.1.4.3.1>
      <IFC type="real" size="9" columns="3">
-4.323689030717743E-004 -4.869206414291333E-004  4.629627102214572E-004 
-3.478288203570075E-004 -3.240874635397802E-004 -3.478288203570079E-004 
 4.629627102214573E-004 -4.869206414291337E-004 -4.323689030717778E-004
      </IFC>
    </s_s1_m1_m2_m3.1.1.4.3.1>
    <s_s1_m1_m2_m3.1.1.1.4.1>
      <IFC type="real" size="9" columns="3">
 1.074005402182921E-002 -1.889903808025710E-003 -1.889903808025710E-003 
 1.889903808025707E-003 -3.854049390591894E-003 -4.621004834817626E-003 
 1.889903808025708E-003 -4.621004834817626E-003 -3.854049390591897E-003
      </IFC>
    </s_s1_m1_m2_m3.1.1.1.4.1>
    <s_s1_m1_m2_m3.1.1.2.4.1>
      <IFC type="real" size="9" columns="3">
-3.854049390591899E-003 -4.621004834817625E-003  1.889903808025708E-003 
-4.621004834817625E-003 -3.854049390591897E-003  1.889903808025710E-003 
-1.889903808025710E-003 -1.889903808025707E-003  1.074005402182921E-002
      </IFC>
    </s_s1_m1_m2_m3.1.1.2.4.1>
    <s_s1_m1_m2_m3.1.1.3.4.1>
      <IFC type="real" size="9" columns="3">
-3.240874635397819E-004 -3.478288203570073E-004  3.478288203570069E-004 
-4.869206414291331E-004 -4.323689030717726E-004 -4.629627102214568E-004 
 4.869206414291327E-004 -4.629627102214568E-004 -4.323689030717743E-004
      </IFC>
    </s_s1_m1_m2_m3.1.1.3.4.1>
    <s_s1_m1_m2_m3.1.1.4.4.1>
      <IFC type="real" size="9" columns="3">
-4.323689030717743E-004 -4.629627102214542E-004  4.869206414291354E-004 
-4.629627102214542E-004 -4.323689030717760E-004 -4.869206414291330E-004 
 3.478288203570096E-004 -3.478288203570072E-004 -3.240874635397810E-004
      </IFC>
    </s_s1_m1_m2_m3.1.1.4.4.1>
    <s_s1_m1_m2_m3.1.1.1.1.2>
      <IFC type="real" size="9" columns="3">
-3.854049390591904E-003  4.621004834817625E-003 -1.889903808025710E-003 
 4.621004834817625E-003 -3.854049390591904E-003  1.889903808025711E-003 
 1.889903808025707E-003 -1.889903808025706E-003  1.074005402182919E-002
      </IFC>
    </s_s1_m1_m2_m3.1.1.1.1.2>
    <s_s1_m1_m2_m3.1.1.2.1.2>
      <IFC type="real" size="9" columns="3">
-3.240874635397854E-004  4.869206414291339E-004  4.869206414291340E-004 
 3.478288203570081E-004 -4.323689030717726E-004  4.629627102214554E-004 
 3.478288203570086E-004  4.629627102214554E-004 -4.323689030717726E-004
      </IFC>
    </s_s1_m1_m2_m3.1.1.2.1.2>
    <s_s1_m1_m2_m3.1.1.3.1.2>
      <IFC type="real" size="9" columns="3">
-4.323689030717778E-004  4.629627102214588E-004  3.478288203570095E-004 
 4.629627102214588E-004 -4.323689030717708E-004  3.478288203570087E-004 
 4.869206414291353E-004  4.869206414291345E-004 -3.240874635397767E-004
      </IFC>
    </s_s1_m1_m2_m3.1.1.3.1.2>
    <s_s1_m1_m2_m3.1.1.4.1.2>
      <IFC type="real" size="9" columns="3">
 1.074005402182921E-002 -1.889903808025710E-003  1.889903808025705E-003 
 1.889903808025707E-003 -3.854049390591897E-003  4.621004834817627E-003 
-1.889903808025712E-003  4.621004834817627E-003 -3.854049390591901E-003
      </IFC>
    </s_s1_m1_m2_m3.1.1.4.1.2>
    <s_s1_m1_m2_m3.1.1.1.2.2>
      <IFC type="real" size="9" columns="3">
-4.323689030717795E-004  3.478288203570064E-004 -4.629627102214532E-004 
 4.869206414291322E-004 -3.240874635397802E-004 -4.869206414291343E-004 
-4.629627102214532E-004 -3.478288203570086E-004 -4.323689030717795E-004
      </IFC>
    </s_s1_m1_m2_m3.1.1.1.2.2>
    <s_s1_m1_m2_m3.1.1.2.2.2>
      <IFC type="real" size="9" columns="3">
-1.658299649436208E-005 -4.336808689942018E-019 -3.848917712323541E-018 
-4.336808689942018E-019 -1.658299649435341E-005  1.355252715606881E-018 
-3.794707603699266E-018  1.355252715606881E-018 -1.658299649435081E-005
      </IFC>
    </s_s1_m1_m2_m3.1.1.2.2.2>
    <s_s1_m1_m2_m3.1.1.3.2.2>
      <IFC type="real" size="9" columns="3">
-4.323689030717760E-004 -3.478288203570075E-004 -4.629627102214559E-004 
-4.869206414291332E-004 -3.240874635397784E-004  4.869206414291333E-004 
-4.629627102214559E-004  3.478288203570074E-004 -4.323689030717795E-004
      </IFC>
    </s_s1_m1_m2_m3.1.1.3.2.2>
    <s_s1_m1_m2_m3.1.1.4.2.2>
      <IFC type="real" size="9" columns="3">
-4.115689714013614E-004  8.890457814381136E-018 -3.848917712323541E-018 
 8.890457814381136E-018 -4.154064055226329E-004 -4.336808689942018E-019 
-3.957337929572091E-018 -4.336808689942018E-019 -4.115689714013554E-004
      </IFC>
    </s_s1_m1_m2_m3.1.1.4.2.2>
    <s_s1_m1_m2_m3.1.1.1.3.2>
      <IFC type="real" size="9" columns="3">
-4.323689030717795E-004  4.629627102214593E-004 -3.478288203570059E-004 
 4.629627102214593E-004 -4.323689030717795E-004 -3.478288203570076E-004 
-4.869206414291316E-004 -4.869206414291333E-004 -3.240874635397697E-004
      </IFC>
    </s_s1_m1_m2_m3.1.1.1.3.2>
    <s_s1_m1_m2_m3.1.1.2.3.2>
      <IFC type="real" size="9" columns="3">
-3.240874635397819E-004 -4.869206414291313E-004 -4.869206414291358E-004 
-3.478288203570055E-004 -4.323689030717726E-004  4.629627102214549E-004 
-3.478288203570099E-004  4.629627102214550E-004 -4.323689030717760E-004
      </IFC>
    </s_s1_m1_m2_m3.1.1.2.3.2>
    <s_s1_m1_m2_m3.1.1.3.3.2>
      <IFC type="real" size="9" columns="3">
-4.972893340133514E-004 -8.890108553849333E-005 -8.566572140068771E-005 
-8.890108553849336E-005 -4.972893340133514E-004  8.566572140068944E-005 
 8.566572140068657E-005 -8.566572140068484E-005 -3.895814947730246E-004
      </IFC>
    </s_s1_m1_m2_m3.1.1.3.3.2>
    <s_s1_m1_m2_m3.1.1.4.3.2>
      <IFC type="real" size="9" columns="3">
-3.895814947730090E-004 -8.566572140068980E-005  8.566572140068809E-005 
 8.566572140068448E-005 -4.972893340133566E-004 -8.890108553849280E-005 
-8.566572140068638E-005 -8.890108553849296E-005 -4.972893340133566E-004
      </IFC>
    </s_s1_m1_m2_m3.1.1.4.3.2>
    <s_s1_m1_m2_m3.1.1.1.4.2>
      <IFC type="real" size="9" columns="3">
-3.854049390591897E-003  1.889903808025707E-003 -4.621004834817626E-003 
-1.889903808025710E-003  1.074005402182921E-002 -1.889903808025707E-003 
-4.621004834817626E-003  1.889903808025710E-003 -3.854049390591897E-003
      </IFC>
    </s_s1_m1_m2_m3.1.1.1.4.2>
    <s_s1_m1_m2_m3.1.1.2.4.2>
      <IFC type="real" size="9" columns="3">
-4.154064055226347E-004  7.155734338404329E-018  2.222614453595284E-018 
 7.155734338404329E-018 -4.115689714013597E-004  8.673617379884035E-019 
 2.331034670843835E-018  8.673617379884035E-019 -4.115689714013658E-004
      </IFC>
    </s_s1_m1_m2_m3.1.1.2.4.2>
    <s_s1_m1_m2_m3.1.1.3.4.2>
      <IFC type="real" size="9" columns="3">
-4.972893340133532E-004  8.566572140068432E-005  8.890108553849676E-005 
-8.566572140068990E-005 -3.895814947730124E-004 -8.566572140068535E-005 
 8.890108553849676E-005  8.566572140068901E-005 -4.972893340133532E-004
      </IFC>
    </s_s1_m1_m2_m3.1.1.3.4.2>
    <s_s1_m1_m2_m3.1.1.4.4.2>
      <IFC type="real" size="9" columns="3">
-4.115689714013580E-004  1.301042606982605E-018  1.517883041479706E-018 
 1.301042606982605E-018 -4.115689714013632E-004 -2.547875105340935E-018 
 1.463672932855431E-018 -2.547875105340935E-018 -4.154064055226442E-004
      </IFC>
    </s_s1_m1_m2_m3.1.1.4.4.2>
    <s_s1_m1_m2_m3.1.1.1.1.3>
      <IFC type="real" size="9" columns="3">
-4.113771629735141E-005  5.067111180721914E-004 -1.897353801849633E-019 
 5.067111180721914E-004 -4.113771629735141E-005 -3.794707603699266E-019 
-1.897353801849633E-019 -3.794707603699266E-019  4.102063543989454E-003
      </IFC>
    </s_s1_m1_m2_m3.1.1.1.1.3>
    <s_s1_m1_m2_m3.1.1.2.1.3>
      <IFC type="real" size="9" columns="3">
-4.323689030717812E-004  3.478288203570077E-004  4.629627102214571E-004 
 4.869206414291334E-004 -3.240874635397767E-004  4.869206414291338E-004 
 4.629627102214575E-004  3.478288203570081E-004 -4.323689030717812E-004
      </IFC>
    </s_s1_m1_m2_m3.1.1.2.1.3>
    <s_s1_m1_m2_m3.1.1.3.1.3>
      <IFC type="real" size="9" columns="3">
 4.102063543989492E-003 -1.572093150103981E-018  4.878909776184770E-019 
-1.572093150103981E-018 -4.113771629733060E-005  5.067111180721898E-004 
 4.878909776184770E-019  5.067111180721898E-004 -4.113771629733233E-005
      </IFC>
    </s_s1_m1_m2_m3.1.1.3.1.3>
    <s_s1_m1_m2_m3.1.1.4.1.3>
      <IFC type="real" size="9" columns="3">
-4.323689030717812E-004  4.869206414291334E-004  4.629627102214575E-004 
 3.478288203570077E-004 -3.240874635397767E-004  3.478288203570081E-004 
 4.629627102214571E-004  4.869206414291338E-004 -4.323689030717812E-004
      </IFC>
    </s_s1_m1_m2_m3.1.1.4.1.3>
    <s_s1_m1_m2_m3.1.1.1.2.3>
      <IFC type="real" size="9" columns="3">
-3.240874635397836E-004  4.869206414291338E-004 -4.869206414291347E-004 
 3.478288203570081E-004 -4.323689030717760E-004 -4.629627102214567E-004 
-3.478288203570089E-004 -4.629627102214567E-004 -4.323689030717795E-004
      </IFC>
    </s_s1_m1_m2_m3.1.1.1.2.3>
    <s_s1_m1_m2_m3.1.1.2.2.3>
      <IFC type="real" size="9" columns="3">
-4.323689030717778E-004 -4.629627102214529E-004 -3.478288203570088E-004 
-4.629627102214529E-004 -4.323689030717726E-004  3.478288203570086E-004 
-4.869206414291346E-004  4.869206414291344E-004 -3.240874635397880E-004
      </IFC>
    </s_s1_m1_m2_m3.1.1.2.2.3>
    <s_s1_m1_m2_m3.1.1.3.2.3>
      <IFC type="real" size="9" columns="3">
-3.895814947730159E-004  8.566572140068595E-005  8.566572140068725E-005 
-8.566572140068836E-005 -4.972893340133497E-004  8.890108553849462E-005 
-8.566572140068703E-005  8.890108553849467E-005 -4.972893340133584E-004
      </IFC>
    </s_s1_m1_m2_m3.1.1.3.2.3>
    <s_s1_m1_m2_m3.1.1.4.2.3>
      <IFC type="real" size="9" columns="3">
-4.972893340133549E-004  8.890108553849269E-005 -8.566572140068427E-005 
 8.890108553849269E-005 -4.972893340133532E-004 -8.566572140068546E-005 
 8.566572140069001E-005  8.566572140068882E-005 -3.895814947730133E-004
      </IFC>
    </s_s1_m1_m2_m3.1.1.4.2.3>
    <s_s1_m1_m2_m3.1.1.1.3.3>
      <IFC type="real" size="9" columns="3">
-4.113771629734447E-005 -1.897353801849633E-018 -5.067111180721876E-004 
-1.897353801849633E-018  4.102063543989488E-003  1.517883041479706E-018 
-5.067111180721876E-004  1.517883041479706E-018 -4.113771629733060E-005
      </IFC>
    </s_s1_m1_m2_m3.1.1.1.3.3>
    <s_s1_m1_m2_m3.1.1.2.3.3>
      <IFC type="real" size="9" columns="3">
-4.972893340133514E-004 -8.566572140068952E-005 -8.890108553849123E-005 
 8.566572140068475E-005 -3.895814947730142E-004 -8.566572140068660E-005 
-8.890108553849128E-005  8.566572140068763E-005 -4.972893340133549E-004
      </IFC>
    </s_s1_m1_m2_m3.1.1.2.3.3>
    <s_s1_m1_m2_m3.1.1.3.3.3>
      <IFC type="real" size="9" columns="3">
 1.910982471349798E-004  5.637851296924623E-018  6.423897871976614E-018 
 5.637851296924623E-018  1.910982471349798E-004  2.602085213965211E-018 
 6.423897871976614E-018  2.602085213965211E-018  1.910982471349642E-004
      </IFC>
    </s_s1_m1_m2_m3.1.1.3.3.3>
    <s_s1_m1_m2_m3.1.1.4.3.3>
      <IFC type="real" size="9" columns="3">
-4.972893340133514E-004  8.566572140068475E-005 -8.890108553849128E-005 
-8.566572140068952E-005 -3.895814947730142E-004  8.566572140068763E-005 
-8.890108553849123E-005 -8.566572140068660E-005 -4.972893340133549E-004
      </IFC>
    </s_s1_m1_m2_m3.1.1.4.3.3>
    <s_s1_m1_m2_m3.1.1.1.4.3>
      <IFC type="real" size="9" columns="3">
-3.240874635397836E-004  3.478288203570081E-004 -3.478288203570089E-004 
 4.869206414291338E-004 -4.323689030717760E-004 -4.629627102214567E-004 
-4.869206414291347E-004 -4.629627102214567E-004 -4.323689030717795E-004
      </IFC>
    </s_s1_m1_m2_m3.1.1.1.4.3>
    <s_s1_m1_m2_m3.1.1.2.4.3>
      <IFC type="real" size="9" columns="3">
-4.972893340133549E-004  8.890108553849269E-005  8.566572140069001E-005 
 8.890108553849269E-005 -4.972893340133532E-004  8.566572140068882E-005 
-8.566572140068427E-005 -8.566572140068546E-005 -3.895814947730133E-004
      </IFC>
    </s_s1_m1_m2_m3.1.1.2.4.3>
    <s_s1_m1_m2_m3.1.1.3.4.3>
      <IFC type="real" size="9" columns="3">
-3.895814947730159E-004 -8.566572140068836E-005 -8.566572140068703E-005 
 8.566572140068595E-005 -4.972893340133497E-004  8.890108553849467E-005 
 8.566572140068725E-005  8.890108553849462E-005 -4.972893340133584E-004
      </IFC>
    </s_s1_m1_m2_m3.1.1.3.4.3>
    <s_s1_m1_m2_m3.1.1.4.4.3>
      <IFC type="real" size="9" columns="3">
-4.323689030717778E-004 -4.629627102214529E-004 -4.869206414291346E-004 
-4.629627102214529E-004 -4.323689030717726E-004  4.869206414291344E-004 
-3.478288203570088E-004  3.478288203570086E-004 -3.240874635397880E-004
      </IFC>
    </s_s1_m1_m2_m3.1.1.4.4.3>
    <s_s1_m1_m2_m3.1.1.1.1.4>
      <IFC type="real" size="9" columns="3">
-3.854049390591904E-003  4.621004834817625E-003  1.889903808025707E-003 
 4.621004834817625E-003 -3.854049390591904E-003 -1.889903808025706E-003 
-1.889903808025710E-003  1.889903808025711E-003  1.074005402182919E-002
      </IFC>
    </s_s1_m1_m2_m3.1.1.1.1.4>
    <s_s1_m1_m2_m3.1.1.2.1.4>
      <IFC type="real" size="9" columns="3">
 1.074005402182921E-002  1.889903808025707E-003 -1.889903808025712E-003 
-1.889903808025710E-003 -3.854049390591897E-003  4.621004834817627E-003 
 1.889903808025705E-003  4.621004834817627E-003 -3.854049390591901E-003
      </IFC>
    </s_s1_m1_m2_m3.1.1.2.1.4>
    <s_s1_m1_m2_m3.1.1.3.1.4>
      <IFC type="real" size="9" columns="3">
-4.323689030717778E-004  4.629627102214588E-004  4.869206414291353E-004 
 4.629627102214588E-004 -4.323689030717708E-004  4.869206414291345E-004 
 3.478288203570095E-004  3.478288203570087E-004 -3.240874635397767E-004
      </IFC>
    </s_s1_m1_m2_m3.1.1.3.1.4>
    <s_s1_m1_m2_m3.1.1.4.1.4>
      <IFC type="real" size="9" columns="3">
-3.240874635397854E-004  3.478288203570081E-004  3.478288203570086E-004 
 4.869206414291339E-004 -4.323689030717726E-004  4.629627102214554E-004 
 4.869206414291340E-004  4.629627102214554E-004 -4.323689030717726E-004
      </IFC>
    </s_s1_m1_m2_m3.1.1.4.1.4>
    <s_s1_m1_m2_m3.1.1.1.2.4>
      <IFC type="real" size="9" columns="3">
-3.854049390591897E-003 -1.889903808025710E-003 -4.621004834817626E-003 
 1.889903808025707E-003  1.074005402182921E-002  1.889903808025710E-003 
-4.621004834817626E-003 -1.889903808025707E-003 -3.854049390591897E-003
      </IFC>
    </s_s1_m1_m2_m3.1.1.1.2.4>
    <s_s1_m1_m2_m3.1.1.2.2.4>
      <IFC type="real" size="9" columns="3">
-4.115689714013580E-004  1.301042606982605E-018  1.463672932855431E-018 
 1.301042606982605E-018 -4.115689714013632E-004 -2.547875105340935E-018 
 1.517883041479706E-018 -2.547875105340935E-018 -4.154064055226442E-004
      </IFC>
    </s_s1_m1_m2_m3.1.1.2.2.4>
    <s_s1_m1_m2_m3.1.1.3.2.4>
      <IFC type="real" size="9" columns="3">
-4.972893340133532E-004 -8.566572140068990E-005  8.890108553849676E-005 
 8.566572140068432E-005 -3.895814947730124E-004  8.566572140068901E-005 
 8.890108553849676E-005 -8.566572140068535E-005 -4.972893340133532E-004
      </IFC>
    </s_s1_m1_m2_m3.1.1.3.2.4>
    <s_s1_m1_m2_m3.1.1.4.2.4>
      <IFC type="real" size="9" columns="3">
-4.154064055226347E-004  7.155734338404329E-018  2.331034670843835E-018 
 7.155734338404329E-018 -4.115689714013597E-004  8.673617379884035E-019 
 2.222614453595284E-018  8.673617379884035E-019 -4.115689714013658E-004
      </IFC>
    </s_s1_m1_m2_m3.1.1.4.2.4>
    <s_s1_m1_m2_m3.1.1.1.3.4>
      <IFC type="real" size="9" columns="3">
-4.323689030717795E-004  4.629627102214593E-004 -4.869206414291316E-004 
 4.629627102214593E-004 -4.323689030717795E-004 -4.869206414291333E-004 
-3.478288203570059E-004 -3.478288203570076E-004 -3.240874635397697E-004
      </IFC>
    </s_s1_m1_m2_m3.1.1.1.3.4>
    <s_s1_m1_m2_m3.1.1.2.3.4>
      <IFC type="real" size="9" columns="3">
-3.895814947730090E-004  8.566572140068448E-005 -8.566572140068638E-005 
-8.566572140068980E-005 -4.972893340133566E-004 -8.890108553849296E-005 
 8.566572140068809E-005 -8.890108553849280E-005 -4.972893340133566E-004
      </IFC>
    </s_s1_m1_m2_m3.1.1.2.3.4>
    <s_s1_m1_m2_m3.1.1.3.3.4>
      <IFC type="real" size="9" columns="3">
-4.972893340133514E-004 -8.890108553849336E-005  8.566572140068657E-005 
-8.890108553849333E-005 -4.972893340133514E-004 -8.566572140068484E-005 
-8.566572140068771E-005  8.566572140068944E-005 -3.895814947730246E-004
      </IFC>
    </s_s1_m1_m2_m3.1.1.3.3.4>
    <s_s1_m1_m2_m3.1.1.4.3.4>
      <IFC type="real" size="9" columns="3">
-3.240874635397819E-004 -3.478288203570055E-004 -3.478288203570099E-004 
-4.869206414291313E-004 -4.323689030717726E-004  4.629627102214550E-004 
-4.869206414291358E-004  4.629627102214549E-004 -4.323689030717760E-004
      </IFC>
    </s_s1_m1_m2_m3.1.1.4.3.4>
    <s_s1_m1_m2_m3.1.1.1.4.4>
      <IFC type="real" size="9" columns="3">
-4.323689030717795E-004  4.869206414291322E-004 -4.629627102214532E-004 
 3.478288203570064E-004 -3.240874635397802E-004 -3.478288203570086E-004 
-4.629627102214532E-004 -4.869206414291343E-004 -4.323689030717795E-004
      </IFC>
    </s_s1_m1_m2_m3.1.1.1.4.4>
    <s_s1_m1_m2_m3.1.1.2.4.4>
      <IFC type="real" size="9" columns="3">
-4.115689714013614E-004  8.890457814381136E-018 -3.957337929572091E-018 
 8.890457814381136E-018 -4.154064055226329E-004 -4.336808689942018E-019 
-3.848917712323541E-018 -4.336808689942018E-019 -4.115689714013554E-004
      </IFC>
    </s_s1_m1_m2_m3.1.1.2.4.4>
    <s_s1_m1_m2_m3.1.1.3.4.4>
      <IFC type="real" size="9" columns="3">
-4.323689030717760E-004 -4.869206414291332E-004 -4.629627102214559E-004 
-3.478288203570075E-004 -3.240874635397784E-004  3.478288203570074E-004 
-4.629627102214559E-004  4.869206414291333E-004 -4.323689030717795E-004
      </IFC>
    </s_s1_m1_m2_m3.1.1.3.4.4>
    <s_s1_m1_m2_m3.1.1.4.4.4>
      <IFC type="real" size="9" columns="3">
-1.658299649436208E-005 -4.336808689942018E-019 -3.794707603699266E-018 
-4.336808689942018E-019 -1.658299649435341E-005  1.355252715606881E-018 
-3.848917712323541E-018  1.355252715606881E-018 -1.658299649435081E-005
      </IFC>
    </s_s1_m1_m2_m3.1.1.4.4.4>
    <s_s1_m1_m2_m3.1.2.1.1.1>
      <IFC type="real" size="9" columns="3">
-7.315233939851656E-002 -4.919194111323649E-002 -4.919194111323650E-002 
-4.919194111323649E-002 -7.315233939851656E-002 -4.919194111323649E-002 
-4.919194111323650E-002 -4.919194111323649E-002 -7.315233939851656E-002
      </IFC>
    </s_s1_m1_m2_m3.1.2.1.1.1>
    <s_s1_m1_m2_m3.1.2.2.1.1>
      <IFC type="real" size="9" columns="3">
 3.749756956878063E-004  9.013268704385347E-004 -9.013268704385315E-004 
 9.013268704385336E-004  4.946528421951406E-004  3.365319459178304E-004 
-9.013268704385308E-004  3.365319459178298E-004  4.946528421951384E-004
      </IFC>
    </s_s1_m1_m2_m3.1.2.2.1.1>
    <s_s1_m1_m2_m3.1.2.3.1.1>
      <IFC type="real" size="9" columns="3">
 7.993846841088657E-006  3.752244901998462E-004  3.839778764717634E-005 
 3.752244901998463E-004 -7.074962884616313E-005  3.752244901998441E-004 
 3.839778764717927E-005  3.752244901998444E-004  7.993846841088874E-006
      </IFC>
    </s_s1_m1_m2_m3.1.2.3.1.1>
    <s_s1_m1_m2_m3.1.2.4.1.1>
      <IFC type="real" size="9" columns="3">
 4.946528421951409E-004  3.365319459178291E-004 -9.013268704385324E-004 
 3.365319459178282E-004  4.946528421951406E-004  9.013268704385330E-004 
-9.013268704385329E-004  9.013268704385322E-004  3.749756956878010E-004
      </IFC>
    </s_s1_m1_m2_m3.1.2.4.1.1>
    <s_s1_m1_m2_m3.1.2.1.2.1>
      <IFC type="real" size="9" columns="3">
-7.315233939851656E-002  4.919194111323649E-002  4.919194111323651E-002 
 4.919194111323650E-002 -7.315233939851656E-002 -4.919194111323650E-002 
 4.919194111323650E-002 -4.919194111323650E-002 -7.315233939851658E-002
      </IFC>
    </s_s1_m1_m2_m3.1.2.1.2.1>
    <s_s1_m1_m2_m3.1.2.2.2.1>
      <IFC type="real" size="9" columns="3">
-5.202256270933573E-004 -1.218199294728471E-003  7.168099885367938E-004 
-1.218199294728473E-003 -4.017941086984741E-003  1.218199294728472E-003 
 7.168099885367925E-004  1.218199294728471E-003 -5.202256270933569E-004
      </IFC>
    </s_s1_m1_m2_m3.1.2.2.2.1>
    <s_s1_m1_m2_m3.1.2.3.2.1>
      <IFC type="real" size="9" columns="3">
-5.202256270933595E-004  1.218199294728472E-003  7.168099885367876E-004 
 1.218199294728471E-003 -4.017941086984742E-003 -1.218199294728471E-003 
 7.168099885367874E-004 -1.218199294728471E-003 -5.202256270933573E-004
      </IFC>
    </s_s1_m1_m2_m3.1.2.3.2.1>
    <s_s1_m1_m2_m3.1.2.4.2.1>
      <IFC type="real" size="9" columns="3">
-7.315233939851656E-002 -4.919194111323650E-002  4.919194111323651E-002 
-4.919194111323650E-002 -7.315233939851656E-002  4.919194111323650E-002 
 4.919194111323651E-002  4.919194111323649E-002 -7.315233939851656E-002
      </IFC>
    </s_s1_m1_m2_m3.1.2.4.2.1>
    <s_s1_m1_m2_m3.1.2.1.3.1>
      <IFC type="real" size="9" columns="3">
-4.017941086984732E-003 -1.218199294728473E-003 -1.218199294728472E-003 
-1.218199294728472E-003 -5.202256270933556E-004 -7.168099885367946E-004 
-1.218199294728472E-003 -7.168099885367946E-004 -5.202256270933521E-004
      </IFC>
    </s_s1_m1_m2_m3.1.2.1.3.1>
    <s_s1_m1_m2_m3.1.2.2.3.1>
      <IFC type="real" size="9" columns="3">
 7.546597355253469E-004  8.660194656019519E-004 -8.660194656019542E-004 
 8.660194656019509E-004  7.546597355253487E-004  8.660194656019523E-004 
-8.660194656019546E-004  8.660194656019516E-004  7.546597355253413E-004
      </IFC>
    </s_s1_m1_m2_m3.1.2.2.3.1>
    <s_s1_m1_m2_m3.1.2.3.3.1>
      <IFC type="real" size="9" columns="3">
-5.202256270933585E-004 -7.168099885367879E-004 -1.218199294728476E-003 
-7.168099885367878E-004 -5.202256270933615E-004 -1.218199294728474E-003 
-1.218199294728473E-003 -1.218199294728474E-003 -4.017941086984739E-003
      </IFC>
    </s_s1_m1_m2_m3.1.2.3.3.1>
    <s_s1_m1_m2_m3.1.2.4.3.1>
      <IFC type="real" size="9" columns="3">
 4.946528421951407E-004  9.013268704385386E-004 -3.365319459178300E-004 
 9.013268704385377E-004  3.749756956878049E-004  9.013268704385371E-004 
-3.365319459178295E-004  9.013268704385363E-004  4.946528421951393E-004
      </IFC>
    </s_s1_m1_m2_m3.1.2.4.3.1>
    <s_s1_m1_m2_m3.1.2.1.4.1>
      <IFC type="real" size="9" columns="3">
-4.017941086984743E-003  1.218199294728470E-003  1.218199294728473E-003 
 1.218199294728471E-003 -5.202256270933632E-004 -7.168099885367850E-004 
 1.218199294728472E-003 -7.168099885367860E-004 -5.202256270933610E-004
      </IFC>
    </s_s1_m1_m2_m3.1.2.1.4.1>
    <s_s1_m1_m2_m3.1.2.2.4.1>
      <IFC type="real" size="9" columns="3">
-5.202256270933668E-004 -7.168099885367853E-004  1.218199294728476E-003 
-7.168099885367851E-004 -5.202256270933586E-004  1.218199294728474E-003 
 1.218199294728476E-003  1.218199294728472E-003 -4.017941086984745E-003
      </IFC>
    </s_s1_m1_m2_m3.1.2.2.4.1>
    <s_s1_m1_m2_m3.1.2.3.4.1>
      <IFC type="real" size="9" columns="3">
 7.993846841080525E-006 -3.839778764717564E-005 -3.752244901998508E-004 
-3.839778764717423E-005  7.993846841083236E-006  3.752244901998475E-004 
-3.752244901998500E-004  3.752244901998462E-004 -7.074962884616492E-005
      </IFC>
    </s_s1_m1_m2_m3.1.2.3.4.1>
    <s_s1_m1_m2_m3.1.2.4.4.1>
      <IFC type="real" size="9" columns="3">
-7.074962884616974E-005  3.752244901998455E-004 -3.752244901998464E-004 
 3.752244901998446E-004  7.993846841088115E-006 -3.839778764717309E-005 
-3.752244901998473E-004 -3.839778764717656E-005  7.993846841084645E-006
      </IFC>
    </s_s1_m1_m2_m3.1.2.4.4.1>
    <s_s1_m1_m2_m3.1.2.1.1.2>
      <IFC type="real" size="9" columns="3">
 3.749756956878030E-004 -9.013268704385308E-004  9.013268704385368E-004 
-9.013268704385325E-004  4.946528421951469E-004  3.365319459178299E-004 
 9.013268704385351E-004  3.365319459178299E-004  4.946528421951374E-004
      </IFC>
    </s_s1_m1_m2_m3.1.2.1.1.2>
    <s_s1_m1_m2_m3.1.2.2.1.2>
      <IFC type="real" size="9" columns="3">
 3.571870870723310E-004 -1.949712534980365E-004 -1.949712534980316E-004 
-1.949712534980357E-004  3.541918437187473E-004  1.553969459652472E-004 
-1.949712534980332E-004  1.553969459652480E-004  3.541918437187461E-004
      </IFC>
    </s_s1_m1_m2_m3.1.2.2.1.2>
    <s_s1_m1_m2_m3.1.2.3.1.2>
      <IFC type="real" size="9" columns="3">
 3.541918437187509E-004  1.553969459652522E-004 -1.949712534980309E-004 
 1.553969459652507E-004  3.541918437187466E-004 -1.949712534980380E-004 
-1.949712534980309E-004 -1.949712534980393E-004  3.571870870723356E-004
      </IFC>
    </s_s1_m1_m2_m3.1.2.3.1.2>
    <s_s1_m1_m2_m3.1.2.4.1.2>
      <IFC type="real" size="9" columns="3">
 4.946528421951393E-004  3.365319459178257E-004  9.013268704385393E-004 
 3.365319459178269E-004  4.946528421951349E-004 -9.013268704385340E-004 
 9.013268704385387E-004 -9.013268704385339E-004  3.749756956878043E-004
      </IFC>
    </s_s1_m1_m2_m3.1.2.4.1.2>
    <s_s1_m1_m2_m3.1.2.1.2.2>
      <IFC type="real" size="9" columns="3">
-5.202256270933556E-004  7.168099885367894E-004 -1.218199294728470E-003 
 7.168099885367860E-004 -5.202256270933625E-004  1.218199294728474E-003 
-1.218199294728474E-003  1.218199294728474E-003 -4.017941086984750E-003
      </IFC>
    </s_s1_m1_m2_m3.1.2.1.2.2>
    <s_s1_m1_m2_m3.1.2.2.2.2>
      <IFC type="real" size="9" columns="3">
 7.546597355253449E-004 -8.660194656019528E-004 -8.660194656019524E-004 
-8.660194656019529E-004  7.546597355253428E-004 -8.660194656019540E-004 
-8.660194656019512E-004 -8.660194656019513E-004  7.546597355253470E-004
      </IFC>
    </s_s1_m1_m2_m3.1.2.2.2.2>
    <s_s1_m1_m2_m3.1.2.3.2.2>
      <IFC type="real" size="9" columns="3">
-4.017941086984745E-003  1.218199294728472E-003 -1.218199294728472E-003 
 1.218199294728470E-003 -5.202256270933629E-004  7.168099885367885E-004 
-1.218199294728470E-003  7.168099885367890E-004 -5.202256270933569E-004
      </IFC>
    </s_s1_m1_m2_m3.1.2.3.2.2>
    <s_s1_m1_m2_m3.1.2.4.2.2>
      <IFC type="real" size="9" columns="3">
 4.946528421951418E-004 -9.013268704385323E-004 -3.365319459178269E-004 
-9.013268704385324E-004  3.749756956878083E-004 -9.013268704385404E-004 
-3.365319459178304E-004 -9.013268704385388E-004  4.946528421951397E-004
      </IFC>
    </s_s1_m1_m2_m3.1.2.4.2.2>
    <s_s1_m1_m2_m3.1.2.1.3.2>
      <IFC type="real" size="9" columns="3">
 7.546597355253528E-004 -8.660194656019559E-004  8.660194656019585E-004 
-8.660194656019567E-004  7.546597355253485E-004  8.660194656019559E-004 
 8.660194656019576E-004  8.660194656019550E-004  7.546597355253494E-004
      </IFC>
    </s_s1_m1_m2_m3.1.2.1.3.2>
    <s_s1_m1_m2_m3.1.2.2.3.2>
      <IFC type="real" size="9" columns="3">
 7.546597355253485E-004  8.660194656019500E-004  8.660194656019570E-004 
 8.660194656019506E-004  7.546597355253467E-004 -8.660194656019546E-004 
 8.660194656019566E-004 -8.660194656019538E-004  7.546597355253498E-004
      </IFC>
    </s_s1_m1_m2_m3.1.2.2.3.2>
    <s_s1_m1_m2_m3.1.2.3.3.2>
      <IFC type="real" size="9" columns="3">
 3.541918437187483E-004  1.949712534980359E-004 -1.553969459652498E-004 
 1.949712534980344E-004  3.571870870723308E-004 -1.949712534980328E-004 
-1.553969459652498E-004 -1.949712534980341E-004  3.541918437187487E-004
      </IFC>
    </s_s1_m1_m2_m3.1.2.3.3.2>
    <s_s1_m1_m2_m3.1.2.4.3.2>
      <IFC type="real" size="9" columns="3">
 3.541918437187487E-004 -1.949712534980360E-004 -1.553969459652458E-004 
-1.949712534980348E-004  3.571870870723301E-004  1.949712534980324E-004 
-1.553969459652471E-004  1.949712534980325E-004  3.541918437187445E-004
      </IFC>
    </s_s1_m1_m2_m3.1.2.4.3.2>
    <s_s1_m1_m2_m3.1.2.1.4.2>
      <IFC type="real" size="9" columns="3">
-5.202256270933613E-004  1.218199294728470E-003 -7.168099885367829E-004 
 1.218199294728470E-003 -4.017941086984742E-003  1.218199294728473E-003 
-7.168099885367843E-004  1.218199294728473E-003 -5.202256270933675E-004
      </IFC>
    </s_s1_m1_m2_m3.1.2.1.4.2>
    <s_s1_m1_m2_m3.1.2.2.4.2>
      <IFC type="real" size="9" columns="3">
 3.571870870723264E-004  1.949712534980367E-004  1.949712534980361E-004 
 1.949712534980384E-004  3.541918437187439E-004  1.553969459652497E-004 
 1.949712534980382E-004  1.553969459652507E-004  3.541918437187429E-004
      </IFC>
    </s_s1_m1_m2_m3.1.2.2.4.2>
    <s_s1_m1_m2_m3.1.2.3.4.2>
      <IFC type="real" size="9" columns="3">
 6.581793964461638E-004 -1.976415804468143E-004  1.976415804468156E-004 
-1.976415804468154E-004  6.581793964461689E-004 -1.976415804468174E-004 
 1.976415804468162E-004 -1.976415804468188E-004  6.581793964461733E-004
      </IFC>
    </s_s1_m1_m2_m3.1.2.3.4.2>
    <s_s1_m1_m2_m3.1.2.4.4.2>
      <IFC type="real" size="9" columns="3">
 3.541918437187423E-004  1.553969459652503E-004  1.949712534980374E-004 
 1.553969459652510E-004  3.541918437187488E-004  1.949712534980323E-004 
 1.949712534980382E-004  1.949712534980331E-004  3.571870870723318E-004
      </IFC>
    </s_s1_m1_m2_m3.1.2.4.4.2>
    <s_s1_m1_m2_m3.1.2.1.1.3>
      <IFC type="real" size="9" columns="3">
 7.993846841088115E-006  3.839778764717569E-005  3.752244901998533E-004 
 3.839778764717916E-005  7.993846841081176E-006  3.752244901998464E-004 
 3.752244901998464E-004  3.752244901998499E-004 -7.074962884615760E-005
      </IFC>
    </s_s1_m1_m2_m3.1.2.1.1.3>
    <s_s1_m1_m2_m3.1.2.2.1.3>
      <IFC type="real" size="9" columns="3">
 3.541918437187499E-004 -1.949712534980338E-004  1.553969459652487E-004 
-1.949712534980348E-004  3.571870870723310E-004 -1.949712534980401E-004 
 1.553969459652485E-004 -1.949712534980395E-004  3.541918437187533E-004
      </IFC>
    </s_s1_m1_m2_m3.1.2.2.1.3>
    <s_s1_m1_m2_m3.1.2.3.1.3>
      <IFC type="real" size="9" columns="3">
-7.074962884615814E-005  3.752244901998457E-004  3.752244901998423E-004 
 3.752244901998452E-004  7.993846841080634E-006  3.839778764716973E-005 
 3.752244901998445E-004  3.839778764717200E-005  7.993846841084754E-006
      </IFC>
    </s_s1_m1_m2_m3.1.2.3.1.3>
    <s_s1_m1_m2_m3.1.2.4.1.3>
      <IFC type="real" size="9" columns="3">
 3.674508703857936E-004 -1.792515039689985E-004  1.792515039689967E-004 
-1.792515039689994E-004  3.674508703857885E-004 -1.792515039689950E-004 
 1.792515039689962E-004 -1.792515039689941E-004  3.674508703857919E-004
      </IFC>
    </s_s1_m1_m2_m3.1.2.4.1.3>
    <s_s1_m1_m2_m3.1.2.1.2.3>
      <IFC type="real" size="9" columns="3">
-5.202256270933625E-004  7.168099885367825E-004  1.218199294728477E-003 
 7.168099885367860E-004 -5.202256270933625E-004 -1.218199294728474E-003 
 1.218199294728474E-003 -1.218199294728474E-003 -4.017941086984736E-003
      </IFC>
    </s_s1_m1_m2_m3.1.2.1.2.3>
    <s_s1_m1_m2_m3.1.2.2.2.3>
      <IFC type="real" size="9" columns="3">
-4.017941086984740E-003 -1.218199294728473E-003  1.218199294728474E-003 
-1.218199294728474E-003 -5.202256270933586E-004  7.168099885367840E-004 
 1.218199294728473E-003  7.168099885367847E-004 -5.202256270933577E-004
      </IFC>
    </s_s1_m1_m2_m3.1.2.2.2.3>
    <s_s1_m1_m2_m3.1.2.3.2.3>
      <IFC type="real" size="9" columns="3">
-7.074962884616128E-005 -3.752244901998508E-004 -3.752244901998480E-004 
-3.752244901998518E-004  7.993846841082043E-006  3.839778764717070E-005 
-3.752244901998489E-004  3.839778764717287E-005  7.993846841086759E-006
      </IFC>
    </s_s1_m1_m2_m3.1.2.3.2.3>
    <s_s1_m1_m2_m3.1.2.4.2.3>
      <IFC type="real" size="9" columns="3">
 7.993846841088115E-006  3.839778764717222E-005 -3.752244901998429E-004 
 3.839778764717222E-005  7.993846841081176E-006 -3.752244901998533E-004 
-3.752244901998464E-004 -3.752244901998499E-004 -7.074962884615066E-005
      </IFC>
    </s_s1_m1_m2_m3.1.2.4.2.3>
    <s_s1_m1_m2_m3.1.2.1.3.3>
      <IFC type="real" size="9" columns="3">
-5.202256270933590E-004 -1.218199294728477E-003 -7.168099885367860E-004 
-1.218199294728476E-003 -4.017941086984736E-003 -1.218199294728477E-003 
-7.168099885367877E-004 -1.218199294728476E-003 -5.202256270933625E-004
      </IFC>
    </s_s1_m1_m2_m3.1.2.1.3.3>
    <s_s1_m1_m2_m3.1.2.2.3.3>
      <IFC type="real" size="9" columns="3">
 3.541918437187467E-004 -1.553969459652517E-004  1.949712534980360E-004 
-1.553969459652528E-004  3.541918437187446E-004 -1.949712534980373E-004 
 1.949712534980348E-004 -1.949712534980366E-004  3.571870870723336E-004
      </IFC>
    </s_s1_m1_m2_m3.1.2.2.3.3>
    <s_s1_m1_m2_m3.1.2.3.3.3>
      <IFC type="real" size="9" columns="3">
 6.581793964461723E-004  1.976415804468177E-004  1.976415804468140E-004 
 1.976415804468172E-004  6.581793964461692E-004  1.976415804468107E-004 
 1.976415804468163E-004  1.976415804468129E-004  6.581793964461707E-004
      </IFC>
    </s_s1_m1_m2_m3.1.2.3.3.3>
    <s_s1_m1_m2_m3.1.2.4.3.3>
      <IFC type="real" size="9" columns="3">
 3.571870870723350E-004 -1.949712534980338E-004  1.949712534980390E-004 
-1.949712534980346E-004  3.541918437187472E-004 -1.553969459652519E-004 
 1.949712534980396E-004 -1.553969459652510E-004  3.541918437187524E-004
      </IFC>
    </s_s1_m1_m2_m3.1.2.4.3.3>
    <s_s1_m1_m2_m3.1.2.1.4.3>
      <IFC type="real" size="9" columns="3">
 7.993846841085079E-006 -3.752244901998516E-004 -3.839778764717699E-005 
-3.752244901998508E-004 -7.074962884616519E-005  3.752244901998474E-004 
-3.839778764717927E-005  3.752244901998481E-004  7.993846841079224E-006
      </IFC>
    </s_s1_m1_m2_m3.1.2.1.4.3>
    <s_s1_m1_m2_m3.1.2.2.4.3>
      <IFC type="real" size="9" columns="3">
 6.581793964461676E-004  1.976415804468173E-004 -1.976415804468110E-004 
 1.976415804468175E-004  6.581793964461681E-004 -1.976415804468168E-004 
-1.976415804468123E-004 -1.976415804468179E-004  6.581793964461715E-004
      </IFC>
    </s_s1_m1_m2_m3.1.2.2.4.3>
    <s_s1_m1_m2_m3.1.2.3.4.3>
