<?xml version="1.0"?>
<?iotk version="1.2.0"?>
<?iotk file_version="1.0"?>
<?iotk binary="F"?>
<?iotk qe_syntax="F"?>
<Root>
  <GEOMETRY_INFO>
    <NUMBER_OF_TYPES type="integer" size="1">
         1
    </NUMBER_OF_TYPES>
    <NUMBER_OF_ATOMS type="integer" size="1">
         2
    </NUMBER_OF_ATOMS>
    <BRAVAIS_LATTICE_INDEX type="integer" size="1">
         0
    </BRAVAIS_LATTICE_INDEX>
    <SPIN_COMPONENTS type="integer" size="1">
         1
    </SPIN_COMPONENTS>
    <CELL_DIMENSIONS type="real" size="6">
 1.015000000000000E+001
 0.000000000000000E+000
 0.000000000000000E+000
 0.000000000000000E+000
 0.000000000000000E+000
 0.000000000000000E+000
    </CELL_DIMENSIONS>
    <AT type="real" size="9" columns="3">
-4.999999999999999E-001  0.000000000000000E+000  4.999999999999999E-001 
 0.000000000000000E+000  4.999999999999999E-001  4.999999999999999E-001 
-4.999999999999999E-001  4.999999999999999E-001  0.000000000000000E+000
    </AT>
    <BG type="real" size="9" columns="3">
-1.000000000000000E+000 -1.000000000000000E+000  1.000000000000000E+000 
 1.000000000000000E+000  1.000000000000000E+000  1.000000000000000E+000 
-1.000000000000000E+000  1.000000000000000E+000 -1.000000000000000E+000
    </BG>
    <UNIT_CELL_VOLUME_AU type="real" size="1">
 2.614195937499999E+002
    </UNIT_CELL_VOLUME_AU>
    <TYPE_NAME.1 type="character" size="1" len="3">
Si 
    </TYPE_NAME.1>
    <MASS.1 type="real" size="1">
 2.808600000000000E+001
    </MASS.1>
    <ATOM.1 SPECIES="Si " INDEX="1" TAU="0.000000000000000E+000 0.000000000000000E+000 0.000000000000000E+000"/>
    <ATOM.2 SPECIES="Si " INDEX="1" TAU="2.500000000000000E-001 2.500000000000000E-001 2.500000000000000E-001"/>
    <NUMBER_OF_Q type="integer" size="1">
         6
    </NUMBER_OF_Q>
  </GEOMETRY_INFO>
  <DIELECTRIC_PROPERTIES>
    <EPSILON type="real" size="9" columns="3">
 2.228286340218500E+001 -8.881784197001252E-015 -5.329070518200751E-015 
-7.105427357601002E-015  2.228286340218499E+001  7.105427357601002E-015 
-3.552713678800501E-015  3.552713678800501E-015  2.228286340218499E+001
    </EPSILON>
    <ZSTAR>
      <Z_AT_.1 type="real" size="9" columns="3">
 2.442490654175344E-015  1.554312234475219E-015 -2.220446049250313E-016 
 1.776356839400250E-015  3.996802888650564E-015 -4.440892098500626E-016 
 4.440892098500628E-016 -1.332267629550188E-015  1.332267629550188E-015
      </Z_AT_.1>
      <Z_AT_.2 type="real" size="9" columns="3">
-2.442490654175344E-015 -1.554312234475219E-015  2.220446049250313E-016 
-1.776356839400250E-015 -3.996802888650564E-015  4.440892098500626E-016 
-4.440892098500626E-016  1.332267629550188E-015 -1.554312234475219E-015
      </Z_AT_.2>
    </ZSTAR>
  </DIELECTRIC_PROPERTIES>
  <INTERATOMIC_FORCE_CONSTANTS>
    <MESH_NQ1_NQ2_NQ3 type="integer" size="3" columns="3">
         4          4          4
    </MESH_NQ1_NQ2_NQ3>
    <s_s1_m1_m2_m3.1.1.1.1.1>
      <IFC type="real" size="9" columns="3">
 2.848478208902915E-001  2.873135757086587E-018  2.059984127722458E-018 
 2.873135757086587E-018  2.848478208902915E-001 -5.258380536554697E-018 
 2.059984127722458E-018 -5.258380536554697E-018  2.848478208902915E-001
      </IFC>
    </s_s1_m1_m2_m3.1.1.1.1.1>
    <s_s1_m1_m2_m3.1.1.2.1.1>
      <IFC type="real" size="9" columns="3">
-3.740359581883975E-003 -1.866598782159721E-003  4.478762953084659E-003 
 1.866598782159723E-003  1.059444164732886E-002 -1.866598782159726E-003 
 4.478762953084659E-003  1.866598782159719E-003 -3.740359581883972E-003
      </IFC>
    </s_s1_m1_m2_m3.1.1.2.1.1>
    <s_s1_m1_m2_m3.1.1.3.1.1>
      <IFC type="real" size="9" columns="3">
-3.380939842501443E-005 -1.084202172485504E-018  5.222595115635248E-004 
-1.084202172485504E-018  4.082415280123897E-003 -4.878909776184770E-018 
 5.222595115635248E-004 -4.878909776184770E-018 -3.380939842501963E-005
      </IFC>
    </s_s1_m1_m2_m3.1.1.3.1.1>
    <s_s1_m1_m2_m3.1.1.4.1.1>
      <IFC type="real" size="9" columns="3">
-3.740359581883975E-003  1.866598782159723E-003  4.478762953084659E-003 
-1.866598782159721E-003  1.059444164732886E-002  1.866598782159719E-003 
 4.478762953084659E-003 -1.866598782159726E-003 -3.740359581883972E-003
      </IFC>
    </s_s1_m1_m2_m3.1.1.4.1.1>
    <s_s1_m1_m2_m3.1.1.1.2.1>
      <IFC type="real" size="9" columns="3">
 1.059444164732886E-002  1.866598782159723E-003  1.866598782159726E-003 
-1.866598782159722E-003 -3.740359581883981E-003 -4.478762953084661E-003 
-1.866598782159720E-003 -4.478762953084661E-003 -3.740359581883967E-003
      </IFC>
    </s_s1_m1_m2_m3.1.1.1.2.1>
    <s_s1_m1_m2_m3.1.1.2.2.1>
      <IFC type="real" size="9" columns="3">
-4.205980846116843E-004 -4.721195375614056E-004  3.467565493504301E-004 
-4.721195375614053E-004 -4.205980846116826E-004 -3.467565493504317E-004 
 4.879987143103666E-004 -4.879987143103680E-004 -3.156627757051724E-004
      </IFC>
    </s_s1_m1_m2_m3.1.1.2.2.1>
    <s_s1_m1_m2_m3.1.1.3.2.1>
      <IFC type="real" size="9" columns="3">
-3.156627757051663E-004 -4.879987143103711E-004  4.879987143103735E-004 
-3.467565493504350E-004 -4.205980846116782E-004 -4.721195375614094E-004 
 3.467565493504372E-004 -4.721195375614094E-004 -4.205980846116800E-004
      </IFC>
    </s_s1_m1_m2_m3.1.1.3.2.1>
    <s_s1_m1_m2_m3.1.1.4.2.1>
      <IFC type="real" size="9" columns="3">
-3.740359581883975E-003 -4.478762953084657E-003 -1.866598782159724E-003 
-4.478762953084657E-003 -3.740359581883976E-003 -1.866598782159723E-003 
 1.866598782159721E-003  1.866598782159722E-003  1.059444164732886E-002
      </IFC>
    </s_s1_m1_m2_m3.1.1.4.2.1>
    <s_s1_m1_m2_m3.1.1.1.3.1>
      <IFC type="real" size="9" columns="3">
 4.082415280123902E-003 -9.215718466126788E-019 -2.385244779468110E-018 
-9.215718466126788E-019 -3.380939842502484E-005 -5.222595115635250E-004 
-2.385244779468110E-018 -5.222595115635250E-004 -3.380939842502484E-005
      </IFC>
    </s_s1_m1_m2_m3.1.1.1.3.1>
    <s_s1_m1_m2_m3.1.1.2.3.1>
      <IFC type="real" size="9" columns="3">
-4.205980846116843E-004 -3.467565493504380E-004  4.721195375614062E-004 
-4.879987143103741E-004 -3.156627757051628E-004 -4.879987143103748E-004 
 4.721195375614059E-004 -3.467565493504388E-004 -4.205980846116817E-004
      </IFC>
    </s_s1_m1_m2_m3.1.1.2.3.1>
    <s_s1_m1_m2_m3.1.1.3.3.1>
      <IFC type="real" size="9" columns="3">
-3.380939842500402E-005 -5.222595115635247E-004  3.306816626080789E-018 
-5.222595115635247E-004 -3.380939842501617E-005 -6.722053469410127E-018 
 3.306816626080789E-018 -6.722053469410127E-018  4.082415280123904E-003
      </IFC>
    </s_s1_m1_m2_m3.1.1.3.3.1>
    <s_s1_m1_m2_m3.1.1.4.3.1>
      <IFC type="real" size="9" columns="3">
-4.205980846116843E-004 -4.879987143103741E-004  4.721195375614059E-004 
-3.467565493504380E-004 -3.156627757051628E-004 -3.467565493504388E-004 
 4.721195375614062E-004 -4.879987143103748E-004 -4.205980846116817E-004
      </IFC>
    </s_s1_m1_m2_m3.1.1.4.3.1>
    <s_s1_m1_m2_m3.1.1.1.4.1>
      <IFC type="real" size="9" columns="3">
 1.059444164732886E-002 -1.866598782159722E-003 -1.866598782159720E-003 
 1.866598782159723E-003 -3.740359581883981E-003 -4.478762953084661E-003 
 1.866598782159726E-003 -4.478762953084661E-003 -3.740359581883967E-003
      </IFC>
    </s_s1_m1_m2_m3.1.1.1.4.1>
    <s_s1_m1_m2_m3.1.1.2.4.1>
      <IFC type="real" size="9" columns="3">
-3.740359581883975E-003 -4.478762953084657E-003  1.866598782159721E-003 
-4.478762953084657E-003 -3.740359581883976E-003  1.866598782159722E-003 
-1.866598782159724E-003 -1.866598782159723E-003  1.059444164732886E-002
      </IFC>
    </s_s1_m1_m2_m3.1.1.2.4.1>
    <s_s1_m1_m2_m3.1.1.3.4.1>
      <IFC type="real" size="9" columns="3">
-3.156627757051663E-004 -3.467565493504350E-004  3.467565493504372E-004 
-4.879987143103711E-004 -4.205980846116782E-004 -4.721195375614094E-004 
 4.879987143103735E-004 -4.721195375614094E-004 -4.205980846116800E-004
      </IFC>
    </s_s1_m1_m2_m3.1.1.3.4.1>
    <s_s1_m1_m2_m3.1.1.4.4.1>
      <IFC type="real" size="9" columns="3">
-4.205980846116843E-004 -4.721195375614053E-004  4.879987143103666E-004 
-4.721195375614056E-004 -4.205980846116826E-004 -4.879987143103680E-004 
 3.467565493504301E-004 -3.467565493504317E-004 -3.156627757051724E-004
      </IFC>
    </s_s1_m1_m2_m3.1.1.4.4.1>
    <s_s1_m1_m2_m3.1.1.1.1.2>
      <IFC type="real" size="9" columns="3">
-3.740359581883970E-003  4.478762953084661E-003 -1.866598782159720E-003 
 4.478762953084661E-003 -3.740359581883984E-003  1.866598782159723E-003 
 1.866598782159725E-003 -1.866598782159722E-003  1.059444164732887E-002
      </IFC>
    </s_s1_m1_m2_m3.1.1.1.1.2>
    <s_s1_m1_m2_m3.1.1.2.1.2>
      <IFC type="real" size="9" columns="3">
-3.156627757051741E-004  4.879987143103715E-004  4.879987143103663E-004 
 3.467565493504351E-004 -4.205980846116808E-004  4.721195375614077E-004 
 3.467565493504299E-004  4.721195375614077E-004 -4.205980846116895E-004
      </IFC>
    </s_s1_m1_m2_m3.1.1.2.1.2>
    <s_s1_m1_m2_m3.1.1.3.1.2>
      <IFC type="real" size="9" columns="3">
-4.205980846116834E-004  4.721195375614088E-004  3.467565493504382E-004 
 4.721195375614088E-004 -4.205980846116817E-004  3.467565493504364E-004 
 4.879987143103744E-004  4.879987143103726E-004 -3.156627757051646E-004
      </IFC>
    </s_s1_m1_m2_m3.1.1.3.1.2>
    <s_s1_m1_m2_m3.1.1.4.1.2>
      <IFC type="real" size="9" columns="3">
 1.059444164732886E-002 -1.866598782159723E-003  1.866598782159722E-003 
 1.866598782159721E-003 -3.740359581883978E-003  4.478762953084654E-003 
-1.866598782159723E-003  4.478762953084654E-003 -3.740359581883983E-003
      </IFC>
    </s_s1_m1_m2_m3.1.1.4.1.2>
    <s_s1_m1_m2_m3.1.1.1.2.2>
      <IFC type="real" size="9" columns="3">
-4.205980846116904E-004  3.467565493504323E-004 -4.721195375614099E-004 
 4.879987143103684E-004 -3.156627757051646E-004 -4.879987143103687E-004 
-4.721195375614095E-004 -3.467565493504323E-004 -4.205980846116834E-004
      </IFC>
    </s_s1_m1_m2_m3.1.1.1.2.2>
    <s_s1_m1_m2_m3.1.1.2.2.2>
      <IFC type="real" size="9" columns="3">
-1.068665019672305E-005  1.409462824231156E-018  2.683400376901623E-018 
 1.409462824231156E-018 -1.068665019672739E-005 -1.355252715606881E-018 
 2.683400376901623E-018 -1.436567878543293E-018 -1.068665019672566E-005
      </IFC>
    </s_s1_m1_m2_m3.1.1.2.2.2>
    <s_s1_m1_m2_m3.1.1.3.2.2>
      <IFC type="real" size="9" columns="3">
-4.205980846116852E-004 -3.467565493504397E-004 -4.721195375614062E-004 
-4.879987143103758E-004 -3.156627757051698E-004  4.879987143103706E-004 
-4.721195375614061E-004  3.467565493504345E-004 -4.205980846116817E-004
      </IFC>
    </s_s1_m1_m2_m3.1.1.3.2.2>
    <s_s1_m1_m2_m3.1.1.4.2.2>
      <IFC type="real" size="9" columns="3">
-4.134530429591330E-004  5.204170427930421E-018  1.382357769919018E-018 
 5.204170427930421E-018 -4.171804922078592E-004 -5.692061405548898E-019 
 1.382357769919018E-018 -5.149960319306146E-019 -4.134530429591287E-004
      </IFC>
    </s_s1_m1_m2_m3.1.1.4.2.2>
    <s_s1_m1_m2_m3.1.1.1.3.2>
      <IFC type="real" size="9" columns="3">
-4.205980846116869E-004  4.721195375614069E-004 -3.467565493504332E-004 
 4.721195375614069E-004 -4.205980846116869E-004 -3.467565493504335E-004 
-4.879987143103695E-004 -4.879987143103696E-004 -3.156627757051611E-004
      </IFC>
    </s_s1_m1_m2_m3.1.1.1.3.2>
    <s_s1_m1_m2_m3.1.1.2.3.2>
      <IFC type="real" size="9" columns="3">
-3.156627757051741E-004 -4.879987143103744E-004 -4.879987143103745E-004 
-3.467565493504382E-004 -4.205980846116808E-004  4.721195375614051E-004 
-3.467565493504382E-004  4.721195375614052E-004 -4.205980846116895E-004
      </IFC>
    </s_s1_m1_m2_m3.1.1.2.3.2>
    <s_s1_m1_m2_m3.1.1.3.3.2>
      <IFC type="real" size="9" columns="3">
-4.753339243360466E-004 -1.010150620966346E-004 -8.080296666411406E-005 
-1.010150620966346E-004 -4.753339243360483E-004  8.080296666411672E-005 
 8.080296666412024E-005 -8.080296666411769E-005 -3.848406740030105E-004
      </IFC>
    </s_s1_m1_m2_m3.1.1.3.3.2>
    <s_s1_m1_m2_m3.1.1.4.3.2>
      <IFC type="real" size="9" columns="3">
-3.848406740030183E-004 -8.080296666412013E-005  8.080296666411319E-005 
 8.080296666411449E-005 -4.753339243360475E-004 -1.010150620966356E-004 
-8.080296666412113E-005 -1.010150620966356E-004 -4.753339243360527E-004
      </IFC>
    </s_s1_m1_m2_m3.1.1.4.3.2>
    <s_s1_m1_m2_m3.1.1.1.4.2>
      <IFC type="real" size="9" columns="3">
-3.740359581883974E-003  1.866598782159720E-003 -4.478762953084656E-003 
-1.866598782159725E-003  1.059444164732885E-002 -1.866598782159722E-003 
-4.478762953084657E-003  1.866598782159723E-003 -3.740359581883988E-003
      </IFC>
    </s_s1_m1_m2_m3.1.1.1.4.2>
    <s_s1_m1_m2_m3.1.1.2.4.2>
      <IFC type="real" size="9" columns="3">
-4.171804922078583E-004  3.469446951953614E-018  3.930232875259954E-018 
 3.469446951953614E-018 -4.134530429591339E-004 -3.171291354520100E-018 
 4.038653092508504E-018 -3.117081245895825E-018 -4.134530429591252E-004
      </IFC>
    </s_s1_m1_m2_m3.1.1.2.4.2>
    <s_s1_m1_m2_m3.1.1.3.4.2>
      <IFC type="real" size="9" columns="3">
-4.753339243360449E-004  8.080296666411479E-005  1.010150620966339E-004 
-8.080296666411956E-005 -3.848406740030192E-004 -8.080296666411598E-005 
 1.010150620966338E-004  8.080296666411837E-005 -4.753339243360553E-004
      </IFC>
    </s_s1_m1_m2_m3.1.1.3.4.2>
    <s_s1_m1_m2_m3.1.1.4.4.2>
      <IFC type="real" size="9" columns="3">
-4.134530429591400E-004  2.276824562219559E-018  1.761828530288945E-018 
 2.276824562219559E-018 -4.134530429591304E-004 -1.382357769919018E-018 
 1.870248747537495E-018 -1.409462824231156E-018 -4.171804922078574E-004
      </IFC>
    </s_s1_m1_m2_m3.1.1.4.4.2>
    <s_s1_m1_m2_m3.1.1.1.1.3>
      <IFC type="real" size="9" columns="3">
-3.380939842495545E-005  5.222595115635289E-004  2.602085213965211E-018 
 5.222595115635289E-004 -3.380939842501096E-005 -2.656295322589486E-018 
 2.602085213965211E-018 -2.656295322589486E-018  4.082415280123930E-003
      </IFC>
    </s_s1_m1_m2_m3.1.1.1.1.3>
    <s_s1_m1_m2_m3.1.1.2.1.3>
      <IFC type="real" size="9" columns="3">
-4.205980846116826E-004  3.467565493504375E-004  4.721195375614090E-004 
 4.879987143103738E-004 -3.156627757051628E-004  4.879987143103687E-004 
 4.721195375614086E-004  3.467565493504323E-004 -4.205980846116800E-004
      </IFC>
    </s_s1_m1_m2_m3.1.1.2.1.3>
    <s_s1_m1_m2_m3.1.1.3.1.3>
      <IFC type="real" size="9" columns="3">
 4.082415280123899E-003  2.493664996716660E-018  3.957337929572091E-018 
 2.493664996716660E-018 -3.380939842500923E-005  5.222595115635192E-004 
 3.957337929572091E-018  5.222595115635192E-004 -3.380939842501617E-005
      </IFC>
    </s_s1_m1_m2_m3.1.1.3.1.3>
    <s_s1_m1_m2_m3.1.1.4.1.3>
      <IFC type="real" size="9" columns="3">
-4.205980846116826E-004  4.879987143103738E-004  4.721195375614086E-004 
 3.467565493504375E-004 -3.156627757051628E-004  3.467565493504323E-004 
 4.721195375614090E-004  4.879987143103687E-004 -4.205980846116800E-004
      </IFC>
    </s_s1_m1_m2_m3.1.1.4.1.3>
    <s_s1_m1_m2_m3.1.1.1.2.3>
      <IFC type="real" size="9" columns="3">
-3.156627757051646E-004  4.879987143103750E-004 -4.879987143103676E-004 
 3.467565493504390E-004 -4.205980846116834E-004 -4.721195375614077E-004 
-3.467565493504314E-004 -4.721195375614077E-004 -4.205980846116765E-004
      </IFC>
    </s_s1_m1_m2_m3.1.1.1.2.3>
    <s_s1_m1_m2_m3.1.1.2.2.3>
      <IFC type="real" size="9" columns="3">
-4.205980846116826E-004 -4.721195375614034E-004 -3.467565493504351E-004 
-4.721195375614036E-004 -4.205980846116826E-004  3.467565493504365E-004 
-4.879987143103713E-004  4.879987143103727E-004 -3.156627757051706E-004
      </IFC>
    </s_s1_m1_m2_m3.1.1.2.2.3>
    <s_s1_m1_m2_m3.1.1.3.2.3>
      <IFC type="real" size="9" columns="3">
-3.848406740030088E-004  8.080296666411962E-005  8.080296666412341E-005 
-8.080296666411474E-005 -4.753339243360518E-004  1.010150620966297E-004 
-8.080296666411092E-005  1.010150620966297E-004 -4.753339243360362E-004
      </IFC>
    </s_s1_m1_m2_m3.1.1.3.2.3>
    <s_s1_m1_m2_m3.1.1.4.2.3>
      <IFC type="real" size="9" columns="3">
-4.753339243360423E-004  1.010150620966380E-004 -8.080296666411913E-005 
 1.010150620966380E-004 -4.753339243360457E-004 -8.080296666411490E-005 
 8.080296666411490E-005  8.080296666411967E-005 -3.848406740030183E-004
      </IFC>
    </s_s1_m1_m2_m3.1.1.4.2.3>
    <s_s1_m1_m2_m3.1.1.1.3.3>
      <IFC type="real" size="9" columns="3">
-3.380939842501096E-005 -8.131516293641283E-019 -5.222595115635180E-004 
-8.131516293641283E-019  4.082415280123916E-003 -6.234162491791650E-018 
-5.222595115635180E-004 -6.234162491791650E-018 -3.380939842502484E-005
      </IFC>
    </s_s1_m1_m2_m3.1.1.1.3.3>
    <s_s1_m1_m2_m3.1.1.2.3.3>
      <IFC type="real" size="9" columns="3">
-4.753339243360423E-004 -8.080296666411601E-005 -1.010150620966307E-004 
 8.080296666411851E-005 -3.848406740030140E-004 -8.080296666412086E-005 
-1.010150620966307E-004  8.080296666411368E-005 -4.753339243360397E-004
      </IFC>
    </s_s1_m1_m2_m3.1.1.2.3.3>
    <s_s1_m1_m2_m3.1.1.3.3.3>
      <IFC type="real" size="9" columns="3">
 3.497876374691858E-004  3.035766082959412E-018  2.222614453595284E-018 
 3.035766082959412E-018  3.497876374691945E-004 -4.011548038196366E-018 
 2.222614453595284E-018 -4.011548038196366E-018  3.497876374691841E-004
      </IFC>
    </s_s1_m1_m2_m3.1.1.3.3.3>
    <s_s1_m1_m2_m3.1.1.4.3.3>
      <IFC type="real" size="9" columns="3">
-4.753339243360423E-004  8.080296666411851E-005 -1.010150620966307E-004 
-8.080296666411601E-005 -3.848406740030140E-004  8.080296666411368E-005 
-1.010150620966307E-004 -8.080296666412086E-005 -4.753339243360397E-004
      </IFC>
    </s_s1_m1_m2_m3.1.1.4.3.3>
    <s_s1_m1_m2_m3.1.1.1.4.3>
      <IFC type="real" size="9" columns="3">
-3.156627757051646E-004  3.467565493504390E-004 -3.467565493504314E-004 
 4.879987143103750E-004 -4.205980846116834E-004 -4.721195375614077E-004 
-4.879987143103676E-004 -4.721195375614077E-004 -4.205980846116765E-004
      </IFC>
    </s_s1_m1_m2_m3.1.1.1.4.3>
    <s_s1_m1_m2_m3.1.1.2.4.3>
      <IFC type="real" size="9" columns="3">
-4.753339243360423E-004  1.010150620966380E-004  8.080296666411490E-005 
 1.010150620966380E-004 -4.753339243360457E-004  8.080296666411967E-005 
-8.080296666411913E-005 -8.080296666411490E-005 -3.848406740030183E-004
      </IFC>
    </s_s1_m1_m2_m3.1.1.2.4.3>
    <s_s1_m1_m2_m3.1.1.3.4.3>
      <IFC type="real" size="9" columns="3">
-3.848406740030088E-004 -8.080296666411474E-005 -8.080296666411092E-005 
 8.080296666411962E-005 -4.753339243360518E-004  1.010150620966297E-004 
 8.080296666412341E-005  1.010150620966297E-004 -4.753339243360362E-004
      </IFC>
    </s_s1_m1_m2_m3.1.1.3.4.3>
    <s_s1_m1_m2_m3.1.1.4.4.3>
      <IFC type="real" size="9" columns="3">
-4.205980846116826E-004 -4.721195375614036E-004 -4.879987143103713E-004 
-4.721195375614034E-004 -4.205980846116826E-004  4.879987143103727E-004 
-3.467565493504351E-004  3.467565493504365E-004 -3.156627757051706E-004
      </IFC>
    </s_s1_m1_m2_m3.1.1.4.4.3>
    <s_s1_m1_m2_m3.1.1.1.1.4>
      <IFC type="real" size="9" columns="3">
-3.740359581883970E-003  4.478762953084661E-003  1.866598782159725E-003 
 4.478762953084661E-003 -3.740359581883984E-003 -1.866598782159722E-003 
-1.866598782159720E-003  1.866598782159723E-003  1.059444164732887E-002
      </IFC>
    </s_s1_m1_m2_m3.1.1.1.1.4>
    <s_s1_m1_m2_m3.1.1.2.1.4>
      <IFC type="real" size="9" columns="3">
 1.059444164732886E-002  1.866598782159721E-003 -1.866598782159723E-003 
-1.866598782159723E-003 -3.740359581883978E-003  4.478762953084654E-003 
 1.866598782159722E-003  4.478762953084654E-003 -3.740359581883983E-003
      </IFC>
    </s_s1_m1_m2_m3.1.1.2.1.4>
    <s_s1_m1_m2_m3.1.1.3.1.4>
      <IFC type="real" size="9" columns="3">
-4.205980846116834E-004  4.721195375614088E-004  4.879987143103744E-004 
 4.721195375614088E-004 -4.205980846116817E-004  4.879987143103726E-004 
 3.467565493504382E-004  3.467565493504364E-004 -3.156627757051646E-004
      </IFC>
    </s_s1_m1_m2_m3.1.1.3.1.4>
    <s_s1_m1_m2_m3.1.1.4.1.4>
      <IFC type="real" size="9" columns="3">
-3.156627757051741E-004  3.467565493504351E-004  3.467565493504299E-004 
 4.879987143103715E-004 -4.205980846116808E-004  4.721195375614077E-004 
 4.879987143103663E-004  4.721195375614077E-004 -4.205980846116895E-004
      </IFC>
    </s_s1_m1_m2_m3.1.1.4.1.4>
    <s_s1_m1_m2_m3.1.1.1.2.4>
      <IFC type="real" size="9" columns="3">
-3.740359581883974E-003 -1.866598782159725E-003 -4.478762953084657E-003 
 1.866598782159720E-003  1.059444164732885E-002  1.866598782159723E-003 
-4.478762953084656E-003 -1.866598782159722E-003 -3.740359581883988E-003
      </IFC>
    </s_s1_m1_m2_m3.1.1.1.2.4>
    <s_s1_m1_m2_m3.1.1.2.2.4>
      <IFC type="real" size="9" columns="3">
-4.134530429591400E-004  2.276824562219559E-018  1.870248747537495E-018 
 2.276824562219559E-018 -4.134530429591304E-004 -1.409462824231156E-018 
 1.761828530288945E-018 -1.382357769919018E-018 -4.171804922078574E-004
      </IFC>
    </s_s1_m1_m2_m3.1.1.2.2.4>
    <s_s1_m1_m2_m3.1.1.3.2.4>
      <IFC type="real" size="9" columns="3">
-4.753339243360449E-004 -8.080296666411956E-005  1.010150620966338E-004 
 8.080296666411479E-005 -3.848406740030192E-004  8.080296666411837E-005 
 1.010150620966339E-004 -8.080296666411598E-005 -4.753339243360553E-004
      </IFC>
    </s_s1_m1_m2_m3.1.1.3.2.4>
    <s_s1_m1_m2_m3.1.1.4.2.4>
      <IFC type="real" size="9" columns="3">
-4.171804922078583E-004  3.469446951953614E-018  4.038653092508504E-018 
 3.469446951953614E-018 -4.134530429591339E-004 -3.117081245895825E-018 
 3.930232875259954E-018 -3.171291354520100E-018 -4.134530429591252E-004
      </IFC>
    </s_s1_m1_m2_m3.1.1.4.2.4>
    <s_s1_m1_m2_m3.1.1.1.3.4>
      <IFC type="real" size="9" columns="3">
-4.205980846116869E-004  4.721195375614069E-004 -4.879987143103695E-004 
 4.721195375614069E-004 -4.205980846116869E-004 -4.879987143103696E-004 
-3.467565493504332E-004 -3.467565493504335E-004 -3.156627757051611E-004
      </IFC>
    </s_s1_m1_m2_m3.1.1.1.3.4>
    <s_s1_m1_m2_m3.1.1.2.3.4>
      <IFC type="real" size="9" columns="3">
-3.848406740030183E-004  8.080296666411449E-005 -8.080296666412113E-005 
-8.080296666412013E-005 -4.753339243360475E-004 -1.010150620966356E-004 
 8.080296666411319E-005 -1.010150620966356E-004 -4.753339243360527E-004
      </IFC>
    </s_s1_m1_m2_m3.1.1.2.3.4>
    <s_s1_m1_m2_m3.1.1.3.3.4>
      <IFC type="real" size="9" columns="3">
-4.753339243360466E-004 -1.010150620966346E-004  8.080296666412024E-005 
-1.010150620966346E-004 -4.753339243360483E-004 -8.080296666411769E-005 
-8.080296666411406E-005  8.080296666411672E-005 -3.848406740030105E-004
      </IFC>
    </s_s1_m1_m2_m3.1.1.3.3.4>
    <s_s1_m1_m2_m3.1.1.4.3.4>
      <IFC type="real" size="9" columns="3">
-3.156627757051741E-004 -3.467565493504382E-004 -3.467565493504382E-004 
-4.879987143103744E-004 -4.205980846116808E-004  4.721195375614052E-004 
-4.879987143103745E-004  4.721195375614051E-004 -4.205980846116895E-004
      </IFC>
    </s_s1_m1_m2_m3.1.1.4.3.4>
    <s_s1_m1_m2_m3.1.1.1.4.4>
      <IFC type="real" size="9" columns="3">
-4.205980846116904E-004  4.879987143103684E-004 -4.721195375614095E-004 
 3.467565493504323E-004 -3.156627757051646E-004 -3.467565493504323E-004 
-4.721195375614099E-004 -4.879987143103687E-004 -4.205980846116834E-004
      </IFC>
    </s_s1_m1_m2_m3.1.1.1.4.4>
    <s_s1_m1_m2_m3.1.1.2.4.4>
      <IFC type="real" size="9" columns="3">
-4.134530429591330E-004  5.204170427930421E-018  1.382357769919018E-018 
 5.204170427930421E-018 -4.171804922078592E-004 -5.149960319306146E-019 
 1.382357769919018E-018 -5.692061405548898E-019 -4.134530429591287E-004
      </IFC>
    </s_s1_m1_m2_m3.1.1.2.4.4>
    <s_s1_m1_m2_m3.1.1.3.4.4>
      <IFC type="real" size="9" columns="3">
-4.205980846116852E-004 -4.879987143103758E-004 -4.721195375614061E-004 
-3.467565493504397E-004 -3.156627757051698E-004  3.467565493504345E-004 
-4.721195375614062E-004  4.879987143103706E-004 -4.205980846116817E-004
      </IFC>
    </s_s1_m1_m2_m3.1.1.3.4.4>
    <s_s1_m1_m2_m3.1.1.4.4.4>
      <IFC type="real" size="9" columns="3">
-1.068665019672305E-005  1.409462824231156E-018  2.683400376901623E-018 
 1.409462824231156E-018 -1.068665019672739E-005 -1.436567878543293E-018 
 2.683400376901623E-018 -1.355252715606881E-018 -1.068665019672566E-005
      </IFC>
    </s_s1_m1_m2_m3.1.1.4.4.4>
    <s_s1_m1_m2_m3.1.2.1.1.1>
      <IFC type="real" size="9" columns="3">
-7.108179761529160E-002 -4.648641180838474E-002 -4.648641180838474E-002 
-4.648641180838475E-002 -7.108179761529160E-002 -4.648641180838474E-002 
-4.648641180838474E-002 -4.648641180838474E-002 -7.108179761529160E-002
      </IFC>
    </s_s1_m1_m2_m3.1.2.1.1.1>
    <s_s1_m1_m2_m3.1.2.2.1.1>
      <IFC type="real" size="9" columns="3">
 3.832519488724769E-004  8.764270074941383E-004 -8.764270074941433E-004 
 8.764270074941372E-004  4.825666276338366E-004  3.694958690238834E-004 
-8.764270074941432E-004  3.694958690238830E-004  4.825666276338411E-004
      </IFC>
    </s_s1_m1_m2_m3.1.2.2.1.1>
    <s_s1_m1_m2_m3.1.2.3.1.1>
      <IFC type="real" size="9" columns="3">
 1.165857520773095E-005  3.582789749126852E-004  2.039932630708985E-005 
 3.582789749126853E-004 -4.099786066746441E-005  3.582789749126829E-004 
 2.039932630709072E-005  3.582789749126831E-004  1.165857520774136E-005
      </IFC>
    </s_s1_m1_m2_m3.1.2.3.1.1>
    <s_s1_m1_m2_m3.1.2.4.1.1>
      <IFC type="real" size="9" columns="3">
 4.825666276338416E-004  3.694958690238796E-004 -8.764270074941378E-004 
 3.694958690238786E-004  4.825666276338376E-004  8.764270074941423E-004 
-8.764270074941375E-004  8.764270074941432E-004  3.832519488724847E-004
      </IFC>
    </s_s1_m1_m2_m3.1.2.4.1.1>
    <s_s1_m1_m2_m3.1.2.1.2.1>
      <IFC type="real" size="9" columns="3">
-7.108179761529160E-002  4.648641180838475E-002  4.648641180838474E-002 
 4.648641180838475E-002 -7.108179761529161E-002 -4.648641180838474E-002 
 4.648641180838474E-002 -4.648641180838474E-002 -7.108179761529160E-002
      </IFC>
    </s_s1_m1_m2_m3.1.2.1.2.1>
    <s_s1_m1_m2_m3.1.2.2.2.1>
      <IFC type="real" size="9" columns="3">
-4.936547221989448E-004 -1.167641745699952E-003  6.523854647301625E-004 
-1.167641745699953E-003 -4.038671872449947E-003  1.167641745699932E-003 
 6.523854647301625E-004  1.167641745699932E-003 -4.936547221989348E-004
      </IFC>
    </s_s1_m1_m2_m3.1.2.2.2.1>
    <s_s1_m1_m2_m3.1.2.3.2.1>
      <IFC type="real" size="9" columns="3">
-4.936547221989494E-004  1.167641745699932E-003  6.523854647301593E-004 
 1.167641745699931E-003 -4.038671872449943E-003 -1.167641745699945E-003 
 6.523854647301602E-004 -1.167641745699947E-003 -4.936547221989425E-004
      </IFC>
    </s_s1_m1_m2_m3.1.2.3.2.1>
    <s_s1_m1_m2_m3.1.2.4.2.1>
      <IFC type="real" size="9" columns="3">
-7.108179761529160E-002 -4.648641180838474E-002  4.648641180838474E-002 
-4.648641180838474E-002 -7.108179761529160E-002  4.648641180838474E-002 
 4.648641180838474E-002  4.648641180838474E-002 -7.108179761529160E-002
      </IFC>
    </s_s1_m1_m2_m3.1.2.4.2.1>
    <s_s1_m1_m2_m3.1.2.1.3.1>
      <IFC type="real" size="9" columns="3">
-4.038671872449948E-003 -1.167641745699947E-003 -1.167641745699941E-003 
-1.167641745699949E-003 -4.936547221989600E-004 -6.523854647301512E-004 
-1.167641745699941E-003 -6.523854647301520E-004 -4.936547221989392E-004
      </IFC>
    </s_s1_m1_m2_m3.1.2.1.3.1>
    <s_s1_m1_m2_m3.1.2.2.3.1>
      <IFC type="real" size="9" columns="3">
 7.444375613741383E-004  8.585345030623045E-004 -8.585345030622865E-004 
 8.585345030623043E-004  7.444375613741240E-004  8.585345030623024E-004 
-8.585345030622862E-004  8.585345030623029E-004  7.444375613741359E-004
      </IFC>
    </s_s1_m1_m2_m3.1.2.2.3.1>
    <s_s1_m1_m2_m3.1.2.3.3.1>
      <IFC type="real" size="9" columns="3">
-4.936547221989538E-004 -6.523854647301523E-004 -1.167641745699947E-003 
-6.523854647301504E-004 -4.936547221989582E-004 -1.167641745699937E-003 
-1.167641745699947E-003 -1.167641745699937E-003 -4.038671872449955E-003
      </IFC>
    </s_s1_m1_m2_m3.1.2.3.3.1>
    <s_s1_m1_m2_m3.1.2.4.3.1>
      <IFC type="real" size="9" columns="3">
 4.825666276338404E-004  8.764270074941253E-004 -3.694958690238827E-004 
 8.764270074941255E-004  3.832519488724677E-004  8.764270074941234E-004 
-3.694958690238830E-004  8.764270074941226E-004  4.825666276338397E-004
      </IFC>
    </s_s1_m1_m2_m3.1.2.4.3.1>
    <s_s1_m1_m2_m3.1.2.1.4.1>
      <IFC type="real" size="9" columns="3">
-4.038671872449927E-003  1.167641745699944E-003  1.167641745699936E-003 
 1.167641745699942E-003 -4.936547221989396E-004 -6.523854647301636E-004 
 1.167641745699937E-003 -6.523854647301630E-004 -4.936547221989302E-004
      </IFC>
    </s_s1_m1_m2_m3.1.2.1.4.1>
    <s_s1_m1_m2_m3.1.2.2.4.1>
      <IFC type="real" size="9" columns="3">
-4.936547221989301E-004 -6.523854647301612E-004  1.167641745699937E-003 
-6.523854647301609E-004 -4.936547221989366E-004  1.167641745699950E-003 
 1.167641745699938E-003  1.167641745699950E-003 -4.038671872449932E-003
      </IFC>
    </s_s1_m1_m2_m3.1.2.2.4.1>
    <s_s1_m1_m2_m3.1.2.3.4.1>
      <IFC type="real" size="9" columns="3">
 1.165857520773285E-005 -2.039932630710280E-005 -3.582789749126733E-004 
-2.039932630710438E-005  1.165857520773415E-005  3.582789749126868E-004 
-3.582789749126729E-004  3.582789749126871E-004 -4.099786066746154E-005
      </IFC>
    </s_s1_m1_m2_m3.1.2.3.4.1>
    <s_s1_m1_m2_m3.1.2.4.4.1>
      <IFC type="real" size="9" columns="3">
-4.099786066746013E-005  3.582789749126880E-004 -3.582789749126715E-004 
 3.582789749126880E-004  1.165857520772119E-005 -2.039932630710280E-005 
-3.582789749126706E-004 -2.039932630710194E-005  1.165857520773333E-005
      </IFC>
    </s_s1_m1_m2_m3.1.2.4.4.1>
    <s_s1_m1_m2_m3.1.2.1.1.2>
      <IFC type="real" size="9" columns="3">
 3.832519488724765E-004 -8.764270074941437E-004  8.764270074941311E-004 
-8.764270074941446E-004  4.825666276338392E-004  3.694958690238868E-004 
 8.764270074941337E-004  3.694958690238859E-004  4.825666276338427E-004
      </IFC>
    </s_s1_m1_m2_m3.1.2.1.1.2>
    <s_s1_m1_m2_m3.1.2.2.1.2>
      <IFC type="real" size="9" columns="3">
 3.374838492199522E-004 -1.820720778689855E-004 -1.820720778689795E-004 
-1.820720778689836E-004  3.457108294550962E-004  1.449679703698344E-004 
-1.820720778689795E-004  1.449679703698339E-004  3.457108294551025E-004
      </IFC>
    </s_s1_m1_m2_m3.1.2.2.1.2>
    <s_s1_m1_m2_m3.1.2.3.1.2>
      <IFC type="real" size="9" columns="3">
 3.457108294550935E-004  1.449679703698339E-004 -1.820720778689827E-004 
 1.449679703698344E-004  3.457108294550940E-004 -1.820720778689855E-004 
-1.820720778689814E-004 -1.820720778689859E-004  3.374838492199391E-004
      </IFC>
    </s_s1_m1_m2_m3.1.2.3.1.2>
    <s_s1_m1_m2_m3.1.2.4.1.2>
      <IFC type="real" size="9" columns="3">
 4.825666276338531E-004  3.694958690238829E-004  8.764270074941421E-004 
 3.694958690238853E-004  4.825666276338435E-004 -8.764270074941422E-004 
 8.764270074941425E-004 -8.764270074941426E-004  3.832519488724792E-004
      </IFC>
    </s_s1_m1_m2_m3.1.2.4.1.2>
    <s_s1_m1_m2_m3.1.2.1.2.2>
      <IFC type="real" size="9" columns="3">
-4.936547221989426E-004  6.523854647301729E-004 -1.167641745699954E-003 
 6.523854647301694E-004 -4.936547221989426E-004  1.167641745699933E-003 
-1.167641745699954E-003  1.167641745699933E-003 -4.038671872449925E-003
      </IFC>
    </s_s1_m1_m2_m3.1.2.1.2.2>
    <s_s1_m1_m2_m3.1.2.2.2.2>
      <IFC type="real" size="9" columns="3">
 7.444375613741479E-004 -8.585345030623017E-004 -8.585345030623049E-004 
-8.585345030623018E-004  7.444375613741422E-004 -8.585345030623006E-004 
-8.585345030623056E-004 -8.585345030623004E-004  7.444375613741487E-004
      </IFC>
    </s_s1_m1_m2_m3.1.2.2.2.2>
    <s_s1_m1_m2_m3.1.2.3.2.2>
      <IFC type="real" size="9" columns="3">
-4.038671872449943E-003  1.167641745699934E-003 -1.167641745699951E-003 
 1.167641745699932E-003 -4.936547221989452E-004  6.523854647301606E-004 
-1.167641745699951E-003  6.523854647301589E-004 -4.936547221989485E-004
      </IFC>
    </s_s1_m1_m2_m3.1.2.3.2.2>
    <s_s1_m1_m2_m3.1.2.4.2.2>
      <IFC type="real" size="9" columns="3">
 4.825666276338423E-004 -8.764270074941292E-004 -3.694958690238786E-004 
-8.764270074941288E-004  3.832519488724709E-004 -8.764270074941272E-004 
-3.694958690238785E-004 -8.764270074941272E-004  4.825666276338480E-004
      </IFC>
    </s_s1_m1_m2_m3.1.2.4.2.2>
    <s_s1_m1_m2_m3.1.2.1.3.2>
      <IFC type="real" size="9" columns="3">
 7.444375613741318E-004 -8.585345030622921E-004  8.585345030623030E-004 
-8.585345030622939E-004  7.444375613741318E-004  8.585345030623004E-004 
 8.585345030623030E-004  8.585345030622995E-004  7.444375613741335E-004
      </IFC>
    </s_s1_m1_m2_m3.1.2.1.3.2>
    <s_s1_m1_m2_m3.1.2.2.3.2>
      <IFC type="real" size="9" columns="3">
 7.444375613741242E-004  8.585345030622954E-004  8.585345030623005E-004 
 8.585345030622980E-004  7.444375613741218E-004 -8.585345030622932E-004 
 8.585345030622994E-004 -8.585345030622928E-004  7.444375613741197E-004
      </IFC>
    </s_s1_m1_m2_m3.1.2.2.3.2>
    <s_s1_m1_m2_m3.1.2.3.3.2>
      <IFC type="real" size="9" columns="3">
 3.457108294551135E-004  1.820720778690037E-004 -1.449679703698229E-004 
 1.820720778690041E-004  3.374838492199647E-004 -1.820720778689998E-004 
-1.449679703698224E-004 -1.820720778690007E-004  3.457108294551126E-004
      </IFC>
    </s_s1_m1_m2_m3.1.2.3.3.2>
    <s_s1_m1_m2_m3.1.2.4.3.2>
      <IFC type="real" size="9" columns="3">
 3.457108294551141E-004 -1.820720778690030E-004 -1.449679703698267E-004 
-1.820720778690001E-004  3.374838492199604E-004  1.820720778689980E-004 
-1.449679703698269E-004  1.820720778689955E-004  3.457108294551138E-004
      </IFC>
    </s_s1_m1_m2_m3.1.2.4.3.2>
    <s_s1_m1_m2_m3.1.2.1.4.2>
      <IFC type="real" size="9" columns="3">
-4.936547221989356E-004  1.167641745699943E-003 -6.523854647301583E-004 
 1.167641745699941E-003 -4.038671872449929E-003  1.167641745699949E-003 
-6.523854647301566E-004  1.167641745699949E-003 -4.936547221989430E-004
      </IFC>
    </s_s1_m1_m2_m3.1.2.1.4.2>
    <s_s1_m1_m2_m3.1.2.2.4.2>
      <IFC type="real" size="9" columns="3">
 3.374838492199599E-004  1.820720778689918E-004  1.820720778689866E-004 
 1.820720778689921E-004  3.457108294551095E-004  1.449679703698212E-004 
 1.820720778689861E-004  1.449679703698209E-004  3.457108294551091E-004
      </IFC>
    </s_s1_m1_m2_m3.1.2.2.4.2>
    <s_s1_m1_m2_m3.1.2.3.4.2>
      <IFC type="real" size="9" columns="3">
 6.502293991843117E-004 -1.968099814919572E-004  1.968099814919432E-004 
-1.968099814919581E-004  6.502293991843136E-004 -1.968099814919528E-004 
 1.968099814919445E-004 -1.968099814919532E-004  6.502293991843100E-004
      </IFC>
    </s_s1_m1_m2_m3.1.2.3.4.2>
    <s_s1_m1_m2_m3.1.2.4.4.2>
      <IFC type="real" size="9" columns="3">
 3.457108294551090E-004  1.449679703698292E-004  1.820720778689851E-004 
 1.449679703698299E-004  3.457108294551073E-004  1.820720778689889E-004 
 1.820720778689852E-004  1.820720778689886E-004  3.374838492199464E-004
      </IFC>
    </s_s1_m1_m2_m3.1.2.4.4.2>
    <s_s1_m1_m2_m3.1.2.1.1.3>
      <IFC type="real" size="9" columns="3">
 1.165857520772640E-005  2.039932630709326E-005  3.582789749126819E-004 
 2.039932630708979E-005  1.165857520773333E-005  3.582789749126819E-004 
 3.582789749126819E-004  3.582789749126784E-004 -4.099786066746186E-005
      </IFC>
    </s_s1_m1_m2_m3.1.2.1.1.3>
    <s_s1_m1_m2_m3.1.2.2.1.3>
      <IFC type="real" size="9" columns="3">
 3.457108294550968E-004 -1.820720778689868E-004  1.449679703698307E-004 
-1.820720778689875E-004  3.374838492199429E-004 -1.820720778689810E-004 
 1.449679703698308E-004 -1.820720778689819E-004  3.457108294550940E-004
      </IFC>
    </s_s1_m1_m2_m3.1.2.2.1.3>
    <s_s1_m1_m2_m3.1.2.3.1.3>
      <IFC type="real" size="9" columns="3">
-4.099786066745167E-005  3.582789749126769E-004  3.582789749126884E-004 
 3.582789749126768E-004  1.165857520774109E-005  2.039932630709093E-005 
 3.582789749126892E-004  2.039932630709245E-005  1.165857520773572E-005
      </IFC>
    </s_s1_m1_m2_m3.1.2.3.1.3>
    <s_s1_m1_m2_m3.1.2.4.1.3>
      <IFC type="real" size="9" columns="3">
 3.439323963843962E-004 -1.754084556879899E-004  1.754084556879821E-004 
-1.754084556879905E-004  3.439323963843905E-004 -1.754084556879857E-004 
 1.754084556879824E-004 -1.754084556879852E-004  3.439323963843951E-004
      </IFC>
    </s_s1_m1_m2_m3.1.2.4.1.3>
    <s_s1_m1_m2_m3.1.2.1.2.3>
      <IFC type="real" size="9" columns="3">
-4.936547221989426E-004  6.523854647301590E-004  1.167641745699936E-003 
 6.523854647301555E-004 -4.936547221989357E-004 -1.167641745699947E-003 
 1.167641745699936E-003 -1.167641745699954E-003 -4.038671872449932E-003
      </IFC>
    </s_s1_m1_m2_m3.1.2.1.2.3>
    <s_s1_m1_m2_m3.1.2.2.2.3>
      <IFC type="real" size="9" columns="3">
-4.038671872449941E-003 -1.167641745699948E-003  1.167641745699935E-003 
-1.167641745699948E-003 -4.936547221989470E-004  6.523854647301592E-004 
 1.167641745699936E-003  6.523854647301599E-004 -4.936547221989400E-004
      </IFC>
    </s_s1_m1_m2_m3.1.2.2.2.3>
    <s_s1_m1_m2_m3.1.2.3.2.3>
      <IFC type="real" size="9" columns="3">
-4.099786066747525E-005 -3.582789749126793E-004 -3.582789749126844E-004 
-3.582789749126803E-004  1.165857520772379E-005  2.039932630710660E-005 
-3.582789749126831E-004  2.039932630710768E-005  1.165857520772173E-005
      </IFC>
    </s_s1_m1_m2_m3.1.2.3.2.3>
    <s_s1_m1_m2_m3.1.2.4.2.3>
      <IFC type="real" size="9" columns="3">
 1.165857520771252E-005  2.039932630710714E-005 -3.582789749126819E-004 
 2.039932630710714E-005  1.165857520771946E-005 -3.582789749126784E-004 
-3.582789749126819E-004 -3.582789749126784E-004 -4.099786066746880E-005
      </IFC>
    </s_s1_m1_m2_m3.1.2.4.2.3>
    <s_s1_m1_m2_m3.1.2.1.3.3>
      <IFC type="real" size="9" columns="3">
-4.936547221989582E-004 -1.167641745699947E-003 -6.523854647301547E-004 
-1.167641745699946E-003 -4.038671872449946E-003 -1.167641745699935E-003 
-6.523854647301547E-004 -1.167641745699936E-003 -4.936547221989565E-004
      </IFC>
    </s_s1_m1_m2_m3.1.2.1.3.3>
    <s_s1_m1_m2_m3.1.2.2.3.3>
      <IFC type="real" size="9" columns="3">
 3.457108294551084E-004 -1.449679703698287E-004  1.820720778690004E-004 
-1.449679703698293E-004  3.457108294551105E-004 -1.820720778690003E-004 
 1.820720778690008E-004 -1.820720778689995E-004  3.374838492199603E-004
      </IFC>
    </s_s1_m1_m2_m3.1.2.2.3.3>
    <s_s1_m1_m2_m3.1.2.3.3.3>
      <IFC type="real" size="9" columns="3">
 6.502293991843213E-004  1.968099814919461E-004  1.968099814919557E-004 
 1.968099814919460E-004  6.502293991843232E-004  1.968099814919496E-004 
 1.968099814919561E-004  1.968099814919511E-004  6.502293991843214E-004
      </IFC>
    </s_s1_m1_m2_m3.1.2.3.3.3>
    <s_s1_m1_m2_m3.1.2.4.3.3>
      <IFC type="real" size="9" columns="3">
 3.374838492199608E-004 -1.820720778690033E-004  1.820720778689972E-004 
-1.820720778690035E-004  3.457108294551096E-004 -1.449679703698273E-004 
 1.820720778689969E-004 -1.449679703698278E-004  3.457108294551067E-004
      </IFC>
    </s_s1_m1_m2_m3.1.2.4.3.3>
    <s_s1_m1_m2_m3.1.2.1.4.3>
      <IFC type="real" size="9" columns="3">
 1.165857520772466E-005 -3.582789749126760E-004 -2.039932630709695E-005 
-3.582789749126778E-004 -4.099786066746229E-005  3.582789749126859E-004 
-2.039932630709608E-005  3.582789749126831E-004  1.165857520772499E-005
      </IFC>
    </s_s1_m1_m2_m3.1.2.1.4.3>
    <s_s1_m1_m2_m3.1.2.2.4.3>
      <IFC type="real" size="9" columns="3">
 6.502293991843132E-004  1.968099814919459E-004 -1.968099814919459E-004 
 1.968099814919453E-004  6.502293991843119E-004 -1.968099814919535E-004 
-1.968099814919459E-004 -1.968099814919533E-004  6.502293991843128E-004
      </IFC>
    </s_s1_m1_m2_m3.1.2.2.4.3>
    <s_s1_m1_m2_m3.1.2.3.4.3>
