<?xml version="1.0"?>
<?iotk version="1.2.0"?>
<?iotk file_version="1.0"?>
<?iotk binary="F"?>
<?iotk qe_syntax="F"?>
<Root>
  <GEOMETRY_INFO>
    <NUMBER_OF_TYPES type="integer" size="1">
         1
    </NUMBER_OF_TYPES>
    <NUMBER_OF_ATOMS type="integer" size="1">
         2
    </NUMBER_OF_ATOMS>
    <BRAVAIS_LATTICE_INDEX type="integer" size="1">
         0
    </BRAVAIS_LATTICE_INDEX>
    <SPIN_COMPONENTS type="integer" size="1">
         1
    </SPIN_COMPONENTS>
    <CELL_DIMENSIONS type="real" size="6">
 1.030000000000000E+001
 0.000000000000000E+000
 0.000000000000000E+000
 0.000000000000000E+000
 0.000000000000000E+000
 0.000000000000000E+000
    </CELL_DIMENSIONS>
    <AT type="real" size="9" columns="3">
-4.999999999999998E-001  0.000000000000000E+000  4.999999999999998E-001 
 0.000000000000000E+000  4.999999999999998E-001  4.999999999999998E-001 
-4.999999999999998E-001  4.999999999999998E-001  0.000000000000000E+000
    </AT>
    <BG type="real" size="9" columns="3">
-1.000000000000000E+000 -1.000000000000000E+000  1.000000000000000E+000 
 1.000000000000000E+000  1.000000000000000E+000  1.000000000000000E+000 
-1.000000000000000E+000  1.000000000000000E+000 -1.000000000000000E+000
    </BG>
    <UNIT_CELL_VOLUME_AU type="real" size="1">
 2.731817499999998E+002
    </UNIT_CELL_VOLUME_AU>
    <TYPE_NAME.1 type="character" size="1" len="3">
Si 
    </TYPE_NAME.1>
    <MASS.1 type="real" size="1">
 2.808600000000000E+001
    </MASS.1>
    <ATOM.1 SPECIES="Si " INDEX="1" TAU="0.000000000000000E+000 0.000000000000000E+000 0.000000000000000E+000"/>
    <ATOM.2 SPECIES="Si " INDEX="1" TAU="2.500000000000000E-001 2.500000000000000E-001 2.500000000000000E-001"/>
    <NUMBER_OF_Q type="integer" size="1">
         6
    </NUMBER_OF_Q>
  </GEOMETRY_INFO>
  <DIELECTRIC_PROPERTIES>
    <EPSILON type="real" size="9" columns="3">
 2.317473611791188E+001 -5.329070518200751E-015 -5.329070518200751E-015 
-3.552713678800501E-015  2.317473611791188E+001  7.105427357601002E-015 
-5.329070518200751E-015  7.105427357601002E-015  2.317473611791188E+001
    </EPSILON>
    <ZSTAR>
      <Z_AT_.1 type="real" size="9" columns="3">
 2.664535259100376E-015  1.110223024625156E-015  6.661338147750937E-016 
 1.110223024625156E-015  2.442490654175344E-015 -1.110223024625157E-015 
 6.661338147750940E-016 -1.554312234475219E-015  1.998401444325282E-015
      </Z_AT_.1>
      <Z_AT_.2 type="real" size="9" columns="3">
-2.442490654175344E-015 -1.110223024625157E-015 -6.661338147750937E-016 
-1.110223024625157E-015 -2.664535259100376E-015  1.110223024625157E-015 
-6.661338147750940E-016  1.554312234475219E-015 -1.998401444325282E-015
      </Z_AT_.2>
    </ZSTAR>
  </DIELECTRIC_PROPERTIES>
  <INTERATOMIC_FORCE_CONSTANTS>
    <MESH_NQ1_NQ2_NQ3 type="integer" size="3" columns="3">
         4          4          4
    </MESH_NQ1_NQ2_NQ3>
    <s_s1_m1_m2_m3.1.1.1.1.1>
      <IFC type="real" size="9" columns="3">
 2.598765480992984E-001 -3.632077277826440E-018  2.710505431213761E-019 
-3.632077277826440E-018  2.598765480992984E-001  2.873135757086587E-018 
 2.710505431213761E-019  2.873135757086587E-018  2.598765480992984E-001
      </IFC>
    </s_s1_m1_m2_m3.1.1.1.1.1>
    <s_s1_m1_m2_m3.1.1.2.1.1>
      <IFC type="real" size="9" columns="3">
-3.358931790544611E-003 -1.802618702652820E-003  4.059399176978425E-003 
 1.802618702652829E-003  1.025421251450155E-002 -1.802618702652828E-003 
 4.059399176978425E-003  1.802618702652821E-003 -3.358931790544618E-003
      </IFC>
    </s_s1_m1_m2_m3.1.1.2.1.1>
    <s_s1_m1_m2_m3.1.1.3.1.1>
      <IFC type="real" size="9" columns="3">
-1.981476971681106E-005 -5.746271514173174E-018  5.567482345046598E-004 
-5.746271514173174E-018  4.034840318368471E-003  2.656295322589486E-018 
 5.567482345046598E-004  2.656295322589486E-018 -1.981476971680846E-005
      </IFC>
    </s_s1_m1_m2_m3.1.1.3.1.1>
    <s_s1_m1_m2_m3.1.1.4.1.1>
      <IFC type="real" size="9" columns="3">
-3.358931790544611E-003  1.802618702652829E-003  4.059399176978425E-003 
-1.802618702652820E-003  1.025421251450155E-002  1.802618702652821E-003 
 4.059399176978425E-003 -1.802618702652828E-003 -3.358931790544618E-003
      </IFC>
    </s_s1_m1_m2_m3.1.1.4.1.1>
    <s_s1_m1_m2_m3.1.1.1.2.1>
      <IFC type="real" size="9" columns="3">
 1.025421251450155E-002  1.802618702652829E-003  1.802618702652832E-003 
-1.802618702652819E-003 -3.358931790544611E-003 -4.059399176978420E-003 
-1.802618702652817E-003 -4.059399176978420E-003 -3.358931790544620E-003
      </IFC>
    </s_s1_m1_m2_m3.1.1.1.2.1>
    <s_s1_m1_m2_m3.1.1.2.2.1>
      <IFC type="real" size="9" columns="3">
-3.895641643293490E-004 -4.989068552069918E-004  3.560268495551150E-004 
-4.989068552069917E-004 -3.895641643293507E-004 -3.560268495551125E-004 
 4.798696695643556E-004 -4.798696695643535E-004 -3.070163513356986E-004
      </IFC>
    </s_s1_m1_m2_m3.1.1.2.2.1>
    <s_s1_m1_m2_m3.1.1.3.2.1>
      <IFC type="real" size="9" columns="3">
-3.070163513356969E-004 -4.798696695643494E-004  4.798696695643570E-004 
-3.560268495551086E-004 -3.895641643293412E-004 -4.989068552069922E-004 
 3.560268495551162E-004 -4.989068552069922E-004 -3.895641643293516E-004
      </IFC>
    </s_s1_m1_m2_m3.1.1.3.2.1>
    <s_s1_m1_m2_m3.1.1.4.2.1>
      <IFC type="real" size="9" columns="3">
-3.358931790544615E-003 -4.059399176978437E-003 -1.802618702652824E-003 
-4.059399176978437E-003 -3.358931790544613E-003 -1.802618702652827E-003 
 1.802618702652825E-003  1.802618702652822E-003  1.025421251450154E-002
      </IFC>
    </s_s1_m1_m2_m3.1.1.4.2.1>
    <s_s1_m1_m2_m3.1.1.1.3.1>
      <IFC type="real" size="9" columns="3">
 4.034840318368472E-003 -6.884683795282953E-018 -2.656295322589486E-018 
-6.884683795282953E-018 -1.981476971680066E-005 -5.567482345046569E-004 
-2.656295322589486E-018 -5.567482345046569E-004 -1.981476971679372E-005
      </IFC>
    </s_s1_m1_m2_m3.1.1.1.3.1>
    <s_s1_m1_m2_m3.1.1.2.3.1>
      <IFC type="real" size="9" columns="3">
-3.895641643293386E-004 -3.560268495551073E-004  4.989068552069917E-004 
-4.798696695643480E-004 -3.070163513356969E-004 -4.798696695643542E-004 
 4.989068552069917E-004 -3.560268495551134E-004 -3.895641643293524E-004
      </IFC>
    </s_s1_m1_m2_m3.1.1.2.3.1>
    <s_s1_m1_m2_m3.1.1.3.3.1>
      <IFC type="real" size="9" columns="3">
-1.981476971681800E-005 -5.567482345046630E-004 -2.574980159653073E-018 
-5.567482345046630E-004 -1.981476971681193E-005 -3.415236843329339E-018 
-2.574980159653073E-018 -3.415236843329339E-018  4.034840318368481E-003
      </IFC>
    </s_s1_m1_m2_m3.1.1.3.3.1>
    <s_s1_m1_m2_m3.1.1.4.3.1>
      <IFC type="real" size="9" columns="3">
-3.895641643293386E-004 -4.798696695643480E-004  4.989068552069917E-004 
-3.560268495551073E-004 -3.070163513356969E-004 -3.560268495551134E-004 
 4.989068552069917E-004 -4.798696695643542E-004 -3.895641643293524E-004
      </IFC>
    </s_s1_m1_m2_m3.1.1.4.3.1>
    <s_s1_m1_m2_m3.1.1.1.4.1>
      <IFC type="real" size="9" columns="3">
 1.025421251450155E-002 -1.802618702652819E-003 -1.802618702652817E-003 
 1.802618702652829E-003 -3.358931790544611E-003 -4.059399176978420E-003 
 1.802618702652832E-003 -4.059399176978420E-003 -3.358931790544620E-003
      </IFC>
    </s_s1_m1_m2_m3.1.1.1.4.1>
    <s_s1_m1_m2_m3.1.1.2.4.1>
      <IFC type="real" size="9" columns="3">
-3.358931790544615E-003 -4.059399176978437E-003  1.802618702652825E-003 
-4.059399176978437E-003 -3.358931790544613E-003  1.802618702652822E-003 
-1.802618702652824E-003 -1.802618702652827E-003  1.025421251450154E-002
      </IFC>
    </s_s1_m1_m2_m3.1.1.2.4.1>
    <s_s1_m1_m2_m3.1.1.3.4.1>
      <IFC type="real" size="9" columns="3">
-3.070163513356969E-004 -3.560268495551086E-004  3.560268495551162E-004 
-4.798696695643494E-004 -3.895641643293412E-004 -4.989068552069922E-004 
 4.798696695643570E-004 -4.989068552069922E-004 -3.895641643293516E-004
      </IFC>
    </s_s1_m1_m2_m3.1.1.3.4.1>
    <s_s1_m1_m2_m3.1.1.4.4.1>
      <IFC type="real" size="9" columns="3">
-3.895641643293490E-004 -4.989068552069917E-004  4.798696695643556E-004 
-4.989068552069918E-004 -3.895641643293507E-004 -4.798696695643535E-004 
 3.560268495551150E-004 -3.560268495551125E-004 -3.070163513356986E-004
      </IFC>
    </s_s1_m1_m2_m3.1.1.4.4.1>
    <s_s1_m1_m2_m3.1.1.1.1.2>
      <IFC type="real" size="9" columns="3">
-3.358931790544611E-003  4.059399176978425E-003 -1.802618702652818E-003 
 4.059399176978425E-003 -3.358931790544611E-003  1.802618702652819E-003 
 1.802618702652830E-003 -1.802618702652829E-003  1.025421251450155E-002
      </IFC>
    </s_s1_m1_m2_m3.1.1.1.1.2>
    <s_s1_m1_m2_m3.1.1.2.1.2>
      <IFC type="real" size="9" columns="3">
-3.070163513356986E-004  4.798696695643544E-004  4.798696695643539E-004 
 3.560268495551135E-004 -3.895641643293498E-004  4.989068552069893E-004 
 3.560268495551130E-004  4.989068552069896E-004 -3.895641643293524E-004
      </IFC>
    </s_s1_m1_m2_m3.1.1.2.1.2>
    <s_s1_m1_m2_m3.1.1.3.1.2>
      <IFC type="real" size="9" columns="3">
-3.895641643293524E-004  4.989068552069915E-004  3.560268495551171E-004 
 4.989068552069915E-004 -3.895641643293455E-004  3.560268495551113E-004 
 4.798696695643580E-004  4.798696695643522E-004 -3.070163513356951E-004
      </IFC>
    </s_s1_m1_m2_m3.1.1.3.1.2>
    <s_s1_m1_m2_m3.1.1.4.1.2>
      <IFC type="real" size="9" columns="3">
 1.025421251450154E-002 -1.802618702652825E-003  1.802618702652825E-003 
 1.802618702652824E-003 -3.358931790544614E-003  4.059399176978435E-003 
-1.802618702652823E-003  4.059399176978435E-003 -3.358931790544625E-003
      </IFC>
    </s_s1_m1_m2_m3.1.1.4.1.2>
    <s_s1_m1_m2_m3.1.1.1.2.2>
      <IFC type="real" size="9" columns="3">
-3.895641643293542E-004  3.560268495551141E-004 -4.989068552069939E-004 
 4.798696695643547E-004 -3.070163513356969E-004 -4.798696695643547E-004 
-4.989068552069939E-004 -3.560268495551136E-004 -3.895641643293542E-004
      </IFC>
    </s_s1_m1_m2_m3.1.1.1.2.2>
    <s_s1_m1_m2_m3.1.1.2.2.2>
      <IFC type="real" size="9" columns="3">
-2.270717897154793E-005  5.258380536554697E-018  3.117081245895825E-018 
 5.258380536554697E-018 -2.270717897154880E-005  1.084202172485504E-019 
 3.117081245895825E-018  1.626303258728257E-019 -2.270717897154967E-005
      </IFC>
    </s_s1_m1_m2_m3.1.1.2.2.2>
    <s_s1_m1_m2_m3.1.1.3.2.2>
      <IFC type="real" size="9" columns="3">
-3.895641643293559E-004 -3.560268495551137E-004 -4.989068552069906E-004 
-4.798696695643545E-004 -3.070163513357090E-004  4.798696695643534E-004 
-4.989068552069906E-004  3.560268495551125E-004 -3.895641643293524E-004
      </IFC>
    </s_s1_m1_m2_m3.1.1.3.2.2>
    <s_s1_m1_m2_m3.1.1.4.2.2>
      <IFC type="real" size="9" columns="3">
-4.068697509138179E-004 -3.252606517456513E-019  4.201283418381330E-018 
-3.252606517456513E-019 -4.049914457500596E-004  2.981555974335137E-018 
 4.201283418381330E-018  2.927345865710862E-018 -4.068697509138162E-004
      </IFC>
    </s_s1_m1_m2_m3.1.1.4.2.2>
    <s_s1_m1_m2_m3.1.1.1.3.2>
      <IFC type="real" size="9" columns="3">
-3.895641643293403E-004  4.989068552069915E-004 -3.560268495551082E-004 
 4.989068552069915E-004 -3.895641643293542E-004 -3.560268495551126E-004 
-4.798696695643489E-004 -4.798696695643532E-004 -3.070163513357003E-004
      </IFC>
    </s_s1_m1_m2_m3.1.1.1.3.2>
    <s_s1_m1_m2_m3.1.1.2.3.2>
      <IFC type="real" size="9" columns="3">
-3.070163513357090E-004 -4.798696695643550E-004 -4.798696695643566E-004 
-3.560268495551143E-004 -3.895641643293498E-004  4.989068552069849E-004 
-3.560268495551157E-004  4.989068552069848E-004 -3.895641643293420E-004
      </IFC>
    </s_s1_m1_m2_m3.1.1.2.3.2>
    <s_s1_m1_m2_m3.1.1.3.3.2>
      <IFC type="real" size="9" columns="3">
-4.382627906645373E-004 -1.054799864665607E-004 -7.086711665425441E-005 
-1.054799864665607E-004 -4.382627906645373E-004  7.086711665425183E-005 
 7.086711665425593E-005 -7.086711665425845E-005 -3.775369737967372E-004
      </IFC>
    </s_s1_m1_m2_m3.1.1.3.3.2>
    <s_s1_m1_m2_m3.1.1.4.3.2>
      <IFC type="real" size="9" columns="3">
-3.775369737967476E-004 -7.086711665425566E-005  7.086711665425436E-005 
 7.086711665425479E-005 -4.382627906645521E-004 -1.054799864665553E-004 
-7.086711665425620E-005 -1.054799864665554E-004 -4.382627906645460E-004
      </IFC>
    </s_s1_m1_m2_m3.1.1.4.3.2>
    <s_s1_m1_m2_m3.1.1.1.4.2>
      <IFC type="real" size="9" columns="3">
-3.358931790544615E-003  1.802618702652822E-003 -4.059399176978435E-003 
-1.802618702652827E-003  1.025421251450154E-002 -1.802618702652826E-003 
-4.059399176978435E-003  1.802618702652823E-003 -3.358931790544615E-003
      </IFC>
    </s_s1_m1_m2_m3.1.1.1.4.2>
    <s_s1_m1_m2_m3.1.1.2.4.2>
      <IFC type="real" size="9" columns="3">
-4.049914457500536E-004  7.589415207398531E-019 -5.068645156369733E-018 
 7.589415207398531E-019 -4.068697509138118E-004 -5.312590645178972E-018 
-5.068645156369733E-018 -5.258380536554697E-018 -4.068697509138162E-004
      </IFC>
    </s_s1_m1_m2_m3.1.1.2.4.2>
    <s_s1_m1_m2_m3.1.1.3.4.2>
      <IFC type="real" size="9" columns="3">
-4.382627906645477E-004  7.086711665425333E-005  1.054799864665542E-004 
-7.086711665425701E-005 -3.775369737967441E-004 -7.086711665425772E-005 
 1.054799864665542E-004  7.086711665425262E-005 -4.382627906645443E-004
      </IFC>
    </s_s1_m1_m2_m3.1.1.3.4.2>
    <s_s1_m1_m2_m3.1.1.4.4.2>
      <IFC type="real" size="9" columns="3">
-4.068697509138214E-004  6.776263578034403E-018 -1.816038638913220E-018 
 6.776263578034403E-018 -4.068697509138205E-004  1.029992063861229E-018 
-1.816038638913220E-018  9.757819552369540E-019 -4.049914457500588E-004
      </IFC>
    </s_s1_m1_m2_m3.1.1.4.4.2>
    <s_s1_m1_m2_m3.1.1.1.1.3>
      <IFC type="real" size="9" columns="3">
-1.981476971676943E-005  5.567482345046556E-004 -5.475220971051797E-018 
 5.567482345046556E-004 -1.981476971679719E-005  5.963111948670274E-019 
-5.475220971051797E-018  5.963111948670274E-019  4.034840318368482E-003
      </IFC>
    </s_s1_m1_m2_m3.1.1.1.1.3>
    <s_s1_m1_m2_m3.1.1.2.1.3>
      <IFC type="real" size="9" columns="3">
-3.895641643293455E-004  3.560268495551163E-004  4.989068552069922E-004 
 4.798696695643573E-004 -3.070163513356969E-004  4.798696695643504E-004 
 4.989068552069922E-004  3.560268495551097E-004 -3.895641643293386E-004
      </IFC>
    </s_s1_m1_m2_m3.1.1.2.1.3>
    <s_s1_m1_m2_m3.1.1.3.1.3>
      <IFC type="real" size="9" columns="3">
 4.034840318368475E-003 -4.119968255444917E-018  1.084202172485504E-018 
-4.119968255444917E-018 -1.981476971682061E-005  5.567482345046595E-004 
 1.084202172485504E-018  5.567482345046595E-004 -1.981476971681714E-005
      </IFC>
    </s_s1_m1_m2_m3.1.1.3.1.3>
    <s_s1_m1_m2_m3.1.1.4.1.3>
      <IFC type="real" size="9" columns="3">
-3.895641643293455E-004  4.798696695643573E-004  4.989068552069922E-004 
 3.560268495551163E-004 -3.070163513356969E-004  3.560268495551097E-004 
 4.989068552069922E-004  4.798696695643504E-004 -3.895641643293386E-004
      </IFC>
    </s_s1_m1_m2_m3.1.1.4.1.3>
    <s_s1_m1_m2_m3.1.1.1.2.3>
      <IFC type="real" size="9" columns="3">
-3.070163513356934E-004  4.798696695643555E-004 -4.798696695643494E-004 
 3.560268495551148E-004 -3.895641643293507E-004 -4.989068552069926E-004 
-3.560268495551085E-004 -4.989068552069926E-004 -3.895641643293351E-004
      </IFC>
    </s_s1_m1_m2_m3.1.1.1.2.3>
    <s_s1_m1_m2_m3.1.1.2.2.3>
      <IFC type="real" size="9" columns="3">
-3.895641643293524E-004 -4.989068552069890E-004 -3.560268495551134E-004 
-4.989068552069891E-004 -3.895641643293507E-004  3.560268495551130E-004 
-4.798696695643543E-004  4.798696695643538E-004 -3.070163513357021E-004
      </IFC>
    </s_s1_m1_m2_m3.1.1.2.2.3>
    <s_s1_m1_m2_m3.1.1.3.2.3>
      <IFC type="real" size="9" columns="3">
-3.775369737967355E-004  7.086711665425609E-005  7.086711665425777E-005 
-7.086711665425425E-005 -4.382627906645417E-004  1.054799864665634E-004 
-7.086711665425257E-005  1.054799864665633E-004 -4.382627906645382E-004
      </IFC>
    </s_s1_m1_m2_m3.1.1.3.2.3>
    <s_s1_m1_m2_m3.1.1.4.2.3>
      <IFC type="real" size="9" columns="3">
-4.382627906645495E-004  1.054799864665524E-004 -7.086711665425631E-005 
 1.054799864665524E-004 -4.382627906645512E-004 -7.086711665425923E-005 
 7.086711665425425E-005  7.086711665425121E-005 -3.775369737967407E-004
      </IFC>
    </s_s1_m1_m2_m3.1.1.4.2.3>
    <s_s1_m1_m2_m3.1.1.1.3.3>
      <IFC type="real" size="9" columns="3">
-1.981476971682147E-005 -3.089976191583688E-018 -5.567482345046611E-004 
-3.089976191583688E-018  4.034840318368479E-003 -2.439454888092385E-018 
-5.567482345046611E-004 -2.439454888092385E-018 -1.981476971680760E-005
      </IFC>
    </s_s1_m1_m2_m3.1.1.1.3.3>
    <s_s1_m1_m2_m3.1.1.2.3.3>
      <IFC type="real" size="9" columns="3">
-4.382627906645425E-004 -7.086711665425484E-005 -1.054799864665635E-004 
 7.086711665425560E-005 -3.775369737967389E-004 -7.086711665425815E-005 
-1.054799864665634E-004  7.086711665425230E-005 -4.382627906645425E-004
      </IFC>
    </s_s1_m1_m2_m3.1.1.2.3.3>
    <s_s1_m1_m2_m3.1.1.3.3.3>
      <IFC type="real" size="9" columns="3">
-9.927397383452385E-007 -8.131516293641283E-019  6.234162491791650E-019 
-8.131516293641283E-019 -9.927397383513101E-007 -4.065758146820642E-018 
 6.234162491791650E-019 -4.065758146820642E-018 -9.927397383409017E-007
      </IFC>
    </s_s1_m1_m2_m3.1.1.3.3.3>
    <s_s1_m1_m2_m3.1.1.4.3.3>
      <IFC type="real" size="9" columns="3">
-4.382627906645425E-004  7.086711665425560E-005 -1.054799864665634E-004 
-7.086711665425484E-005 -3.775369737967389E-004  7.086711665425230E-005 
-1.054799864665635E-004 -7.086711665425815E-005 -4.382627906645425E-004
      </IFC>
    </s_s1_m1_m2_m3.1.1.4.3.3>
    <s_s1_m1_m2_m3.1.1.1.4.3>
      <IFC type="real" size="9" columns="3">
-3.070163513356934E-004  3.560268495551148E-004 -3.560268495551085E-004 
 4.798696695643555E-004 -3.895641643293507E-004 -4.989068552069926E-004 
-4.798696695643494E-004 -4.989068552069926E-004 -3.895641643293351E-004
      </IFC>
    </s_s1_m1_m2_m3.1.1.1.4.3>
    <s_s1_m1_m2_m3.1.1.2.4.3>
      <IFC type="real" size="9" columns="3">
-4.382627906645495E-004  1.054799864665524E-004  7.086711665425425E-005 
 1.054799864665524E-004 -4.382627906645512E-004  7.086711665425121E-005 
-7.086711665425631E-005 -7.086711665425923E-005 -3.775369737967407E-004
      </IFC>
    </s_s1_m1_m2_m3.1.1.2.4.3>
    <s_s1_m1_m2_m3.1.1.3.4.3>
      <IFC type="real" size="9" columns="3">
-3.775369737967355E-004 -7.086711665425425E-005 -7.086711665425257E-005 
 7.086711665425609E-005 -4.382627906645417E-004  1.054799864665633E-004 
 7.086711665425777E-005  1.054799864665634E-004 -4.382627906645382E-004
      </IFC>
    </s_s1_m1_m2_m3.1.1.3.4.3>
    <s_s1_m1_m2_m3.1.1.4.4.3>
      <IFC type="real" size="9" columns="3">
-3.895641643293524E-004 -4.989068552069891E-004 -4.798696695643543E-004 
-4.989068552069890E-004 -3.895641643293507E-004  4.798696695643538E-004 
-3.560268495551134E-004  3.560268495551130E-004 -3.070163513357021E-004
      </IFC>
    </s_s1_m1_m2_m3.1.1.4.4.3>
    <s_s1_m1_m2_m3.1.1.1.1.4>
      <IFC type="real" size="9" columns="3">
-3.358931790544611E-003  4.059399176978425E-003  1.802618702652830E-003 
 4.059399176978425E-003 -3.358931790544611E-003 -1.802618702652829E-003 
-1.802618702652818E-003  1.802618702652819E-003  1.025421251450155E-002
      </IFC>
    </s_s1_m1_m2_m3.1.1.1.1.4>
    <s_s1_m1_m2_m3.1.1.2.1.4>
      <IFC type="real" size="9" columns="3">
 1.025421251450154E-002  1.802618702652824E-003 -1.802618702652823E-003 
-1.802618702652825E-003 -3.358931790544614E-003  4.059399176978435E-003 
 1.802618702652825E-003  4.059399176978435E-003 -3.358931790544625E-003
      </IFC>
    </s_s1_m1_m2_m3.1.1.2.1.4>
    <s_s1_m1_m2_m3.1.1.3.1.4>
      <IFC type="real" size="9" columns="3">
-3.895641643293524E-004  4.989068552069915E-004  4.798696695643580E-004 
 4.989068552069915E-004 -3.895641643293455E-004  4.798696695643522E-004 
 3.560268495551171E-004  3.560268495551113E-004 -3.070163513356951E-004
      </IFC>
    </s_s1_m1_m2_m3.1.1.3.1.4>
    <s_s1_m1_m2_m3.1.1.4.1.4>
      <IFC type="real" size="9" columns="3">
-3.070163513356986E-004  3.560268495551135E-004  3.560268495551130E-004 
 4.798696695643544E-004 -3.895641643293498E-004  4.989068552069896E-004 
 4.798696695643539E-004  4.989068552069893E-004 -3.895641643293524E-004
      </IFC>
    </s_s1_m1_m2_m3.1.1.4.1.4>
    <s_s1_m1_m2_m3.1.1.1.2.4>
      <IFC type="real" size="9" columns="3">
-3.358931790544615E-003 -1.802618702652827E-003 -4.059399176978435E-003 
 1.802618702652822E-003  1.025421251450154E-002  1.802618702652823E-003 
-4.059399176978435E-003 -1.802618702652826E-003 -3.358931790544615E-003
      </IFC>
    </s_s1_m1_m2_m3.1.1.1.2.4>
    <s_s1_m1_m2_m3.1.1.2.2.4>
      <IFC type="real" size="9" columns="3">
-4.068697509138214E-004  6.776263578034403E-018 -1.816038638913220E-018 
 6.776263578034403E-018 -4.068697509138205E-004  9.757819552369540E-019 
-1.816038638913220E-018  1.029992063861229E-018 -4.049914457500588E-004
      </IFC>
    </s_s1_m1_m2_m3.1.1.2.2.4>
    <s_s1_m1_m2_m3.1.1.3.2.4>
      <IFC type="real" size="9" columns="3">
-4.382627906645477E-004 -7.086711665425701E-005  1.054799864665542E-004 
 7.086711665425333E-005 -3.775369737967441E-004  7.086711665425262E-005 
 1.054799864665542E-004 -7.086711665425772E-005 -4.382627906645443E-004
      </IFC>
    </s_s1_m1_m2_m3.1.1.3.2.4>
    <s_s1_m1_m2_m3.1.1.4.2.4>
      <IFC type="real" size="9" columns="3">
-4.049914457500536E-004  7.589415207398531E-019 -5.068645156369733E-018 
 7.589415207398531E-019 -4.068697509138118E-004 -5.258380536554697E-018 
-5.068645156369733E-018 -5.312590645178972E-018 -4.068697509138162E-004
      </IFC>
    </s_s1_m1_m2_m3.1.1.4.2.4>
    <s_s1_m1_m2_m3.1.1.1.3.4>
      <IFC type="real" size="9" columns="3">
-3.895641643293403E-004  4.989068552069915E-004 -4.798696695643489E-004 
 4.989068552069915E-004 -3.895641643293542E-004 -4.798696695643532E-004 
-3.560268495551082E-004 -3.560268495551126E-004 -3.070163513357003E-004
      </IFC>
    </s_s1_m1_m2_m3.1.1.1.3.4>
    <s_s1_m1_m2_m3.1.1.2.3.4>
      <IFC type="real" size="9" columns="3">
-3.775369737967476E-004  7.086711665425479E-005 -7.086711665425620E-005 
-7.086711665425566E-005 -4.382627906645521E-004 -1.054799864665554E-004 
 7.086711665425436E-005 -1.054799864665553E-004 -4.382627906645460E-004
      </IFC>
    </s_s1_m1_m2_m3.1.1.2.3.4>
    <s_s1_m1_m2_m3.1.1.3.3.4>
      <IFC type="real" size="9" columns="3">
-4.382627906645373E-004 -1.054799864665607E-004  7.086711665425593E-005 
-1.054799864665607E-004 -4.382627906645373E-004 -7.086711665425845E-005 
-7.086711665425441E-005  7.086711665425183E-005 -3.775369737967372E-004
      </IFC>
    </s_s1_m1_m2_m3.1.1.3.3.4>
    <s_s1_m1_m2_m3.1.1.4.3.4>
      <IFC type="real" size="9" columns="3">
-3.070163513357090E-004 -3.560268495551143E-004 -3.560268495551157E-004 
-4.798696695643550E-004 -3.895641643293498E-004  4.989068552069848E-004 
-4.798696695643566E-004  4.989068552069849E-004 -3.895641643293420E-004
      </IFC>
    </s_s1_m1_m2_m3.1.1.4.3.4>
    <s_s1_m1_m2_m3.1.1.1.4.4>
      <IFC type="real" size="9" columns="3">
-3.895641643293542E-004  4.798696695643547E-004 -4.989068552069939E-004 
 3.560268495551141E-004 -3.070163513356969E-004 -3.560268495551136E-004 
-4.989068552069939E-004 -4.798696695643547E-004 -3.895641643293542E-004
      </IFC>
    </s_s1_m1_m2_m3.1.1.1.4.4>
    <s_s1_m1_m2_m3.1.1.2.4.4>
      <IFC type="real" size="9" columns="3">
-4.068697509138179E-004 -3.252606517456513E-019  4.201283418381330E-018 
-3.252606517456513E-019 -4.049914457500596E-004  2.927345865710862E-018 
 4.201283418381330E-018  2.981555974335137E-018 -4.068697509138162E-004
      </IFC>
    </s_s1_m1_m2_m3.1.1.2.4.4>
    <s_s1_m1_m2_m3.1.1.3.4.4>
      <IFC type="real" size="9" columns="3">
-3.895641643293559E-004 -4.798696695643545E-004 -4.989068552069906E-004 
-3.560268495551137E-004 -3.070163513357090E-004  3.560268495551125E-004 
-4.989068552069906E-004  4.798696695643534E-004 -3.895641643293524E-004
      </IFC>
    </s_s1_m1_m2_m3.1.1.3.4.4>
    <s_s1_m1_m2_m3.1.1.4.4.4>
      <IFC type="real" size="9" columns="3">
-2.270717897154793E-005  5.258380536554697E-018  3.117081245895825E-018 
 5.258380536554697E-018 -2.270717897154880E-005  1.626303258728257E-019 
 3.117081245895825E-018  1.084202172485504E-019 -2.270717897154967E-005
      </IFC>
    </s_s1_m1_m2_m3.1.1.4.4.4>
    <s_s1_m1_m2_m3.1.2.1.1.1>
      <IFC type="real" size="9" columns="3">
-6.529959185992669E-002 -3.905921423946623E-002 -3.905921423946623E-002 
-3.905921423946623E-002 -6.529959185992668E-002 -3.905921423946624E-002 
-3.905921423946623E-002 -3.905921423946624E-002 -6.529959185992669E-002
      </IFC>
    </s_s1_m1_m2_m3.1.2.1.1.1>
    <s_s1_m1_m2_m3.1.2.2.1.1>
      <IFC type="real" size="9" columns="3">
 3.936726706474463E-004  7.970005081923183E-004 -7.970005081923161E-004 
 7.970005081923183E-004  4.329001340397252E-004  4.473941101873920E-004 
-7.970005081923170E-004  4.473941101873935E-004  4.329001340397223E-004
      </IFC>
    </s_s1_m1_m2_m3.1.2.2.1.1>
    <s_s1_m1_m2_m3.1.2.3.1.1>
      <IFC type="real" size="9" columns="3">
 3.206238403788116E-005  3.346199750155596E-004 -1.895909779547049E-005 
 3.346199750155577E-004 -1.685722055702669E-005  3.346199750155553E-004 
-1.895909779547179E-005  3.346199750155554E-004  3.206238403788170E-005
      </IFC>
    </s_s1_m1_m2_m3.1.2.3.1.1>
    <s_s1_m1_m2_m3.1.2.4.1.1>
      <IFC type="real" size="9" columns="3">
 4.329001340397272E-004  4.473941101873826E-004 -7.970005081923202E-004 
 4.473941101873825E-004  4.329001340397297E-004  7.970005081923126E-004 
-7.970005081923211E-004  7.970005081923139E-004  3.936726706474518E-004
      </IFC>
    </s_s1_m1_m2_m3.1.2.4.1.1>
    <s_s1_m1_m2_m3.1.2.1.2.1>
      <IFC type="real" size="9" columns="3">
-6.529959185992670E-002  3.905921423946623E-002  3.905921423946623E-002 
 3.905921423946623E-002 -6.529959185992669E-002 -3.905921423946625E-002 
 3.905921423946623E-002 -3.905921423946624E-002 -6.529959185992670E-002
      </IFC>
    </s_s1_m1_m2_m3.1.2.1.2.1>
    <s_s1_m1_m2_m3.1.2.2.2.1>
      <IFC type="real" size="9" columns="3">
-4.239720088152490E-004 -1.062939478568843E-003  4.554710760351899E-004 
-1.062939478568845E-003 -4.030014619396426E-003  1.062939478568827E-003 
 4.554710760351899E-004  1.062939478568827E-003 -4.239720088152416E-004
      </IFC>
    </s_s1_m1_m2_m3.1.2.2.2.1>
    <s_s1_m1_m2_m3.1.2.3.2.1>
      <IFC type="real" size="9" columns="3">
-4.239720088152501E-004  1.062939478568829E-003  4.554710760351947E-004 
 1.062939478568828E-003 -4.030014619396421E-003 -1.062939478568836E-003 
 4.554710760351942E-004 -1.062939478568837E-003 -4.239720088152475E-004
      </IFC>
    </s_s1_m1_m2_m3.1.2.3.2.1>
    <s_s1_m1_m2_m3.1.2.4.2.1>
      <IFC type="real" size="9" columns="3">
-6.529959185992672E-002 -3.905921423946623E-002  3.905921423946623E-002 
-3.905921423946623E-002 -6.529959185992670E-002  3.905921423946623E-002 
 3.905921423946623E-002  3.905921423946623E-002 -6.529959185992670E-002
      </IFC>
    </s_s1_m1_m2_m3.1.2.4.2.1>
    <s_s1_m1_m2_m3.1.2.1.3.1>
      <IFC type="real" size="9" columns="3">
-4.030014619396447E-003 -1.062939478568834E-003 -1.062939478568826E-003 
-1.062939478568835E-003 -4.239720088152574E-004 -4.554710760351901E-004 
-1.062939478568828E-003 -4.554710760351901E-004 -4.239720088152644E-004
      </IFC>
    </s_s1_m1_m2_m3.1.2.1.3.1>
    <s_s1_m1_m2_m3.1.2.2.3.1>
      <IFC type="real" size="9" columns="3">
 6.760153906764307E-004  8.218480677246256E-004 -8.218480677246005E-004 
 8.218480677246265E-004  6.760153906764305E-004  8.218480677246202E-004 
-8.218480677246013E-004  8.218480677246209E-004  6.760153906764305E-004
      </IFC>
    </s_s1_m1_m2_m3.1.2.2.3.1>
    <s_s1_m1_m2_m3.1.2.3.3.1>
      <IFC type="real" size="9" columns="3">
-4.239720088152632E-004 -4.554710760351849E-004 -1.062939478568834E-003 
-4.554710760351859E-004 -4.239720088152616E-004 -1.062939478568831E-003 
-1.062939478568835E-003 -1.062939478568833E-003 -4.030014619396442E-003
      </IFC>
    </s_s1_m1_m2_m3.1.2.3.3.1>
    <s_s1_m1_m2_m3.1.2.4.3.1>
      <IFC type="real" size="9" columns="3">
 4.329001340397150E-004  7.970005081922975E-004 -4.473941101873808E-004 
 7.970005081922985E-004  3.936726706474372E-004  7.970005081923018E-004 
-4.473941101873817E-004  7.970005081923022E-004  4.329001340397152E-004
      </IFC>
    </s_s1_m1_m2_m3.1.2.4.3.1>
    <s_s1_m1_m2_m3.1.2.1.4.1>
      <IFC type="real" size="9" columns="3">
-4.030014619396405E-003  1.062939478568840E-003  1.062939478568833E-003 
 1.062939478568843E-003 -4.239720088152351E-004 -4.554710760351965E-004 
 1.062939478568831E-003 -4.554710760351974E-004 -4.239720088152347E-004
      </IFC>
    </s_s1_m1_m2_m3.1.2.1.4.1>
    <s_s1_m1_m2_m3.1.2.2.4.1>
      <IFC type="real" size="9" columns="3">
-4.239720088152327E-004 -4.554710760351936E-004  1.062939478568834E-003 
-4.554710760351951E-004 -4.239720088152347E-004  1.062939478568843E-003 
 1.062939478568834E-003  1.062939478568844E-003 -4.030014619396414E-003
      </IFC>
    </s_s1_m1_m2_m3.1.2.2.4.1>
    <s_s1_m1_m2_m3.1.2.3.4.1>
      <IFC type="real" size="9" columns="3">
 3.206238403788219E-005  1.895909779545411E-005 -3.346199750155362E-004 
 1.895909779545422E-005  3.206238403787986E-005  3.346199750155555E-004 
-3.346199750155366E-004  3.346199750155550E-004 -1.685722055703439E-005
      </IFC>
    </s_s1_m1_m2_m3.1.2.3.4.1>
    <s_s1_m1_m2_m3.1.2.4.4.1>
      <IFC type="real" size="9" columns="3">
-1.685722055703651E-005  3.346199750155652E-004 -3.346199750155409E-004 
 3.346199750155626E-004  3.206238403787379E-005  1.895909779546078E-005 
-3.346199750155409E-004  1.895909779546165E-005  3.206238403787552E-005
      </IFC>
    </s_s1_m1_m2_m3.1.2.4.4.1>
    <s_s1_m1_m2_m3.1.2.1.1.2>
      <IFC type="real" size="9" columns="3">
 3.936726706474454E-004 -7.970005081923163E-004  7.970005081923155E-004 
-7.970005081923181E-004  4.329001340397320E-004  4.473941101873907E-004 
 7.970005081923137E-004  4.473941101873916E-004  4.329001340397281E-004
      </IFC>
    </s_s1_m1_m2_m3.1.2.1.1.2>
    <s_s1_m1_m2_m3.1.2.2.1.2>
      <IFC type="real" size="9" columns="3">
 3.142182623135312E-004 -1.434606666343040E-004 -1.434606666343035E-004 
-1.434606666343040E-004  3.602912216847199E-004  1.092531515069797E-004 
-1.434606666343040E-004  1.092531515069807E-004  3.602912216847159E-004
      </IFC>
    </s_s1_m1_m2_m3.1.2.2.1.2>
    <s_s1_m1_m2_m3.1.2.3.1.2>
      <IFC type="real" size="9" columns="3">
 3.602912216847231E-004  1.092531515069822E-004 -1.434606666343059E-004 
 1.092531515069816E-004  3.602912216847274E-004 -1.434606666343128E-004 
-1.434606666343068E-004 -1.434606666343131E-004  3.142182623135368E-004
      </IFC>
    </s_s1_m1_m2_m3.1.2.3.1.2>
    <s_s1_m1_m2_m3.1.2.4.1.2>
      <IFC type="real" size="9" columns="3">
 4.329001340397282E-004  4.473941101873897E-004  7.970005081923081E-004 
 4.473941101873888E-004  4.329001340397292E-004 -7.970005081923165E-004 
 7.970005081923081E-004 -7.970005081923152E-004  3.936726706474481E-004
      </IFC>
    </s_s1_m1_m2_m3.1.2.4.1.2>
    <s_s1_m1_m2_m3.1.2.1.2.2>
      <IFC type="real" size="9" columns="3">
-4.239720088152488E-004  4.554710760351910E-004 -1.062939478568840E-003 
 4.554710760351910E-004 -4.239720088152418E-004  1.062939478568826E-003 
-1.062939478568840E-003  1.062939478568829E-003 -4.030014619396421E-003
      </IFC>
    </s_s1_m1_m2_m3.1.2.1.2.2>
    <s_s1_m1_m2_m3.1.2.2.2.2>
      <IFC type="real" size="9" columns="3">
 6.760153906764500E-004 -8.218480677246172E-004 -8.218480677246191E-004 
-8.218480677246194E-004  6.760153906764481E-004 -8.218480677246206E-004 
-8.218480677246187E-004 -8.218480677246196E-004  6.760153906764547E-004
      </IFC>
    </s_s1_m1_m2_m3.1.2.2.2.2>
    <s_s1_m1_m2_m3.1.2.3.2.2>
      <IFC type="real" size="9" columns="3">
-4.030014619396421E-003  1.062939478568825E-003 -1.062939478568841E-003 
 1.062939478568825E-003 -4.239720088152494E-004  4.554710760351931E-004 
-1.062939478568841E-003  4.554710760351933E-004 -4.239720088152437E-004
      </IFC>
    </s_s1_m1_m2_m3.1.2.3.2.2>
    <s_s1_m1_m2_m3.1.2.4.2.2>
      <IFC type="real" size="9" columns="3">
 4.329001340397253E-004 -7.970005081922975E-004 -4.473941101873835E-004 
-7.970005081922995E-004  3.936726706474442E-004 -7.970005081923057E-004 
-4.473941101873835E-004 -7.970005081923037E-004  4.329001340397220E-004
      </IFC>
    </s_s1_m1_m2_m3.1.2.4.2.2>
    <s_s1_m1_m2_m3.1.2.1.3.2>
      <IFC type="real" size="9" columns="3">
 6.760153906764303E-004 -8.218480677246072E-004  8.218480677246211E-004 
-8.218480677246081E-004  6.760153906764286E-004  8.218480677246202E-004 
 8.218480677246202E-004  8.218480677246193E-004  6.760153906764290E-004
      </IFC>
    </s_s1_m1_m2_m3.1.2.1.3.2>
    <s_s1_m1_m2_m3.1.2.2.3.2>
      <IFC type="real" size="9" columns="3">
 6.760153906764236E-004  8.218480677246133E-004  8.218480677246178E-004 
 8.218480677246130E-004  6.760153906764235E-004 -8.218480677246098E-004 
 8.218480677246174E-004 -8.218480677246091E-004  6.760153906764266E-004
      </IFC>
    </s_s1_m1_m2_m3.1.2.2.3.2>
    <s_s1_m1_m2_m3.1.2.3.3.2>
      <IFC type="real" size="9" columns="3">
 3.602912216847370E-004  1.434606666343259E-004 -1.092531515069679E-004 
 1.434606666343248E-004  3.142182623135461E-004 -1.434606666343228E-004 
-1.092531515069688E-004 -1.434606666343230E-004  3.602912216847329E-004
      </IFC>
    </s_s1_m1_m2_m3.1.2.3.3.2>
    <s_s1_m1_m2_m3.1.2.4.3.2>
      <IFC type="real" size="9" columns="3">
 3.602912216847332E-004 -1.434606666343216E-004 -1.092531515069735E-004 
-1.434606666343222E-004  3.142182623135419E-004  1.434606666343204E-004 
-1.092531515069735E-004  1.434606666343209E-004  3.602912216847340E-004
      </IFC>
    </s_s1_m1_m2_m3.1.2.4.3.2>
    <s_s1_m1_m2_m3.1.2.1.4.2>
      <IFC type="real" size="9" columns="3">
-4.239720088152324E-004  1.062939478568836E-003 -4.554710760351907E-004 
 1.062939478568838E-003 -4.030014619396416E-003  1.062939478568840E-003 
-4.554710760351894E-004  1.062939478568838E-003 -4.239720088152325E-004
      </IFC>
    </s_s1_m1_m2_m3.1.2.1.4.2>
    <s_s1_m1_m2_m3.1.2.2.4.2>
      <IFC type="real" size="9" columns="3">
 3.142182623135440E-004  1.434606666343113E-004  1.434606666343043E-004 
 1.434606666343099E-004  3.602912216847274E-004  1.092531515069674E-004 
 1.434606666343048E-004  1.092531515069677E-004  3.602912216847309E-004
      </IFC>
    </s_s1_m1_m2_m3.1.2.2.4.2>
    <s_s1_m1_m2_m3.1.2.3.4.2>
      <IFC type="real" size="9" columns="3">
 5.670914712532807E-004 -1.741330132870407E-004  1.741330132870228E-004 
-1.741330132870399E-004  5.670914712532793E-004 -1.741330132870332E-004 
 1.741330132870228E-004 -1.741330132870347E-004  5.670914712532767E-004
      </IFC>
    </s_s1_m1_m2_m3.1.2.3.4.2>
    <s_s1_m1_m2_m3.1.2.4.4.2>
      <IFC type="real" size="9" columns="3">
 3.602912216847307E-004  1.092531515069787E-004  1.434606666343113E-004 
 1.092531515069784E-004  3.602912216847222E-004  1.434606666343127E-004 
 1.434606666343113E-004  1.434606666343128E-004  3.142182623135391E-004
      </IFC>
    </s_s1_m1_m2_m3.1.2.4.4.2>
    <s_s1_m1_m2_m3.1.2.1.1.3>
      <IFC type="real" size="9" columns="3">
 3.206238403787032E-005 -1.895909779546859E-005  3.346199750155557E-004 
-1.895909779546859E-005  3.206238403789113E-005  3.346199750155557E-004 
 3.346199750155522E-004  3.346199750155557E-004 -1.685722055703998E-005
      </IFC>
    </s_s1_m1_m2_m3.1.2.1.1.3>
    <s_s1_m1_m2_m3.1.2.2.1.3>
      <IFC type="real" size="9" columns="3">
 3.602912216847261E-004 -1.434606666343071E-004  1.092531515069798E-004 
-1.434606666343064E-004  3.142182623135397E-004 -1.434606666343115E-004 
 1.092531515069789E-004 -1.434606666343109E-004  3.602912216847233E-004
      </IFC>
    </s_s1_m1_m2_m3.1.2.2.1.3>
    <s_s1_m1_m2_m3.1.2.3.1.3>
      <IFC type="real" size="9" columns="3">
-1.685722055702697E-005  3.346199750155526E-004  3.346199750155550E-004 
 3.346199750155510E-004  3.206238403788349E-005 -1.895909779546474E-005 
 3.346199750155537E-004 -1.895909779546523E-005  3.206238403788409E-005
      </IFC>
    </s_s1_m1_m2_m3.1.2.3.1.3>
    <s_s1_m1_m2_m3.1.2.4.1.3>
      <IFC type="real" size="9" columns="3">
 2.895443797552637E-004 -1.446910259862262E-004  1.446910259862170E-004 
-1.446910259862254E-004  2.895443797552688E-004 -1.446910259862303E-004 
 1.446910259862161E-004 -1.446910259862298E-004  2.895443797552665E-004
      </IFC>
    </s_s1_m1_m2_m3.1.2.4.1.3>
    <s_s1_m1_m2_m3.1.2.1.2.3>
      <IFC type="real" size="9" columns="3">
-4.239720088152488E-004  4.554710760351945E-004  1.062939478568829E-003 
 4.554710760351945E-004 -4.239720088152488E-004 -1.062939478568840E-003 
 1.062939478568829E-003 -1.062939478568843E-003 -4.030014619396425E-003
      </IFC>
    </s_s1_m1_m2_m3.1.2.1.2.3>
    <s_s1_m1_m2_m3.1.2.2.2.3>
      <IFC type="real" size="9" columns="3">
-4.030014619396421E-003 -1.062939478568838E-003  1.062939478568827E-003 
-1.062939478568839E-003 -4.239720088152507E-004  4.554710760351906E-004 
 1.062939478568827E-003  4.554710760351914E-004 -4.239720088152433E-004
      </IFC>
    </s_s1_m1_m2_m3.1.2.2.2.3>
    <s_s1_m1_m2_m3.1.2.3.2.3>
      <IFC type="real" size="9" columns="3">
-1.685722055704794E-005 -3.346199750155494E-004 -3.346199750155492E-004 
-3.346199750155483E-004  3.206238403786121E-005 -1.895909779544810E-005 
-3.346199750155496E-004 -1.895909779544799E-005  3.206238403786690E-005
      </IFC>
    </s_s1_m1_m2_m3.1.2.3.2.3>
    <s_s1_m1_m2_m3.1.2.4.2.3>
      <IFC type="real" size="9" columns="3">
 3.206238403787032E-005 -1.895909779545124E-005 -3.346199750155487E-004 
-1.895909779545471E-005  3.206238403785644E-005 -3.346199750155557E-004 
-3.346199750155487E-004 -3.346199750155522E-004 -1.685722055704691E-005
      </IFC>
    </s_s1_m1_m2_m3.1.2.4.2.3>
    <s_s1_m1_m2_m3.1.2.1.3.3>
      <IFC type="real" size="9" columns="3">
-4.239720088152609E-004 -1.062939478568830E-003 -4.554710760351875E-004 
-1.062939478568830E-003 -4.030014619396437E-003 -1.062939478568834E-003 
-4.554710760351901E-004 -1.062939478568834E-003 -4.239720088152644E-004
      </IFC>
    </s_s1_m1_m2_m3.1.2.1.3.3>
    <s_s1_m1_m2_m3.1.2.2.3.3>
      <IFC type="real" size="9" columns="3">
 3.602912216847336E-004 -1.092531515069745E-004  1.434606666343196E-004 
-1.092531515069744E-004  3.602912216847330E-004 -1.434606666343237E-004 
 1.434606666343187E-004 -1.434606666343222E-004  3.142182623135429E-004
      </IFC>
    </s_s1_m1_m2_m3.1.2.2.3.3>
    <s_s1_m1_m2_m3.1.2.3.3.3>
      <IFC type="real" size="9" columns="3">
 5.670914712532844E-004  1.741330132870277E-004  1.741330132870311E-004 
 1.741330132870252E-004  5.670914712532888E-004  1.741330132870311E-004 
 1.741330132870298E-004  1.741330132870323E-004  5.670914712532890E-004
      </IFC>
    </s_s1_m1_m2_m3.1.2.3.3.3>
    <s_s1_m1_m2_m3.1.2.4.3.3>
      <IFC type="real" size="9" columns="3">
 3.142182623135431E-004 -1.434606666343254E-004  1.434606666343190E-004 
-1.434606666343253E-004  3.602912216847328E-004 -1.092531515069807E-004 
 1.434606666343181E-004 -1.092531515069794E-004  3.602912216847351E-004
      </IFC>
    </s_s1_m1_m2_m3.1.2.4.3.3>
    <s_s1_m1_m2_m3.1.2.1.4.3>
      <IFC type="real" size="9" columns="3">
 3.206238403788333E-005 -3.346199750155429E-004  1.895909779546197E-005 
-3.346199750155421E-004 -1.685722055702631E-005  3.346199750155536E-004 
 1.895909779545981E-005  3.346199750155528E-004  3.206238403787747E-005
      </IFC>
    </s_s1_m1_m2_m3.1.2.1.4.3>
    <s_s1_m1_m2_m3.1.2.2.4.3>
      <IFC type="real" size="9" columns="3">
 5.670914712532817E-004  1.741330132870272E-004 -1.741330132870352E-004 
 1.741330132870253E-004  5.670914712532806E-004 -1.741330132870355E-004 
-1.741330132870352E-004 -1.741330132870350E-004  5.670914712532745E-004
      </IFC>
    </s_s1_m1_m2_m3.1.2.2.4.3>
    <s_s1_m1_m2_m3.1.2.3.4.3>
