<?xml version="1.0"?>
<?iotk version="1.2.0"?>
<?iotk file_version="1.0"?>
<?iotk binary="F"?>
<?iotk qe_syntax="F"?>
<Root>
  <GEOMETRY_INFO>
    <NUMBER_OF_TYPES type="integer" size="1">
         1
    </NUMBER_OF_TYPES>
    <NUMBER_OF_ATOMS type="integer" size="1">
         2
    </NUMBER_OF_ATOMS>
    <BRAVAIS_LATTICE_INDEX type="integer" size="1">
         0
    </BRAVAIS_LATTICE_INDEX>
    <SPIN_COMPONENTS type="integer" size="1">
         1
    </SPIN_COMPONENTS>
    <CELL_DIMENSIONS type="real" size="6">
 1.030000000000000E+001
 0.000000000000000E+000
 0.000000000000000E+000
 0.000000000000000E+000
 0.000000000000000E+000
 0.000000000000000E+000
    </CELL_DIMENSIONS>
    <AT type="real" size="9" columns="3">
-4.999999999999998E-001  0.000000000000000E+000  4.999999999999998E-001 
 0.000000000000000E+000  4.999999999999998E-001  4.999999999999998E-001 
-4.999999999999998E-001  4.999999999999998E-001  0.000000000000000E+000
    </AT>
    <BG type="real" size="9" columns="3">
-1.000000000000000E+000 -1.000000000000000E+000  1.000000000000000E+000 
 1.000000000000000E+000  1.000000000000000E+000  1.000000000000000E+000 
-1.000000000000000E+000  1.000000000000000E+000 -1.000000000000000E+000
    </BG>
    <UNIT_CELL_VOLUME_AU type="real" size="1">
 2.731817499999998E+002
    </UNIT_CELL_VOLUME_AU>
    <TYPE_NAME.1 type="character" size="1" len="3">
Si 
    </TYPE_NAME.1>
    <MASS.1 type="real" size="1">
 2.808600000000000E+001
    </MASS.1>
    <ATOM.1 SPECIES="Si " INDEX="1" TAU="0.000000000000000E+000 0.000000000000000E+000 0.000000000000000E+000"/>
    <ATOM.2 SPECIES="Si " INDEX="1" TAU="2.500000000000000E-001 2.500000000000000E-001 2.500000000000000E-001"/>
    <NUMBER_OF_Q type="integer" size="1">
         6
    </NUMBER_OF_Q>
  </GEOMETRY_INFO>
  <DIELECTRIC_PROPERTIES>
    <EPSILON type="real" size="9" columns="3">
 2.317469943777116E+001  3.552713678800501E-015  0.000000000000000E+000 
 3.552713678800501E-015  2.317469943777116E+001  3.552713678800501E-015 
 1.776356839400250E-015  5.329070518200751E-015  2.317469943777115E+001
    </EPSILON>
    <ZSTAR>
      <Z_AT_.1 type="real" size="9" columns="3">
-1.110223024625157E-015 -1.110223024625157E-015  2.220446049250313E-016 
-6.661338147750939E-016 -6.661338147750939E-016 -2.220446049250317E-016 
-8.881784197001252E-016  0.000000000000000E+000 -1.110223024625157E-015
      </Z_AT_.1>
      <Z_AT_.2 type="real" size="9" columns="3">
 8.881784197001252E-016  1.110223024625157E-015 -2.220446049250315E-016 
 6.661338147750939E-016  4.440892098500626E-016  2.220446049250313E-016 
 8.881784197001252E-016  0.000000000000000E+000  8.881784197001252E-016
      </Z_AT_.2>
    </ZSTAR>
  </DIELECTRIC_PROPERTIES>
  <INTERATOMIC_FORCE_CONSTANTS>
    <MESH_NQ1_NQ2_NQ3 type="integer" size="3" columns="3">
         4          4          4
    </MESH_NQ1_NQ2_NQ3>
    <s_s1_m1_m2_m3.1.1.1.1.1>
      <IFC type="real" size="9" columns="3">
 2.598693790527405E-001 -1.019150042136374E-017 -6.559423143537302E-018 
-1.019150042136374E-017  2.598693790527405E-001  4.119968255444917E-018 
-6.559423143537302E-018  4.119968255444917E-018  2.598693790527405E-001
      </IFC>
    </s_s1_m1_m2_m3.1.1.1.1.1>
    <s_s1_m1_m2_m3.1.1.2.1.1>
      <IFC type="real" size="9" columns="3">
-3.359475188688460E-003 -1.804479658769710E-003  4.059188079289745E-003 
 1.804479658769723E-003  1.025115553355041E-002 -1.804479658769720E-003 
 4.059188079289745E-003  1.804479658769713E-003 -3.359475188688462E-003
      </IFC>
    </s_s1_m1_m2_m3.1.1.2.1.1>
    <s_s1_m1_m2_m3.1.1.3.1.1>
      <IFC type="real" size="9" columns="3">
-1.764344302836781E-005 -2.331034670843835E-018  5.555144076728100E-004 
-2.331034670843835E-018  4.032140814431075E-003 -8.131516293641283E-019 
 5.555144076728100E-004 -8.131516293641283E-019 -1.764344302836608E-005
      </IFC>
    </s_s1_m1_m2_m3.1.1.3.1.1>
    <s_s1_m1_m2_m3.1.1.4.1.1>
      <IFC type="real" size="9" columns="3">
-3.359475188688460E-003  1.804479658769723E-003  4.059188079289745E-003 
-1.804479658769710E-003  1.025115553355041E-002  1.804479658769713E-003 
 4.059188079289745E-003 -1.804479658769720E-003 -3.359475188688462E-003
      </IFC>
    </s_s1_m1_m2_m3.1.1.4.1.1>
    <s_s1_m1_m2_m3.1.1.1.2.1>
      <IFC type="real" size="9" columns="3">
 1.025115553355040E-002  1.804479658769719E-003  1.804479658769725E-003 
-1.804479658769714E-003 -3.359475188688468E-003 -4.059188079289741E-003 
-1.804479658769708E-003 -4.059188079289741E-003 -3.359475188688460E-003
      </IFC>
    </s_s1_m1_m2_m3.1.1.1.2.1>
    <s_s1_m1_m2_m3.1.1.2.2.1>
      <IFC type="real" size="9" columns="3">
-3.893590973521230E-004 -4.990098290112220E-004  3.561791483346995E-004 
-4.990098290112220E-004 -3.893590973521269E-004 -3.561791483346987E-004 
 4.783622436099001E-004 -4.783622436098994E-004 -3.048387350998633E-004
      </IFC>
    </s_s1_m1_m2_m3.1.1.2.2.1>
    <s_s1_m1_m2_m3.1.1.3.2.1>
      <IFC type="real" size="9" columns="3">
-3.048387350998586E-004 -4.783622436098945E-004  4.783622436098990E-004 
-3.561791483346938E-004 -3.893590973521269E-004 -4.990098290112167E-004 
 3.561791483346983E-004 -4.990098290112166E-004 -3.893590973521243E-004
      </IFC>
    </s_s1_m1_m2_m3.1.1.3.2.1>
    <s_s1_m1_m2_m3.1.1.4.2.1>
      <IFC type="real" size="9" columns="3">
-3.359475188688459E-003 -4.059188079289748E-003 -1.804479658769718E-003 
-4.059188079289748E-003 -3.359475188688463E-003 -1.804479658769714E-003 
 1.804479658769715E-003  1.804479658769719E-003  1.025115553355040E-002
      </IFC>
    </s_s1_m1_m2_m3.1.1.4.2.1>
    <s_s1_m1_m2_m3.1.1.1.3.1>
      <IFC type="real" size="9" columns="3">
 4.032140814431061E-003 -3.252606517456513E-018 -1.680513367352532E-018 
-3.252606517456513E-018 -1.764344302834786E-005 -5.555144076728132E-004 
-1.680513367352532E-018 -5.555144076728132E-004 -1.764344302836174E-005
      </IFC>
    </s_s1_m1_m2_m3.1.1.1.3.1>
    <s_s1_m1_m2_m3.1.1.2.3.1>
      <IFC type="real" size="9" columns="3">
-3.893590973521170E-004 -3.561791483346912E-004  4.990098290112131E-004 
-4.783622436098919E-004 -3.048387350998586E-004 -4.783622436099008E-004 
 4.990098290112133E-004 -3.561791483347001E-004 -3.893590973521222E-004
      </IFC>
    </s_s1_m1_m2_m3.1.1.2.3.1>
    <s_s1_m1_m2_m3.1.1.3.3.1>
      <IFC type="real" size="9" columns="3">
-1.764344302836781E-005 -5.555144076728167E-004 -1.463672932855431E-018 
-5.555144076728167E-004 -1.764344302837215E-005 -6.776263578034403E-019 
-1.463672932855431E-018 -6.776263578034403E-019  4.032140814431077E-003
      </IFC>
    </s_s1_m1_m2_m3.1.1.3.3.1>
    <s_s1_m1_m2_m3.1.1.4.3.1>
      <IFC type="real" size="9" columns="3">
-3.893590973521170E-004 -4.783622436098919E-004  4.990098290112133E-004 
-3.561791483346912E-004 -3.048387350998586E-004 -3.561791483347001E-004 
 4.990098290112131E-004 -4.783622436099008E-004 -3.893590973521222E-004
      </IFC>
    </s_s1_m1_m2_m3.1.1.4.3.1>
    <s_s1_m1_m2_m3.1.1.1.4.1>
      <IFC type="real" size="9" columns="3">
 1.025115553355040E-002 -1.804479658769714E-003 -1.804479658769708E-003 
 1.804479658769719E-003 -3.359475188688468E-003 -4.059188079289741E-003 
 1.804479658769725E-003 -4.059188079289741E-003 -3.359475188688460E-003
      </IFC>
    </s_s1_m1_m2_m3.1.1.1.4.1>
    <s_s1_m1_m2_m3.1.1.2.4.1>
      <IFC type="real" size="9" columns="3">
-3.359475188688459E-003 -4.059188079289748E-003  1.804479658769715E-003 
-4.059188079289748E-003 -3.359475188688463E-003  1.804479658769719E-003 
-1.804479658769718E-003 -1.804479658769714E-003  1.025115553355040E-002
      </IFC>
    </s_s1_m1_m2_m3.1.1.2.4.1>
    <s_s1_m1_m2_m3.1.1.3.4.1>
      <IFC type="real" size="9" columns="3">
-3.048387350998586E-004 -3.561791483346938E-004  3.561791483346983E-004 
-4.783622436098945E-004 -3.893590973521269E-004 -4.990098290112166E-004 
 4.783622436098990E-004 -4.990098290112167E-004 -3.893590973521243E-004
      </IFC>
    </s_s1_m1_m2_m3.1.1.3.4.1>
    <s_s1_m1_m2_m3.1.1.4.4.1>
      <IFC type="real" size="9" columns="3">
-3.893590973521230E-004 -4.990098290112220E-004  4.783622436099001E-004 
-4.990098290112220E-004 -3.893590973521269E-004 -4.783622436098994E-004 
 3.561791483346995E-004 -3.561791483346987E-004 -3.048387350998633E-004
      </IFC>
    </s_s1_m1_m2_m3.1.1.4.4.1>
    <s_s1_m1_m2_m3.1.1.1.1.2>
      <IFC type="real" size="9" columns="3">
-3.359475188688454E-003  4.059188079289741E-003 -1.804479658769709E-003 
 4.059188079289741E-003 -3.359475188688454E-003  1.804479658769711E-003 
 1.804479658769724E-003 -1.804479658769722E-003  1.025115553355040E-002
      </IFC>
    </s_s1_m1_m2_m3.1.1.1.1.2>
    <s_s1_m1_m2_m3.1.1.2.1.2>
      <IFC type="real" size="9" columns="3">
-3.048387350998577E-004  4.783622436098973E-004  4.783622436099015E-004 
 3.561791483346968E-004 -3.893590973521269E-004  4.990098290112233E-004 
 3.561791483347007E-004  4.990098290112233E-004 -3.893590973521230E-004
      </IFC>
    </s_s1_m1_m2_m3.1.1.2.1.2>
    <s_s1_m1_m2_m3.1.1.3.1.2>
      <IFC type="real" size="9" columns="3">
-3.893590973521243E-004  4.990098290112166E-004  3.561791483346966E-004 
 4.990098290112166E-004 -3.893590973521269E-004  3.561791483346948E-004 
 4.783622436098973E-004  4.783622436098955E-004 -3.048387350998586E-004
      </IFC>
    </s_s1_m1_m2_m3.1.1.3.1.2>
    <s_s1_m1_m2_m3.1.1.4.1.2>
      <IFC type="real" size="9" columns="3">
 1.025115553355041E-002 -1.804479658769717E-003  1.804479658769717E-003 
 1.804479658769715E-003 -3.359475188688463E-003  4.059188079289751E-003 
-1.804479658769716E-003  4.059188079289751E-003 -3.359475188688459E-003
      </IFC>
    </s_s1_m1_m2_m3.1.1.4.1.2>
    <s_s1_m1_m2_m3.1.1.1.2.2>
      <IFC type="real" size="9" columns="3">
-3.893590973521235E-004  3.561791483347012E-004 -4.990098290112187E-004 
 4.783622436099019E-004 -3.048387350998473E-004 -4.783622436098972E-004 
-4.990098290112187E-004 -3.561791483346962E-004 -3.893590973521269E-004
      </IFC>
    </s_s1_m1_m2_m3.1.1.1.2.2>
    <s_s1_m1_m2_m3.1.1.2.2.2>
      <IFC type="real" size="9" columns="3">
-2.022910186355890E-005 -1.788933584601082E-018  2.168404344971009E-019 
-1.788933584601082E-018 -2.022910186355847E-005 -8.131516293641283E-020 
 1.626303258728257E-019 -1.897353801849633E-019 -2.022910186356237E-005
      </IFC>
    </s_s1_m1_m2_m3.1.1.2.2.2>
    <s_s1_m1_m2_m3.1.1.3.2.2>
      <IFC type="real" size="9" columns="3">
-3.893590973521226E-004 -3.561791483346936E-004 -4.990098290112177E-004 
-4.783622436098943E-004 -3.048387350998612E-004  4.783622436099009E-004 
-4.990098290112177E-004  3.561791483347002E-004 -3.893590973521243E-004
      </IFC>
    </s_s1_m1_m2_m3.1.1.3.2.2>
    <s_s1_m1_m2_m3.1.1.4.2.2>
      <IFC type="real" size="9" columns="3">
-4.089026760278679E-004 -1.517883041479706E-018 -5.421010862427522E-020 
-1.517883041479706E-018 -4.028497066307811E-004 -2.087089182034596E-018 
 0.000000000000000E+000 -1.978668964786046E-018 -4.089026760278679E-004
      </IFC>
    </s_s1_m1_m2_m3.1.1.4.2.2>
    <s_s1_m1_m2_m3.1.1.1.3.2>
      <IFC type="real" size="9" columns="3">
-3.893590973521252E-004  4.990098290112174E-004 -3.561791483346964E-004 
 4.990098290112174E-004 -3.893590973521321E-004 -3.561791483346974E-004 
-4.783622436098973E-004 -4.783622436098981E-004 -3.048387350998577E-004
      </IFC>
    </s_s1_m1_m2_m3.1.1.1.3.2>
    <s_s1_m1_m2_m3.1.1.2.3.2>
      <IFC type="real" size="9" columns="3">
-3.048387350998651E-004 -4.783622436098995E-004 -4.783622436098977E-004 
-3.561791483346988E-004 -3.893590973521269E-004  4.990098290112179E-004 
-3.561791483346970E-004  4.990098290112181E-004 -3.893590973521230E-004
      </IFC>
    </s_s1_m1_m2_m3.1.1.2.3.2>
    <s_s1_m1_m2_m3.1.1.3.3.2>
      <IFC type="real" size="9" columns="3">
-4.378844868958591E-004 -1.051435012379362E-004 -7.091958657605315E-005 
-1.051435012379362E-004 -4.378844868958617E-004  7.091958657604815E-005 
 7.091958657604351E-005 -7.091958657604848E-005 -3.787309212904483E-004
      </IFC>
    </s_s1_m1_m2_m3.1.1.3.3.2>
    <s_s1_m1_m2_m3.1.1.4.3.2>
      <IFC type="real" size="9" columns="3">
-3.787309212904513E-004 -7.091958657604692E-005  7.091958657604936E-005 
 7.091958657604974E-005 -4.378844868958651E-004 -1.051435012379375E-004 
-7.091958657604735E-005 -1.051435012379376E-004 -4.378844868958612E-004
      </IFC>
    </s_s1_m1_m2_m3.1.1.4.3.2>
    <s_s1_m1_m2_m3.1.1.1.4.2>
      <IFC type="real" size="9" columns="3">
-3.359475188688460E-003  1.804479658769717E-003 -4.059188079289751E-003 
-1.804479658769716E-003  1.025115553355041E-002 -1.804479658769717E-003 
-4.059188079289751E-003  1.804479658769716E-003 -3.359475188688456E-003
      </IFC>
    </s_s1_m1_m2_m3.1.1.1.4.2>
    <s_s1_m1_m2_m3.1.1.2.4.2>
      <IFC type="real" size="9" columns="3">
-4.028497066307815E-004 -1.517883041479706E-018  1.517883041479706E-018 
-1.517883041479706E-018 -4.089026760278674E-004 -8.131516293641283E-020 
 1.463672932855431E-018 -1.897353801849633E-019 -4.089026760278713E-004
      </IFC>
    </s_s1_m1_m2_m3.1.1.2.4.2>
    <s_s1_m1_m2_m3.1.1.3.4.2>
      <IFC type="real" size="9" columns="3">
-4.378844868958573E-004  7.091958657605234E-005  1.051435012379360E-004 
-7.091958657604432E-005 -3.787309212904509E-004 -7.091958657605093E-005 
 1.051435012379360E-004  7.091958657604573E-005 -4.378844868958556E-004
      </IFC>
    </s_s1_m1_m2_m3.1.1.3.4.2>
    <s_s1_m1_m2_m3.1.1.4.4.2>
      <IFC type="real" size="9" columns="3">
-4.089026760278679E-004 -2.656295322589486E-018 -5.421010862427522E-020 
-2.656295322589486E-018 -4.089026760278674E-004 -2.087089182034596E-018 
 0.000000000000000E+000 -1.978668964786046E-018 -4.028497066307884E-004
      </IFC>
    </s_s1_m1_m2_m3.1.1.4.4.2>
    <s_s1_m1_m2_m3.1.1.1.1.3>
      <IFC type="real" size="9" columns="3">
-1.764344302834786E-005  5.555144076728115E-004 -4.391018798566293E-018 
 5.555144076728115E-004 -1.764344302834786E-005 -3.252606517456513E-019 
-4.391018798566293E-018 -3.252606517456513E-019  4.032140814431040E-003
      </IFC>
    </s_s1_m1_m2_m3.1.1.1.1.3>
    <s_s1_m1_m2_m3.1.1.2.1.3>
      <IFC type="real" size="9" columns="3">
-3.893590973521239E-004  3.561791483347001E-004  4.990098290112138E-004 
 4.783622436099006E-004 -3.048387350998586E-004  4.783622436098931E-004 
 4.990098290112138E-004  3.561791483346923E-004 -3.893590973521152E-004
      </IFC>
    </s_s1_m1_m2_m3.1.1.2.1.3>
    <s_s1_m1_m2_m3.1.1.3.1.3>
      <IFC type="real" size="9" columns="3">
 4.032140814431079E-003  2.710505431213761E-019 -1.138412281109780E-018 
 2.710505431213761E-019 -1.764344302837215E-005  5.555144076728159E-004 
-1.138412281109780E-018  5.555144076728159E-004 -1.764344302836954E-005
      </IFC>
    </s_s1_m1_m2_m3.1.1.3.1.3>
    <s_s1_m1_m2_m3.1.1.4.1.3>
      <IFC type="real" size="9" columns="3">
-3.893590973521239E-004  4.783622436099006E-004  4.990098290112138E-004 
 3.561791483347001E-004 -3.048387350998586E-004  3.561791483346923E-004 
 4.990098290112138E-004  4.783622436098931E-004 -3.893590973521152E-004
      </IFC>
    </s_s1_m1_m2_m3.1.1.4.1.3>
    <s_s1_m1_m2_m3.1.1.1.2.3>
      <IFC type="real" size="9" columns="3">
-3.048387350998560E-004  4.783622436098989E-004 -4.783622436098950E-004 
 3.561791483346979E-004 -3.893590973521321E-004 -4.990098290112164E-004 
-3.561791483346940E-004 -4.990098290112164E-004 -3.893590973521304E-004
      </IFC>
    </s_s1_m1_m2_m3.1.1.1.2.3>
    <s_s1_m1_m2_m3.1.1.2.2.3>
      <IFC type="real" size="9" columns="3">
-3.893590973521230E-004 -4.990098290112159E-004 -3.561791483347006E-004 
-4.990098290112159E-004 -3.893590973521269E-004  3.561791483346982E-004 
-4.783622436099013E-004  4.783622436098989E-004 -3.048387350998703E-004
      </IFC>
    </s_s1_m1_m2_m3.1.1.2.2.3>
    <s_s1_m1_m2_m3.1.1.3.2.3>
      <IFC type="real" size="9" columns="3">
-3.787309212904483E-004  7.091958657604779E-005  7.091958657604551E-005 
-7.091958657604887E-005 -4.378844868958617E-004  1.051435012379363E-004 
-7.091958657605115E-005  1.051435012379362E-004 -4.378844868958591E-004
      </IFC>
    </s_s1_m1_m2_m3.1.1.3.2.3>
    <s_s1_m1_m2_m3.1.1.4.2.3>
      <IFC type="real" size="9" columns="3">
-4.378844868958612E-004  1.051435012379403E-004 -7.091958657605034E-005 
 1.051435012379403E-004 -4.378844868958651E-004 -7.091958657604773E-005 
 7.091958657604654E-005  7.091958657604893E-005 -3.787309212904526E-004
      </IFC>
    </s_s1_m1_m2_m3.1.1.4.2.3>
    <s_s1_m1_m2_m3.1.1.1.3.3>
      <IFC type="real" size="9" columns="3">
-1.764344302835480E-005 -6.505213034913027E-019 -5.555144076728161E-004 
-6.505213034913027E-019  4.032140814431068E-003 -2.168404344971009E-019 
-5.555144076728161E-004 -2.168404344971009E-019 -1.764344302836174E-005
      </IFC>
    </s_s1_m1_m2_m3.1.1.1.3.3>
    <s_s1_m1_m2_m3.1.1.2.3.3>
      <IFC type="real" size="9" columns="3">
-4.378844868958552E-004 -7.091958657604367E-005 -1.051435012379392E-004 
 7.091958657605299E-005 -3.787309212904448E-004 -7.091958657604573E-005 
-1.051435012379390E-004  7.091958657605093E-005 -4.378844868958569E-004
      </IFC>
    </s_s1_m1_m2_m3.1.1.2.3.3>
    <s_s1_m1_m2_m3.1.1.3.3.3>
      <IFC type="real" size="9" columns="3">
-1.847593789276562E-006  6.667843360785852E-018  9.215718466126788E-019 
 6.667843360785852E-018 -1.847593789280899E-006 -1.382357769919018E-018 
 9.215718466126788E-019 -1.382357769919018E-018 -1.847593789274828E-006
      </IFC>
    </s_s1_m1_m2_m3.1.1.3.3.3>
    <s_s1_m1_m2_m3.1.1.4.3.3>
      <IFC type="real" size="9" columns="3">
-4.378844868958552E-004  7.091958657605299E-005 -1.051435012379390E-004 
-7.091958657604367E-005 -3.787309212904448E-004  7.091958657605093E-005 
-1.051435012379392E-004 -7.091958657604573E-005 -4.378844868958569E-004
      </IFC>
    </s_s1_m1_m2_m3.1.1.4.3.3>
    <s_s1_m1_m2_m3.1.1.1.4.3>
      <IFC type="real" size="9" columns="3">
-3.048387350998560E-004  3.561791483346979E-004 -3.561791483346940E-004 
 4.783622436098989E-004 -3.893590973521321E-004 -4.990098290112164E-004 
-4.783622436098950E-004 -4.990098290112164E-004 -3.893590973521304E-004
      </IFC>
    </s_s1_m1_m2_m3.1.1.1.4.3>
    <s_s1_m1_m2_m3.1.1.2.4.3>
      <IFC type="real" size="9" columns="3">
-4.378844868958612E-004  1.051435012379403E-004  7.091958657604654E-005 
 1.051435012379403E-004 -4.378844868958651E-004  7.091958657604893E-005 
-7.091958657605034E-005 -7.091958657604773E-005 -3.787309212904526E-004
      </IFC>
    </s_s1_m1_m2_m3.1.1.2.4.3>
    <s_s1_m1_m2_m3.1.1.3.4.3>
      <IFC type="real" size="9" columns="3">
-3.787309212904483E-004 -7.091958657604887E-005 -7.091958657605115E-005 
 7.091958657604779E-005 -4.378844868958617E-004  1.051435012379362E-004 
 7.091958657604551E-005  1.051435012379363E-004 -4.378844868958591E-004
      </IFC>
    </s_s1_m1_m2_m3.1.1.3.4.3>
    <s_s1_m1_m2_m3.1.1.4.4.3>
      <IFC type="real" size="9" columns="3">
-3.893590973521230E-004 -4.990098290112159E-004 -4.783622436099013E-004 
-4.990098290112159E-004 -3.893590973521269E-004  4.783622436098989E-004 
-3.561791483347006E-004  3.561791483346982E-004 -3.048387350998703E-004
      </IFC>
    </s_s1_m1_m2_m3.1.1.4.4.3>
    <s_s1_m1_m2_m3.1.1.1.1.4>
      <IFC type="real" size="9" columns="3">
-3.359475188688454E-003  4.059188079289741E-003  1.804479658769724E-003 
 4.059188079289741E-003 -3.359475188688454E-003 -1.804479658769722E-003 
-1.804479658769709E-003  1.804479658769711E-003  1.025115553355040E-002
      </IFC>
    </s_s1_m1_m2_m3.1.1.1.1.4>
    <s_s1_m1_m2_m3.1.1.2.1.4>
      <IFC type="real" size="9" columns="3">
 1.025115553355041E-002  1.804479658769715E-003 -1.804479658769716E-003 
-1.804479658769717E-003 -3.359475188688463E-003  4.059188079289751E-003 
 1.804479658769717E-003  4.059188079289751E-003 -3.359475188688459E-003
      </IFC>
    </s_s1_m1_m2_m3.1.1.2.1.4>
    <s_s1_m1_m2_m3.1.1.3.1.4>
      <IFC type="real" size="9" columns="3">
-3.893590973521243E-004  4.990098290112166E-004  4.783622436098973E-004 
 4.990098290112166E-004 -3.893590973521269E-004  4.783622436098955E-004 
 3.561791483346966E-004  3.561791483346948E-004 -3.048387350998586E-004
      </IFC>
    </s_s1_m1_m2_m3.1.1.3.1.4>
    <s_s1_m1_m2_m3.1.1.4.1.4>
      <IFC type="real" size="9" columns="3">
-3.048387350998577E-004  3.561791483346968E-004  3.561791483347007E-004 
 4.783622436098973E-004 -3.893590973521269E-004  4.990098290112233E-004 
 4.783622436099015E-004  4.990098290112233E-004 -3.893590973521230E-004
      </IFC>
    </s_s1_m1_m2_m3.1.1.4.1.4>
    <s_s1_m1_m2_m3.1.1.1.2.4>
      <IFC type="real" size="9" columns="3">
-3.359475188688460E-003 -1.804479658769716E-003 -4.059188079289751E-003 
 1.804479658769717E-003  1.025115553355041E-002  1.804479658769716E-003 
-4.059188079289751E-003 -1.804479658769717E-003 -3.359475188688456E-003
      </IFC>
    </s_s1_m1_m2_m3.1.1.1.2.4>
    <s_s1_m1_m2_m3.1.1.2.2.4>
      <IFC type="real" size="9" columns="3">
-4.089026760278679E-004 -2.656295322589486E-018  0.000000000000000E+000 
-2.656295322589486E-018 -4.089026760278674E-004 -1.978668964786046E-018 
-5.421010862427522E-020 -2.087089182034596E-018 -4.028497066307884E-004
      </IFC>
    </s_s1_m1_m2_m3.1.1.2.2.4>
    <s_s1_m1_m2_m3.1.1.3.2.4>
      <IFC type="real" size="9" columns="3">
-4.378844868958573E-004 -7.091958657604432E-005  1.051435012379360E-004 
 7.091958657605234E-005 -3.787309212904509E-004  7.091958657604573E-005 
 1.051435012379360E-004 -7.091958657605093E-005 -4.378844868958556E-004
      </IFC>
    </s_s1_m1_m2_m3.1.1.3.2.4>
    <s_s1_m1_m2_m3.1.1.4.2.4>
      <IFC type="real" size="9" columns="3">
-4.028497066307815E-004 -1.517883041479706E-018  1.463672932855431E-018 
-1.517883041479706E-018 -4.089026760278674E-004 -1.897353801849633E-019 
 1.517883041479706E-018 -8.131516293641283E-020 -4.089026760278713E-004
      </IFC>
    </s_s1_m1_m2_m3.1.1.4.2.4>
    <s_s1_m1_m2_m3.1.1.1.3.4>
      <IFC type="real" size="9" columns="3">
-3.893590973521252E-004  4.990098290112174E-004 -4.783622436098973E-004 
 4.990098290112174E-004 -3.893590973521321E-004 -4.783622436098981E-004 
-3.561791483346964E-004 -3.561791483346974E-004 -3.048387350998577E-004
      </IFC>
    </s_s1_m1_m2_m3.1.1.1.3.4>
    <s_s1_m1_m2_m3.1.1.2.3.4>
      <IFC type="real" size="9" columns="3">
-3.787309212904513E-004  7.091958657604974E-005 -7.091958657604735E-005 
-7.091958657604692E-005 -4.378844868958651E-004 -1.051435012379376E-004 
 7.091958657604936E-005 -1.051435012379375E-004 -4.378844868958612E-004
      </IFC>
    </s_s1_m1_m2_m3.1.1.2.3.4>
    <s_s1_m1_m2_m3.1.1.3.3.4>
      <IFC type="real" size="9" columns="3">
-4.378844868958591E-004 -1.051435012379362E-004  7.091958657604351E-005 
-1.051435012379362E-004 -4.378844868958617E-004 -7.091958657604848E-005 
-7.091958657605315E-005  7.091958657604815E-005 -3.787309212904483E-004
      </IFC>
    </s_s1_m1_m2_m3.1.1.3.3.4>
    <s_s1_m1_m2_m3.1.1.4.3.4>
      <IFC type="real" size="9" columns="3">
-3.048387350998651E-004 -3.561791483346988E-004 -3.561791483346970E-004 
-4.783622436098995E-004 -3.893590973521269E-004  4.990098290112181E-004 
-4.783622436098977E-004  4.990098290112179E-004 -3.893590973521230E-004
      </IFC>
    </s_s1_m1_m2_m3.1.1.4.3.4>
    <s_s1_m1_m2_m3.1.1.1.4.4>
      <IFC type="real" size="9" columns="3">
-3.893590973521235E-004  4.783622436099019E-004 -4.990098290112187E-004 
 3.561791483347012E-004 -3.048387350998473E-004 -3.561791483346962E-004 
-4.990098290112187E-004 -4.783622436098972E-004 -3.893590973521269E-004
      </IFC>
    </s_s1_m1_m2_m3.1.1.1.4.4>
    <s_s1_m1_m2_m3.1.1.2.4.4>
      <IFC type="real" size="9" columns="3">
-4.089026760278679E-004 -1.517883041479706E-018  0.000000000000000E+000 
-1.517883041479706E-018 -4.028497066307811E-004 -1.978668964786046E-018 
-5.421010862427522E-020 -2.087089182034596E-018 -4.089026760278679E-004
      </IFC>
    </s_s1_m1_m2_m3.1.1.2.4.4>
    <s_s1_m1_m2_m3.1.1.3.4.4>
      <IFC type="real" size="9" columns="3">
-3.893590973521226E-004 -4.783622436098943E-004 -4.990098290112177E-004 
-3.561791483346936E-004 -3.048387350998612E-004  3.561791483347002E-004 
-4.990098290112177E-004  4.783622436099009E-004 -3.893590973521243E-004
      </IFC>
    </s_s1_m1_m2_m3.1.1.3.4.4>
    <s_s1_m1_m2_m3.1.1.4.4.4>
      <IFC type="real" size="9" columns="3">
-2.022910186355890E-005 -1.788933584601082E-018  1.626303258728257E-019 
-1.788933584601082E-018 -2.022910186355847E-005 -1.897353801849633E-019 
 2.168404344971009E-019 -8.131516293641283E-020 -2.022910186356237E-005
      </IFC>
    </s_s1_m1_m2_m3.1.1.4.4.4>
    <s_s1_m1_m2_m3.1.2.1.1.1>
      <IFC type="real" size="9" columns="3">
-6.530091647810582E-002 -3.906139015790900E-002 -3.906139015790900E-002 
-3.906139015790900E-002 -6.530091647810582E-002 -3.906139015790899E-002 
-3.906139015790900E-002 -3.906139015790899E-002 -6.530091647810582E-002
      </IFC>
    </s_s1_m1_m2_m3.1.2.1.1.1>
    <s_s1_m1_m2_m3.1.2.2.1.1>
      <IFC type="real" size="9" columns="3">
 3.946912532032829E-004  7.970405008865728E-004 -7.970405008865697E-004 
 7.970405008865724E-004  4.295757593616999E-004  4.463025180948447E-004 
-7.970405008865695E-004  4.463025180948444E-004  4.295757593616953E-004
      </IFC>
    </s_s1_m1_m2_m3.1.2.2.1.1>
    <s_s1_m1_m2_m3.1.2.3.1.1>
      <IFC type="real" size="9" columns="3">
 3.340762849007270E-005  3.372470121000118E-004 -1.893327341144036E-005 
 3.372470121000126E-004 -2.063825467939743E-005  3.372470121000052E-004 
-1.893327341144057E-005  3.372470121000036E-004  3.340762849008338E-005
      </IFC>
    </s_s1_m1_m2_m3.1.2.3.1.1>
    <s_s1_m1_m2_m3.1.2.4.1.1>
      <IFC type="real" size="9" columns="3">
 4.295757593616934E-004  4.463025180948361E-004 -7.970405008865747E-004 
 4.463025180948352E-004  4.295757593616949E-004  7.970405008865671E-004 
-7.970405008865742E-004  7.970405008865668E-004  3.946912532032789E-004
      </IFC>
    </s_s1_m1_m2_m3.1.2.4.1.1>
    <s_s1_m1_m2_m3.1.2.1.2.1>
      <IFC type="real" size="9" columns="3">
-6.530091647810582E-002  3.906139015790900E-002  3.906139015790899E-002 
 3.906139015790899E-002 -6.530091647810582E-002 -3.906139015790900E-002 
 3.906139015790899E-002 -3.906139015790900E-002 -6.530091647810582E-002
      </IFC>
    </s_s1_m1_m2_m3.1.2.1.2.1>
    <s_s1_m1_m2_m3.1.2.2.2.1>
      <IFC type="real" size="9" columns="3">
-4.219103483415964E-004 -1.065468567778865E-003  4.538486684513693E-004 
-1.065468567778864E-003 -4.030060232869542E-003  1.065468567778850E-003 
 4.538486684513702E-004  1.065468567778850E-003 -4.219103483415918E-004
      </IFC>
    </s_s1_m1_m2_m3.1.2.2.2.1>
    <s_s1_m1_m2_m3.1.2.3.2.1>
      <IFC type="real" size="9" columns="3">
-4.219103483415995E-004  1.065468567778843E-003  4.538486684513727E-004 
 1.065468567778843E-003 -4.030060232869540E-003 -1.065468567778855E-003 
 4.538486684513730E-004 -1.065468567778856E-003 -4.219103483416005E-004
      </IFC>
    </s_s1_m1_m2_m3.1.2.3.2.1>
    <s_s1_m1_m2_m3.1.2.4.2.1>
      <IFC type="real" size="9" columns="3">
-6.530091647810583E-002 -3.906139015790899E-002  3.906139015790899E-002 
-3.906139015790900E-002 -6.530091647810582E-002  3.906139015790899E-002 
 3.906139015790899E-002  3.906139015790899E-002 -6.530091647810583E-002
      </IFC>
    </s_s1_m1_m2_m3.1.2.4.2.1>
    <s_s1_m1_m2_m3.1.2.1.3.1>
      <IFC type="real" size="9" columns="3">
-4.030060232869555E-003 -1.065468567778853E-003 -1.065468567778849E-003 
-1.065468567778853E-003 -4.219103483416161E-004 -4.538486684513669E-004 
-1.065468567778850E-003 -4.538486684513661E-004 -4.219103483416066E-004
      </IFC>
    </s_s1_m1_m2_m3.1.2.1.3.1>
    <s_s1_m1_m2_m3.1.2.2.3.1>
      <IFC type="real" size="9" columns="3">
 6.742908444063927E-004  8.207203129571082E-004 -8.207203129570892E-004 
 8.207203129571078E-004  6.742908444063897E-004  8.207203129571022E-004 
-8.207203129570890E-004  8.207203129571021E-004  6.742908444063925E-004
      </IFC>
    </s_s1_m1_m2_m3.1.2.2.3.1>
    <s_s1_m1_m2_m3.1.2.3.3.1>
      <IFC type="real" size="9" columns="3">
-4.219103483416142E-004 -4.538486684513657E-004 -1.065468567778851E-003 
-4.538486684513667E-004 -4.219103483416111E-004 -1.065468567778847E-003 
-1.065468567778851E-003 -1.065468567778848E-003 -4.030060232869561E-003
      </IFC>
    </s_s1_m1_m2_m3.1.2.3.3.1>
    <s_s1_m1_m2_m3.1.2.4.3.1>
      <IFC type="real" size="9" columns="3">
 4.295757593616806E-004  7.970405008865516E-004 -4.463025180948347E-004 
 7.970405008865507E-004  3.946912532032612E-004  7.970405008865534E-004 
-4.463025180948343E-004  7.970405008865529E-004  4.295757593616789E-004
      </IFC>
    </s_s1_m1_m2_m3.1.2.4.3.1>
    <s_s1_m1_m2_m3.1.2.1.4.1>
      <IFC type="real" size="9" columns="3">
-4.030060232869525E-003  1.065468567778859E-003  1.065468567778849E-003 
 1.065468567778859E-003 -4.219103483415837E-004 -4.538486684513727E-004 
 1.065468567778848E-003 -4.538486684513744E-004 -4.219103483415887E-004
      </IFC>
    </s_s1_m1_m2_m3.1.2.1.4.1>
    <s_s1_m1_m2_m3.1.2.2.4.1>
      <IFC type="real" size="9" columns="3">
-4.219103483415877E-004 -4.538486684513763E-004  1.065468567778847E-003 
-4.538486684513778E-004 -4.219103483415921E-004  1.065468567778858E-003 
 1.065468567778847E-003  1.065468567778856E-003 -4.030060232869541E-003
      </IFC>
    </s_s1_m1_m2_m3.1.2.2.4.1>
    <s_s1_m1_m2_m3.1.2.3.4.1>
      <IFC type="real" size="9" columns="3">
 3.340762849006945E-005  1.893327341142160E-005 -3.372470120999949E-004 
 1.893327341142149E-005  3.340762849007113E-005  3.372470121000083E-004 
-3.372470120999956E-004  3.372470121000062E-004 -2.063825467939917E-005
      </IFC>
    </s_s1_m1_m2_m3.1.2.3.4.1>
    <s_s1_m1_m2_m3.1.2.4.4.1>
      <IFC type="real" size="9" columns="3">
-2.063825467940421E-005  3.372470121000169E-004 -3.372470120999926E-004 
 3.372470121000169E-004  3.340762849006647E-005  1.893327341142767E-005 
-3.372470120999935E-004  1.893327341142680E-005  3.340762849007341E-005
      </IFC>
    </s_s1_m1_m2_m3.1.2.4.4.1>
    <s_s1_m1_m2_m3.1.2.1.1.2>
      <IFC type="real" size="9" columns="3">
 3.946912532032808E-004 -7.970405008865737E-004  7.970405008865668E-004 
-7.970405008865737E-004  4.295757593616905E-004  4.463025180948487E-004 
 7.970405008865646E-004  4.463025180948470E-004  4.295757593616948E-004
      </IFC>
    </s_s1_m1_m2_m3.1.2.1.1.2>
    <s_s1_m1_m2_m3.1.2.2.1.2>
      <IFC type="real" size="9" columns="3">
 3.153803859893862E-004 -1.435565209734603E-004 -1.435565209734542E-004 
-1.435565209734587E-004  3.608141256197583E-004  1.093761733321823E-004 
-1.435565209734545E-004  1.093761733321815E-004  3.608141256197631E-004
      </IFC>
    </s_s1_m1_m2_m3.1.2.2.1.2>
    <s_s1_m1_m2_m3.1.2.3.1.2>
      <IFC type="real" size="9" columns="3">
 3.608141256197656E-004  1.093761733321858E-004 -1.435565209734575E-004 
 1.093761733321867E-004  3.608141256197614E-004 -1.435565209734618E-004 
-1.435565209734579E-004 -1.435565209734625E-004  3.153803859893885E-004
      </IFC>
    </s_s1_m1_m2_m3.1.2.3.1.2>
    <s_s1_m1_m2_m3.1.2.4.1.2>
      <IFC type="real" size="9" columns="3">
 4.295757593616958E-004  4.463025180948418E-004  7.970405008865587E-004 
 4.463025180948412E-004  4.295757593616920E-004 -7.970405008865657E-004 
 7.970405008865590E-004 -7.970405008865672E-004  3.946912532032798E-004
      </IFC>
    </s_s1_m1_m2_m3.1.2.4.1.2>
    <s_s1_m1_m2_m3.1.2.1.2.2>
      <IFC type="real" size="9" columns="3">
-4.219103483415962E-004  4.538486684513704E-004 -1.065468567778862E-003 
 4.538486684513739E-004 -4.219103483415892E-004  1.065468567778845E-003 
-1.065468567778862E-003  1.065468567778845E-003 -4.030060232869538E-003
      </IFC>
    </s_s1_m1_m2_m3.1.2.1.2.2>
    <s_s1_m1_m2_m3.1.2.2.2.2>
      <IFC type="real" size="9" columns="3">
 6.742908444064125E-004 -8.207203129571030E-004 -8.207203129571076E-004 
-8.207203129571024E-004  6.742908444064119E-004 -8.207203129571088E-004 
-8.207203129571068E-004 -8.207203129571078E-004  6.742908444064171E-004
      </IFC>
    </s_s1_m1_m2_m3.1.2.2.2.2>
    <s_s1_m1_m2_m3.1.2.3.2.2>
      <IFC type="real" size="9" columns="3">
-4.030060232869537E-003  1.065468567778845E-003 -1.065468567778863E-003 
 1.065468567778845E-003 -4.219103483415889E-004  4.538486684513738E-004 
-1.065468567778863E-003  4.538486684513738E-004 -4.219103483415950E-004
      </IFC>
    </s_s1_m1_m2_m3.1.2.3.2.2>
    <s_s1_m1_m2_m3.1.2.4.2.2>
      <IFC type="real" size="9" columns="3">
 4.295757593616895E-004 -7.970405008865537E-004 -4.463025180948434E-004 
-7.970405008865521E-004  3.946912532032739E-004 -7.970405008865559E-004 
-4.463025180948436E-004 -7.970405008865564E-004  4.295757593616868E-004
      </IFC>
    </s_s1_m1_m2_m3.1.2.4.2.2>
    <s_s1_m1_m2_m3.1.2.1.3.2>
      <IFC type="real" size="9" columns="3">
 6.742908444063891E-004 -8.207203129570934E-004  8.207203129571021E-004 
-8.207203129570926E-004  6.742908444063904E-004  8.207203129571021E-004 
 8.207203129571017E-004  8.207203129571012E-004  6.742908444063913E-004
      </IFC>
    </s_s1_m1_m2_m3.1.2.1.3.2>
    <s_s1_m1_m2_m3.1.2.2.3.2>
      <IFC type="real" size="9" columns="3">
 6.742908444063831E-004  8.207203129570971E-004  8.207203129570980E-004 
 8.207203129570966E-004  6.742908444063852E-004 -8.207203129570893E-004 
 8.207203129570982E-004 -8.207203129570900E-004  6.742908444063805E-004
      </IFC>
    </s_s1_m1_m2_m3.1.2.2.3.2>
    <s_s1_m1_m2_m3.1.2.3.3.2>
      <IFC type="real" size="9" columns="3">
 3.608141256197777E-004  1.435565209734783E-004 -1.093761733321720E-004 
 1.435565209734792E-004  3.153803859893987E-004 -1.435565209734727E-004 
-1.093761733321720E-004 -1.435565209734733E-004  3.608141256197751E-004
      </IFC>
    </s_s1_m1_m2_m3.1.2.3.3.2>
    <s_s1_m1_m2_m3.1.2.4.3.2>
      <IFC type="real" size="9" columns="3">
 3.608141256197746E-004 -1.435565209734770E-004 -1.093761733321726E-004 
-1.435565209734750E-004  3.153803859893977E-004  1.435565209734701E-004 
-1.093761733321715E-004  1.435565209734684E-004  3.608141256197769E-004
      </IFC>
    </s_s1_m1_m2_m3.1.2.4.3.2>
    <s_s1_m1_m2_m3.1.2.1.4.2>
      <IFC type="real" size="9" columns="3">
-4.219103483415842E-004  1.065468567778855E-003 -4.538486684513729E-004 
 1.065468567778855E-003 -4.030060232869536E-003  1.065468567778857E-003 
-4.538486684513736E-004  1.065468567778856E-003 -4.219103483415941E-004
      </IFC>
    </s_s1_m1_m2_m3.1.2.1.4.2>
    <s_s1_m1_m2_m3.1.2.2.4.2>
      <IFC type="real" size="9" columns="3">
 3.153803859893977E-004  1.435565209734662E-004  1.435565209734604E-004 
 1.435565209734667E-004  3.608141256197766E-004  1.093761733321739E-004 
 1.435565209734604E-004  1.093761733321733E-004  3.608141256197722E-004
      </IFC>
    </s_s1_m1_m2_m3.1.2.2.4.2>
    <s_s1_m1_m2_m3.1.2.3.4.2>
      <IFC type="real" size="9" columns="3">
 5.654683099091455E-004 -1.746795551274739E-004  1.746795551274571E-004 
-1.746795551274722E-004  5.654683099091470E-004 -1.746795551274631E-004 
 1.746795551274565E-004 -1.746795551274644E-004  5.654683099091496E-004
      </IFC>
    </s_s1_m1_m2_m3.1.2.3.4.2>
    <s_s1_m1_m2_m3.1.2.4.4.2>
      <IFC type="real" size="9" columns="3">
 3.608141256197703E-004  1.093761733321811E-004  1.435565209734626E-004 
 1.093761733321818E-004  3.608141256197699E-004  1.435565209734658E-004 
 1.435565209734624E-004  1.435565209734644E-004  3.153803859893910E-004
      </IFC>
    </s_s1_m1_m2_m3.1.2.4.4.2>
    <s_s1_m1_m2_m3.1.2.1.1.3>
      <IFC type="real" size="9" columns="3">
 3.340762849007167E-005 -1.893327341143808E-005  3.372470121000073E-004 
-1.893327341143808E-005  3.340762849007861E-005  3.372470121000073E-004 
 3.372470121000073E-004  3.372470121000004E-004 -2.063825467940594E-005
      </IFC>
    </s_s1_m1_m2_m3.1.2.1.1.3>
    <s_s1_m1_m2_m3.1.2.2.1.3>
      <IFC type="real" size="9" columns="3">
 3.608141256197694E-004 -1.435565209734601E-004  1.093761733321823E-004 
-1.435565209734605E-004  3.153803859893880E-004 -1.435565209734606E-004 
 1.093761733321825E-004 -1.435565209734610E-004  3.608141256197661E-004
      </IFC>
    </s_s1_m1_m2_m3.1.2.2.1.3>
    <s_s1_m1_m2_m3.1.2.3.1.3>
      <IFC type="real" size="9" columns="3">
-2.063825467938919E-005  3.372470121000055E-004  3.372470121000070E-004 
 3.372470121000047E-004  3.340762849007747E-005 -1.893327341143596E-005 
 3.372470121000068E-004 -1.893327341143564E-005  3.340762849008165E-005
      </IFC>
    </s_s1_m1_m2_m3.1.2.3.1.3>
    <s_s1_m1_m2_m3.1.2.4.1.3>
      <IFC type="real" size="9" columns="3">
 2.942001604071220E-004 -1.421912280784986E-004  1.421912280784853E-004 
-1.421912280784995E-004  2.942001604071184E-004 -1.421912280785009E-004 
 1.421912280784857E-004 -1.421912280785012E-004  2.942001604071225E-004
      </IFC>
    </s_s1_m1_m2_m3.1.2.4.1.3>
    <s_s1_m1_m2_m3.1.2.1.2.3>
      <IFC type="real" size="9" columns="3">
-4.219103483416031E-004  4.538486684513773E-004  1.065468567778841E-003 
 4.538486684513739E-004 -4.219103483415962E-004 -1.065468567778859E-003 
 1.065468567778841E-003 -1.065468567778859E-003 -4.030060232869538E-003
      </IFC>
    </s_s1_m1_m2_m3.1.2.1.2.3>
    <s_s1_m1_m2_m3.1.2.2.2.3>
      <IFC type="real" size="9" columns="3">
-4.030060232869536E-003 -1.065468567778858E-003  1.065468567778847E-003 
-1.065468567778859E-003 -4.219103483415923E-004  4.538486684513745E-004 
 1.065468567778847E-003  4.538486684513743E-004 -4.219103483415858E-004
      </IFC>
    </s_s1_m1_m2_m3.1.2.2.2.3>
    <s_s1_m1_m2_m3.1.2.3.2.3>
      <IFC type="real" size="9" columns="3">
-2.063825467940849E-005 -3.372470121000021E-004 -3.372470121000033E-004 
-3.372470121000020E-004  3.340762849005823E-005 -1.893327341142127E-005 
-3.372470121000034E-004 -1.893327341142041E-005  3.340762849005275E-005
      </IFC>
    </s_s1_m1_m2_m3.1.2.3.2.3>
    <s_s1_m1_m2_m3.1.2.4.2.3>
      <IFC type="real" size="9" columns="3">
 3.340762849006473E-005 -1.893327341142073E-005 -3.372470121000004E-004 
-1.893327341142420E-005  3.340762849005779E-005 -3.372470121000004E-004 
-3.372470121000004E-004 -3.372470121000004E-004 -2.063825467941982E-005
      </IFC>
    </s_s1_m1_m2_m3.1.2.4.2.3>
    <s_s1_m1_m2_m3.1.2.1.3.3>
      <IFC type="real" size="9" columns="3">
-4.219103483416101E-004 -1.065468567778851E-003 -4.538486684513695E-004 
-1.065468567778853E-003 -4.030060232869553E-003 -1.065468567778848E-003 
-4.538486684513704E-004 -1.065468567778851E-003 -4.219103483416066E-004
      </IFC>
    </s_s1_m1_m2_m3.1.2.1.3.3>
    <s_s1_m1_m2_m3.1.2.2.3.3>
      <IFC type="real" size="9" columns="3">
 3.608141256197761E-004 -1.093761733321806E-004  1.435565209734719E-004 
-1.093761733321811E-004  3.608141256197765E-004 -1.435565209734739E-004 
 1.435565209734721E-004 -1.435565209734740E-004  3.153803859893967E-004
      </IFC>
    </s_s1_m1_m2_m3.1.2.2.3.3>
    <s_s1_m1_m2_m3.1.2.3.3.3>
      <IFC type="real" size="9" columns="3">
 5.654683099091588E-004  1.746795551274607E-004  1.746795551274648E-004 
 1.746795551274616E-004  5.654683099091541E-004  1.746795551274562E-004 
 1.746795551274646E-004  1.746795551274564E-004  5.654683099091513E-004
      </IFC>
    </s_s1_m1_m2_m3.1.2.3.3.3>
    <s_s1_m1_m2_m3.1.2.4.3.3>
      <IFC type="real" size="9" columns="3">
 3.153803859894034E-004 -1.435565209734766E-004  1.435565209734752E-004 
-1.435565209734774E-004  3.608141256197841E-004 -1.093761733321792E-004 
 1.435565209734756E-004 -1.093761733321798E-004  3.608141256197817E-004
      </IFC>
    </s_s1_m1_m2_m3.1.2.4.3.3>
    <s_s1_m1_m2_m3.1.2.1.4.3>
      <IFC type="real" size="9" columns="3">
 3.340762849007601E-005 -3.372470120999978E-004  1.893327341142865E-005 
-3.372470120999987E-004 -2.063825467940041E-005  3.372470121000137E-004 
 1.893327341142875E-005  3.372470121000120E-004  3.340762849006701E-005
      </IFC>
    </s_s1_m1_m2_m3.1.2.1.4.3>
    <s_s1_m1_m2_m3.1.2.2.4.3>
      <IFC type="real" size="9" columns="3">
 5.654683099091467E-004  1.746795551274599E-004 -1.746795551274634E-004 
 1.746795551274606E-004  5.654683099091480E-004 -1.746795551274638E-004 
-1.746795551274634E-004 -1.746795551274658E-004  5.654683099091430E-004
      </IFC>
    </s_s1_m1_m2_m3.1.2.2.4.3>
    <s_s1_m1_m2_m3.1.2.3.4.3>
