<?xml version="1.0"?>
<?iotk version="1.2.0"?>
<?iotk file_version="1.0"?>
<?iotk binary="F"?>
<?iotk qe_syntax="F"?>
<Root>
  <GEOMETRY_INFO>
    <NUMBER_OF_TYPES type="integer" size="1">
         1
    </NUMBER_OF_TYPES>
    <NUMBER_OF_ATOMS type="integer" size="1">
         2
    </NUMBER_OF_ATOMS>
    <BRAVAIS_LATTICE_INDEX type="integer" size="1">
         0
    </BRAVAIS_LATTICE_INDEX>
    <SPIN_COMPONENTS type="integer" size="1">
         1
    </SPIN_COMPONENTS>
    <CELL_DIMENSIONS type="real" size="6">
 1.025000000000000E+001
 0.000000000000000E+000
 0.000000000000000E+000
 0.000000000000000E+000
 0.000000000000000E+000
 0.000000000000000E+000
    </CELL_DIMENSIONS>
    <AT type="real" size="9" columns="3">
-5.000000000000000E-001  0.000000000000000E+000  5.000000000000000E-001 
 0.000000000000000E+000  5.000000000000000E-001  5.000000000000000E-001 
-5.000000000000000E-001  5.000000000000000E-001  0.000000000000000E+000
    </AT>
    <BG type="real" size="9" columns="3">
-1.000000000000000E+000 -1.000000000000000E+000  1.000000000000000E+000 
 1.000000000000000E+000  1.000000000000000E+000  1.000000000000000E+000 
-1.000000000000000E+000  1.000000000000000E+000 -1.000000000000000E+000
    </BG>
    <UNIT_CELL_VOLUME_AU type="real" size="1">
 2.692226562500000E+002
    </UNIT_CELL_VOLUME_AU>
    <TYPE_NAME.1 type="character" size="1" len="3">
Si 
    </TYPE_NAME.1>
    <MASS.1 type="real" size="1">
 2.808600000000000E+001
    </MASS.1>
    <ATOM.1 SPECIES="Si " INDEX="1" TAU="0.000000000000000E+000 0.000000000000000E+000 0.000000000000000E+000"/>
    <ATOM.2 SPECIES="Si " INDEX="1" TAU="2.500000000000000E-001 2.500000000000000E-001 2.500000000000000E-001"/>
    <NUMBER_OF_Q type="integer" size="1">
         6
    </NUMBER_OF_Q>
  </GEOMETRY_INFO>
  <DIELECTRIC_PROPERTIES>
    <EPSILON type="real" size="9" columns="3">
 2.284020736061743E+001  1.065814103640150E-014  3.552713678800501E-015 
 1.243449787580175E-014  2.284020736061743E+001 -1.776356839400250E-015 
 5.329070518200751E-015  1.776356839400250E-015  2.284020736061743E+001
    </EPSILON>
    <ZSTAR>
      <Z_AT_.1 type="real" size="9" columns="3">
-8.881784197001252E-016 -1.332267629550188E-015  4.440892098500624E-016 
-8.881784197001252E-016 -4.440892098500626E-016  4.440892098500628E-016 
 2.220446049250317E-016  6.661338147750939E-016 -8.881784197001252E-016
      </Z_AT_.1>
      <Z_AT_.2 type="real" size="9" columns="3">
 1.110223024625157E-015  1.332267629550188E-015 -4.440892098500626E-016 
 8.881784197001252E-016  6.661338147750939E-016 -4.440892098500626E-016 
-2.220446049250313E-016 -6.661338147750939E-016  1.110223024625157E-015
      </Z_AT_.2>
    </ZSTAR>
  </DIELECTRIC_PROPERTIES>
  <INTERATOMIC_FORCE_CONSTANTS>
    <MESH_NQ1_NQ2_NQ3 type="integer" size="3" columns="3">
         4          4          4
    </MESH_NQ1_NQ2_NQ3>
    <s_s1_m1_m2_m3.1.1.1.1.1>
      <IFC type="real" size="9" columns="3">
 2.681627126809584E-001 -5.963111948670274E-018 -2.656295322589486E-018 
-5.963111948670274E-018  2.681627126809584E-001  2.168404344971009E-018 
-2.656295322589486E-018  2.168404344971009E-018  2.681627126809584E-001
      </IFC>
    </s_s1_m1_m2_m3.1.1.1.1.1>
    <s_s1_m1_m2_m3.1.1.2.1.1>
      <IFC type="real" size="9" columns="3">
-3.488691605625789E-003 -1.820703845869609E-003  4.193699830930474E-003 
 1.820703845869609E-003  1.037109007821989E-002 -1.820703845869611E-003 
 4.193699830930474E-003  1.820703845869606E-003 -3.488691605625786E-003
      </IFC>
    </s_s1_m1_m2_m3.1.1.2.1.1>
    <s_s1_m1_m2_m3.1.1.3.1.1>
      <IFC type="real" size="9" columns="3">
-2.150187543428772E-005 -1.138412281109780E-018  5.585110664912999E-004 
-1.138412281109780E-018  4.052937254597107E-003 -6.505213034913027E-019 
 5.585110664912999E-004 -6.505213034913027E-019 -2.150187543429292E-005
      </IFC>
    </s_s1_m1_m2_m3.1.1.3.1.1>
    <s_s1_m1_m2_m3.1.1.4.1.1>
      <IFC type="real" size="9" columns="3">
-3.488691605625789E-003  1.820703845869609E-003  4.193699830930474E-003 
-1.820703845869609E-003  1.037109007821989E-002  1.820703845869606E-003 
 4.193699830930474E-003 -1.820703845869611E-003 -3.488691605625786E-003
      </IFC>
    </s_s1_m1_m2_m3.1.1.4.1.1>
    <s_s1_m1_m2_m3.1.1.1.2.1>
      <IFC type="real" size="9" columns="3">
 1.037109007821989E-002  1.820703845869604E-003  1.820703845869611E-003 
-1.820703845869613E-003 -3.488691605625791E-003 -4.193699830930472E-003 
-1.820703845869606E-003 -4.193699830930472E-003 -3.488691605625795E-003
      </IFC>
    </s_s1_m1_m2_m3.1.1.1.2.1>
    <s_s1_m1_m2_m3.1.1.2.2.1>
      <IFC type="real" size="9" columns="3">
-3.988438864997732E-004 -4.884562735472486E-004  3.558996177896223E-004 
-4.884562735472486E-004 -3.988438864997680E-004 -3.558996177896233E-004 
 4.796625105910633E-004 -4.796625105910643E-004 -3.117856535900100E-004
      </IFC>
    </s_s1_m1_m2_m3.1.1.2.2.1>
    <s_s1_m1_m2_m3.1.1.3.2.1>
      <IFC type="real" size="9" columns="3">
-3.117856535900139E-004 -4.796625105910657E-004  4.796625105910646E-004 
-3.558996177896246E-004 -3.988438864997793E-004 -4.884562735472521E-004 
 3.558996177896234E-004 -4.884562735472522E-004 -3.988438864997688E-004
      </IFC>
    </s_s1_m1_m2_m3.1.1.3.2.1>
    <s_s1_m1_m2_m3.1.1.4.2.1>
      <IFC type="real" size="9" columns="3">
-3.488691605625785E-003 -4.193699830930474E-003 -1.820703845869610E-003 
-4.193699830930474E-003 -3.488691605625787E-003 -1.820703845869606E-003 
 1.820703845869607E-003  1.820703845869611E-003  1.037109007821990E-002
      </IFC>
    </s_s1_m1_m2_m3.1.1.4.2.1>
    <s_s1_m1_m2_m3.1.1.1.3.1>
      <IFC type="real" size="9" columns="3">
 4.052937254597128E-003 -3.306816626080789E-018 -4.336808689942018E-019 
-3.306816626080789E-018 -2.150187543428772E-005 -5.585110664912960E-004 
-4.336808689942018E-019 -5.585110664912960E-004 -2.150187543430160E-005
      </IFC>
    </s_s1_m1_m2_m3.1.1.1.3.1>
    <s_s1_m1_m2_m3.1.1.2.3.1>
      <IFC type="real" size="9" columns="3">
-3.988438864997697E-004 -3.558996177896218E-004  4.884562735472515E-004 
-4.796625105910628E-004 -3.117856535900096E-004 -4.796625105910652E-004 
 4.884562735472514E-004 -3.558996177896242E-004 -3.988438864997667E-004
      </IFC>
    </s_s1_m1_m2_m3.1.1.2.3.1>
    <s_s1_m1_m2_m3.1.1.3.3.1>
      <IFC type="real" size="9" columns="3">
-2.150187543429466E-005 -5.585110664913021E-004 -3.089976191583688E-018 
-5.585110664913021E-004 -2.150187543429813E-005 -1.192622389734055E-018 
-3.089976191583688E-018 -1.192622389734055E-018  4.052937254597115E-003
      </IFC>
    </s_s1_m1_m2_m3.1.1.3.3.1>
    <s_s1_m1_m2_m3.1.1.4.3.1>
      <IFC type="real" size="9" columns="3">
-3.988438864997697E-004 -4.796625105910628E-004  4.884562735472514E-004 
-3.558996177896218E-004 -3.117856535900096E-004 -3.558996177896242E-004 
 4.884562735472515E-004 -4.796625105910652E-004 -3.988438864997667E-004
      </IFC>
    </s_s1_m1_m2_m3.1.1.4.3.1>
    <s_s1_m1_m2_m3.1.1.1.4.1>
      <IFC type="real" size="9" columns="3">
 1.037109007821989E-002 -1.820703845869613E-003 -1.820703845869606E-003 
 1.820703845869604E-003 -3.488691605625791E-003 -4.193699830930472E-003 
 1.820703845869611E-003 -4.193699830930472E-003 -3.488691605625795E-003
      </IFC>
    </s_s1_m1_m2_m3.1.1.1.4.1>
    <s_s1_m1_m2_m3.1.1.2.4.1>
      <IFC type="real" size="9" columns="3">
-3.488691605625785E-003 -4.193699830930474E-003  1.820703845869607E-003 
-4.193699830930474E-003 -3.488691605625787E-003  1.820703845869611E-003 
-1.820703845869610E-003 -1.820703845869606E-003  1.037109007821990E-002
      </IFC>
    </s_s1_m1_m2_m3.1.1.2.4.1>
    <s_s1_m1_m2_m3.1.1.3.4.1>
      <IFC type="real" size="9" columns="3">
-3.117856535900139E-004 -3.558996177896246E-004  3.558996177896234E-004 
-4.796625105910657E-004 -3.988438864997793E-004 -4.884562735472522E-004 
 4.796625105910646E-004 -4.884562735472521E-004 -3.988438864997688E-004
      </IFC>
    </s_s1_m1_m2_m3.1.1.3.4.1>
    <s_s1_m1_m2_m3.1.1.4.4.1>
      <IFC type="real" size="9" columns="3">
-3.988438864997732E-004 -4.884562735472486E-004  4.796625105910633E-004 
-4.884562735472486E-004 -3.988438864997680E-004 -4.796625105910643E-004 
 3.558996177896223E-004 -3.558996177896233E-004 -3.117856535900100E-004
      </IFC>
    </s_s1_m1_m2_m3.1.1.4.4.1>
    <s_s1_m1_m2_m3.1.1.1.1.2>
      <IFC type="real" size="9" columns="3">
-3.488691605625788E-003  4.193699830930476E-003 -1.820703845869608E-003 
 4.193699830930476E-003 -3.488691605625788E-003  1.820703845869606E-003 
 1.820703845869609E-003 -1.820703845869610E-003  1.037109007821990E-002
      </IFC>
    </s_s1_m1_m2_m3.1.1.1.1.2>
    <s_s1_m1_m2_m3.1.1.2.1.2>
      <IFC type="real" size="9" columns="3">
-3.117856535900096E-004  4.796625105910569E-004  4.796625105910636E-004 
 3.558996177896159E-004 -3.988438864997714E-004  4.884562735472473E-004 
 3.558996177896226E-004  4.884562735472477E-004 -3.988438864997719E-004
      </IFC>
    </s_s1_m1_m2_m3.1.1.2.1.2>
    <s_s1_m1_m2_m3.1.1.3.1.2>
      <IFC type="real" size="9" columns="3">
-3.988438864997775E-004  4.884562735472477E-004  3.558996177896235E-004 
 4.884562735472477E-004 -3.988438864997723E-004  3.558996177896203E-004 
 4.796625105910647E-004  4.796625105910615E-004 -3.117856535900087E-004
      </IFC>
    </s_s1_m1_m2_m3.1.1.3.1.2>
    <s_s1_m1_m2_m3.1.1.4.1.2>
      <IFC type="real" size="9" columns="3">
 1.037109007821989E-002 -1.820703845869612E-003  1.820703845869607E-003 
 1.820703845869605E-003 -3.488691605625790E-003  4.193699830930474E-003 
-1.820703845869610E-003  4.193699830930474E-003 -3.488691605625789E-003
      </IFC>
    </s_s1_m1_m2_m3.1.1.4.1.2>
    <s_s1_m1_m2_m3.1.1.1.2.2>
      <IFC type="real" size="9" columns="3">
-3.988438864997723E-004  3.558996177896205E-004 -4.884562735472443E-004 
 4.796625105910615E-004 -3.117856535900070E-004 -4.796625105910619E-004 
-4.884562735472443E-004 -3.558996177896207E-004 -3.988438864997758E-004
      </IFC>
    </s_s1_m1_m2_m3.1.1.1.2.2>
    <s_s1_m1_m2_m3.1.1.2.2.2>
      <IFC type="real" size="9" columns="3">
-2.296734532555769E-005  1.626303258728257E-018  1.328147661294743E-018 
 1.734723475976807E-018 -2.296734532556462E-005 -8.673617379884035E-019 
 1.273937552670468E-018 -9.486769009248164E-019 -2.296734532556506E-005
      </IFC>
    </s_s1_m1_m2_m3.1.1.2.2.2>
    <s_s1_m1_m2_m3.1.1.3.2.2>
      <IFC type="real" size="9" columns="3">
-3.988438864997741E-004 -3.558996177896220E-004 -4.884562735472514E-004 
-4.796625105910631E-004 -3.117856535900139E-004  4.796625105910607E-004 
-4.884562735472514E-004  3.558996177896196E-004 -3.988438864997758E-004
      </IFC>
    </s_s1_m1_m2_m3.1.1.3.2.2>
    <s_s1_m1_m2_m3.1.1.4.2.2>
      <IFC type="real" size="9" columns="3">
-4.056581093593364E-004 -6.505213034913027E-018  6.776263578034403E-019 
-6.505213034913027E-018 -4.145687316351445E-004  1.057097118173367E-018 
 6.776263578034403E-019  1.165517335421917E-018 -4.056581093593455E-004
      </IFC>
    </s_s1_m1_m2_m3.1.1.4.2.2>
    <s_s1_m1_m2_m3.1.1.1.3.2>
      <IFC type="real" size="9" columns="3">
-3.988438864997723E-004  4.884562735472508E-004 -3.558996177896231E-004 
 4.884562735472508E-004 -3.988438864997723E-004 -3.558996177896242E-004 
-4.796625105910643E-004 -4.796625105910654E-004 -3.117856535900104E-004
      </IFC>
    </s_s1_m1_m2_m3.1.1.1.3.2>
    <s_s1_m1_m2_m3.1.1.2.3.2>
      <IFC type="real" size="9" columns="3">
-3.117856535900096E-004 -4.796625105910629E-004 -4.796625105910635E-004 
-3.558996177896219E-004 -3.988438864997749E-004  4.884562735472501E-004 
-3.558996177896223E-004  4.884562735472503E-004 -3.988438864997701E-004
      </IFC>
    </s_s1_m1_m2_m3.1.1.2.3.2>
    <s_s1_m1_m2_m3.1.1.3.3.2>
      <IFC type="real" size="9" columns="3">
-4.507860425208930E-004 -9.508166839696409E-005 -6.472262315917129E-005 
-9.508166839696409E-005 -4.507860425208982E-004  6.472262315917164E-005 
 6.472262315917308E-005 -6.472262315917289E-005 -3.769363783477624E-004
      </IFC>
    </s_s1_m1_m2_m3.1.1.3.3.2>
    <s_s1_m1_m2_m3.1.1.4.3.2>
      <IFC type="real" size="9" columns="3">
-3.769363783477702E-004 -6.472262315917370E-005  6.472262315917568E-005 
 6.472262315917066E-005 -4.507860425209042E-004 -9.508166839695839E-005 
-6.472262315916860E-005 -9.508166839695856E-005 -4.507860425209012E-004
      </IFC>
    </s_s1_m1_m2_m3.1.1.4.3.2>
    <s_s1_m1_m2_m3.1.1.1.4.2>
      <IFC type="real" size="9" columns="3">
-3.488691605625788E-003  1.820703845869607E-003 -4.193699830930478E-003 
-1.820703845869610E-003  1.037109007821989E-002 -1.820703845869609E-003 
-4.193699830930478E-003  1.820703845869608E-003 -3.488691605625784E-003
      </IFC>
    </s_s1_m1_m2_m3.1.1.1.4.2>
    <s_s1_m1_m2_m3.1.1.2.4.2>
      <IFC type="real" size="9" columns="3">
-4.145687316351445E-004 -4.770489558936220E-018 -1.653408313040394E-018 
-4.770489558936220E-018 -4.056581093593364E-004 -1.897353801849633E-019 
-1.761828530288945E-018 -4.065758146820642E-019 -4.056581093593455E-004
      </IFC>
    </s_s1_m1_m2_m3.1.1.2.4.2>
    <s_s1_m1_m2_m3.1.1.3.4.2>
      <IFC type="real" size="9" columns="3">
-4.507860425208964E-004  6.472262315917142E-005  9.508166839696002E-005 
-6.472262315917302E-005 -3.769363783477711E-004 -6.472262315917392E-005 
 9.508166839696002E-005  6.472262315917058E-005 -4.507860425209016E-004
      </IFC>
    </s_s1_m1_m2_m3.1.1.3.4.2>
    <s_s1_m1_m2_m3.1.1.4.4.2>
      <IFC type="real" size="9" columns="3">
-4.056581093593295E-004  2.602085213965211E-018 -2.791820594150174E-018 
 2.493664996716660E-018 -4.056581093593364E-004  3.008661028647275E-018 
-2.846030702774449E-018  3.198396408832238E-018 -4.145687316351450E-004
      </IFC>
    </s_s1_m1_m2_m3.1.1.4.4.2>
    <s_s1_m1_m2_m3.1.1.1.1.3>
      <IFC type="real" size="9" columns="3">
-2.150187543428772E-005  5.585110664912944E-004 -8.673617379884035E-019 
 5.585110664912944E-004 -2.150187543428772E-005 -5.421010862427522E-020 
-8.673617379884035E-019 -5.421010862427522E-020  4.052937254597128E-003
      </IFC>
    </s_s1_m1_m2_m3.1.1.1.1.3>
    <s_s1_m1_m2_m3.1.1.2.1.3>
      <IFC type="real" size="9" columns="3">
-3.988438864997697E-004  3.558996177896244E-004  4.884562735472503E-004 
 4.796625105910653E-004 -3.117856535900096E-004  4.796625105910636E-004 
 4.884562735472508E-004  3.558996177896226E-004 -3.988438864997632E-004
      </IFC>
    </s_s1_m1_m2_m3.1.1.2.1.3>
    <s_s1_m1_m2_m3.1.1.3.1.3>
      <IFC type="real" size="9" columns="3">
 4.052937254597114E-003  2.005774019098183E-018 -4.824699667560495E-018 
 2.005774019098183E-018 -2.150187543429813E-005  5.585110664912986E-004 
-4.824699667560495E-018  5.585110664912986E-004 -2.150187543429986E-005
      </IFC>
    </s_s1_m1_m2_m3.1.1.3.1.3>
    <s_s1_m1_m2_m3.1.1.4.1.3>
      <IFC type="real" size="9" columns="3">
-3.988438864997697E-004  4.796625105910653E-004  4.884562735472508E-004 
 3.558996177896244E-004 -3.117856535900096E-004  3.558996177896226E-004 
 4.884562735472503E-004  4.796625105910636E-004 -3.988438864997632E-004
      </IFC>
    </s_s1_m1_m2_m3.1.1.4.1.3>
    <s_s1_m1_m2_m3.1.1.1.2.3>
      <IFC type="real" size="9" columns="3">
-3.117856535900104E-004  4.796625105910638E-004 -4.796625105910641E-004 
 3.558996177896229E-004 -3.988438864997758E-004 -4.884562735472521E-004 
-3.558996177896226E-004 -4.884562735472521E-004 -3.988438864997654E-004
      </IFC>
    </s_s1_m1_m2_m3.1.1.1.2.3>
    <s_s1_m1_m2_m3.1.1.2.2.3>
      <IFC type="real" size="9" columns="3">
-3.988438864997732E-004 -4.884562735472471E-004 -3.558996177896219E-004 
-4.884562735472473E-004 -3.988438864997714E-004  3.558996177896226E-004 
-4.796625105910630E-004  4.796625105910638E-004 -3.117856535900048E-004
      </IFC>
    </s_s1_m1_m2_m3.1.1.2.2.3>
    <s_s1_m1_m2_m3.1.1.3.2.3>
      <IFC type="real" size="9" columns="3">
-3.769363783477711E-004  6.472262315917381E-005  6.472262315917210E-005 
-6.472262315917069E-005 -4.507860425209051E-004  9.508166839696764E-005 
-6.472262315917226E-005  9.508166839696780E-005 -4.507860425209016E-004
      </IFC>
    </s_s1_m1_m2_m3.1.1.3.2.3>
    <s_s1_m1_m2_m3.1.1.4.2.3>
      <IFC type="real" size="9" columns="3">
-4.507860425208956E-004  9.508166839695834E-005 -6.472262315917142E-005 
 9.508166839695834E-005 -4.507860425209008E-004 -6.472262315917608E-005 
 6.472262315917294E-005  6.472262315916828E-005 -3.769363783477616E-004
      </IFC>
    </s_s1_m1_m2_m3.1.1.4.2.3>
    <s_s1_m1_m2_m3.1.1.1.3.3>
      <IFC type="real" size="9" columns="3">
-2.150187543428772E-005 -1.626303258728257E-019 -5.585110664913040E-004 
-1.626303258728257E-019  4.052937254597128E-003 -1.084202172485504E-018 
-5.585110664913040E-004 -1.084202172485504E-018 -2.150187543430160E-005
      </IFC>
    </s_s1_m1_m2_m3.1.1.1.3.3>
    <s_s1_m1_m2_m3.1.1.2.3.3>
      <IFC type="real" size="9" columns="3">
-4.507860425208990E-004 -6.472262315917223E-005 -9.508166839697146E-005 
 6.472262315917213E-005 -3.769363783477737E-004 -6.472262315917408E-005 
-9.508166839697130E-005  6.472262315917009E-005 -4.507860425208925E-004
      </IFC>
    </s_s1_m1_m2_m3.1.1.2.3.3>
    <s_s1_m1_m2_m3.1.1.3.3.3>
      <IFC type="real" size="9" columns="3">
-1.347314668618121E-004  5.421010862427522E-020 -3.577867169202165E-018 
 5.421010862427522E-020 -1.347314668618191E-004  2.547875105340935E-018 
-3.577867169202165E-018  2.547875105340935E-018 -1.347314668618173E-004
      </IFC>
    </s_s1_m1_m2_m3.1.1.3.3.3>
    <s_s1_m1_m2_m3.1.1.4.3.3>
      <IFC type="real" size="9" columns="3">
-4.507860425208990E-004  6.472262315917213E-005 -9.508166839697130E-005 
-6.472262315917223E-005 -3.769363783477737E-004  6.472262315917009E-005 
-9.508166839697146E-005 -6.472262315917408E-005 -4.507860425208925E-004
      </IFC>
    </s_s1_m1_m2_m3.1.1.4.3.3>
    <s_s1_m1_m2_m3.1.1.1.4.3>
      <IFC type="real" size="9" columns="3">
-3.117856535900104E-004  3.558996177896229E-004 -3.558996177896226E-004 
 4.796625105910638E-004 -3.988438864997758E-004 -4.884562735472521E-004 
-4.796625105910641E-004 -4.884562735472521E-004 -3.988438864997654E-004
      </IFC>
    </s_s1_m1_m2_m3.1.1.1.4.3>
    <s_s1_m1_m2_m3.1.1.2.4.3>
      <IFC type="real" size="9" columns="3">
-4.507860425208956E-004  9.508166839695834E-005  6.472262315917294E-005 
 9.508166839695834E-005 -4.507860425209008E-004  6.472262315916828E-005 
-6.472262315917142E-005 -6.472262315917608E-005 -3.769363783477616E-004
      </IFC>
    </s_s1_m1_m2_m3.1.1.2.4.3>
    <s_s1_m1_m2_m3.1.1.3.4.3>
      <IFC type="real" size="9" columns="3">
-3.769363783477711E-004 -6.472262315917069E-005 -6.472262315917226E-005 
 6.472262315917381E-005 -4.507860425209051E-004  9.508166839696780E-005 
 6.472262315917210E-005  9.508166839696764E-005 -4.507860425209016E-004
      </IFC>
    </s_s1_m1_m2_m3.1.1.3.4.3>
    <s_s1_m1_m2_m3.1.1.4.4.3>
      <IFC type="real" size="9" columns="3">
-3.988438864997732E-004 -4.884562735472473E-004 -4.796625105910630E-004 
-4.884562735472471E-004 -3.988438864997714E-004  4.796625105910638E-004 
-3.558996177896219E-004  3.558996177896226E-004 -3.117856535900048E-004
      </IFC>
    </s_s1_m1_m2_m3.1.1.4.4.3>
    <s_s1_m1_m2_m3.1.1.1.1.4>
      <IFC type="real" size="9" columns="3">
-3.488691605625788E-003  4.193699830930476E-003  1.820703845869609E-003 
 4.193699830930476E-003 -3.488691605625788E-003 -1.820703845869610E-003 
-1.820703845869608E-003  1.820703845869606E-003  1.037109007821990E-002
      </IFC>
    </s_s1_m1_m2_m3.1.1.1.1.4>
    <s_s1_m1_m2_m3.1.1.2.1.4>
      <IFC type="real" size="9" columns="3">
 1.037109007821989E-002  1.820703845869605E-003 -1.820703845869610E-003 
-1.820703845869612E-003 -3.488691605625790E-003  4.193699830930474E-003 
 1.820703845869607E-003  4.193699830930474E-003 -3.488691605625789E-003
      </IFC>
    </s_s1_m1_m2_m3.1.1.2.1.4>
    <s_s1_m1_m2_m3.1.1.3.1.4>
      <IFC type="real" size="9" columns="3">
-3.988438864997775E-004  4.884562735472477E-004  4.796625105910647E-004 
 4.884562735472477E-004 -3.988438864997723E-004  4.796625105910615E-004 
 3.558996177896235E-004  3.558996177896203E-004 -3.117856535900087E-004
      </IFC>
    </s_s1_m1_m2_m3.1.1.3.1.4>
    <s_s1_m1_m2_m3.1.1.4.1.4>
      <IFC type="real" size="9" columns="3">
-3.117856535900096E-004  3.558996177896159E-004  3.558996177896226E-004 
 4.796625105910569E-004 -3.988438864997714E-004  4.884562735472477E-004 
 4.796625105910636E-004  4.884562735472473E-004 -3.988438864997719E-004
      </IFC>
    </s_s1_m1_m2_m3.1.1.4.1.4>
    <s_s1_m1_m2_m3.1.1.1.2.4>
      <IFC type="real" size="9" columns="3">
-3.488691605625788E-003 -1.820703845869610E-003 -4.193699830930478E-003 
 1.820703845869607E-003  1.037109007821989E-002  1.820703845869608E-003 
-4.193699830930478E-003 -1.820703845869609E-003 -3.488691605625784E-003
      </IFC>
    </s_s1_m1_m2_m3.1.1.1.2.4>
    <s_s1_m1_m2_m3.1.1.2.2.4>
      <IFC type="real" size="9" columns="3">
-4.056581093593295E-004  2.493664996716660E-018 -2.846030702774449E-018 
 2.602085213965211E-018 -4.056581093593364E-004  3.198396408832238E-018 
-2.791820594150174E-018  3.008661028647275E-018 -4.145687316351450E-004
      </IFC>
    </s_s1_m1_m2_m3.1.1.2.2.4>
    <s_s1_m1_m2_m3.1.1.3.2.4>
      <IFC type="real" size="9" columns="3">
-4.507860425208964E-004 -6.472262315917302E-005  9.508166839696002E-005 
 6.472262315917142E-005 -3.769363783477711E-004  6.472262315917058E-005 
 9.508166839696002E-005 -6.472262315917392E-005 -4.507860425209016E-004
      </IFC>
    </s_s1_m1_m2_m3.1.1.3.2.4>
    <s_s1_m1_m2_m3.1.1.4.2.4>
      <IFC type="real" size="9" columns="3">
-4.145687316351445E-004 -4.770489558936220E-018 -1.761828530288945E-018 
-4.770489558936220E-018 -4.056581093593364E-004 -4.065758146820642E-019 
-1.653408313040394E-018 -1.897353801849633E-019 -4.056581093593455E-004
      </IFC>
    </s_s1_m1_m2_m3.1.1.4.2.4>
    <s_s1_m1_m2_m3.1.1.1.3.4>
      <IFC type="real" size="9" columns="3">
-3.988438864997723E-004  4.884562735472508E-004 -4.796625105910643E-004 
 4.884562735472508E-004 -3.988438864997723E-004 -4.796625105910654E-004 
-3.558996177896231E-004 -3.558996177896242E-004 -3.117856535900104E-004
      </IFC>
    </s_s1_m1_m2_m3.1.1.1.3.4>
    <s_s1_m1_m2_m3.1.1.2.3.4>
      <IFC type="real" size="9" columns="3">
-3.769363783477702E-004  6.472262315917066E-005 -6.472262315916860E-005 
-6.472262315917370E-005 -4.507860425209042E-004 -9.508166839695856E-005 
 6.472262315917568E-005 -9.508166839695839E-005 -4.507860425209012E-004
      </IFC>
    </s_s1_m1_m2_m3.1.1.2.3.4>
    <s_s1_m1_m2_m3.1.1.3.3.4>
      <IFC type="real" size="9" columns="3">
-4.507860425208930E-004 -9.508166839696409E-005  6.472262315917308E-005 
-9.508166839696409E-005 -4.507860425208982E-004 -6.472262315917289E-005 
-6.472262315917129E-005  6.472262315917164E-005 -3.769363783477624E-004
      </IFC>
    </s_s1_m1_m2_m3.1.1.3.3.4>
    <s_s1_m1_m2_m3.1.1.4.3.4>
      <IFC type="real" size="9" columns="3">
-3.117856535900096E-004 -3.558996177896219E-004 -3.558996177896223E-004 
-4.796625105910629E-004 -3.988438864997749E-004  4.884562735472503E-004 
-4.796625105910635E-004  4.884562735472501E-004 -3.988438864997701E-004
      </IFC>
    </s_s1_m1_m2_m3.1.1.4.3.4>
    <s_s1_m1_m2_m3.1.1.1.4.4>
      <IFC type="real" size="9" columns="3">
-3.988438864997723E-004  4.796625105910615E-004 -4.884562735472443E-004 
 3.558996177896205E-004 -3.117856535900070E-004 -3.558996177896207E-004 
-4.884562735472443E-004 -4.796625105910619E-004 -3.988438864997758E-004
      </IFC>
    </s_s1_m1_m2_m3.1.1.1.4.4>
    <s_s1_m1_m2_m3.1.1.2.4.4>
      <IFC type="real" size="9" columns="3">
-4.056581093593364E-004 -6.505213034913027E-018  6.776263578034403E-019 
-6.505213034913027E-018 -4.145687316351445E-004  1.165517335421917E-018 
 6.776263578034403E-019  1.057097118173367E-018 -4.056581093593455E-004
      </IFC>
    </s_s1_m1_m2_m3.1.1.2.4.4>
    <s_s1_m1_m2_m3.1.1.3.4.4>
      <IFC type="real" size="9" columns="3">
-3.988438864997741E-004 -4.796625105910631E-004 -4.884562735472514E-004 
-3.558996177896220E-004 -3.117856535900139E-004  3.558996177896196E-004 
-4.884562735472514E-004  4.796625105910607E-004 -3.988438864997758E-004
      </IFC>
    </s_s1_m1_m2_m3.1.1.3.4.4>
    <s_s1_m1_m2_m3.1.1.4.4.4>
      <IFC type="real" size="9" columns="3">
-2.296734532555769E-005  1.734723475976807E-018  1.273937552670468E-018 
 1.626303258728257E-018 -2.296734532556462E-005 -9.486769009248164E-019 
 1.328147661294743E-018 -8.673617379884035E-019 -2.296734532556506E-005
      </IFC>
    </s_s1_m1_m2_m3.1.1.4.4.4>
    <s_s1_m1_m2_m3.1.2.1.1.1>
      <IFC type="real" size="9" columns="3">
-6.714873673592667E-002 -4.142425018549542E-002 -4.142425018549542E-002 
-4.142425018549542E-002 -6.714873673592667E-002 -4.142425018549542E-002 
-4.142425018549542E-002 -4.142425018549542E-002 -6.714873673592667E-002
      </IFC>
    </s_s1_m1_m2_m3.1.2.1.1.1>
    <s_s1_m1_m2_m3.1.2.2.1.1>
      <IFC type="real" size="9" columns="3">
 3.887167006429670E-004  8.240107446136108E-004 -8.240107446136102E-004 
 8.240107446136108E-004  4.501955405940490E-004  4.199505572787402E-004 
-8.240107446136115E-004  4.199505572787399E-004  4.501955405940520E-004
      </IFC>
    </s_s1_m1_m2_m3.1.2.2.1.1>
    <s_s1_m1_m2_m3.1.2.3.1.1>
      <IFC type="real" size="9" columns="3">
 2.681037406080284E-005  3.400681622319038E-004 -3.941997139090896E-006 
 3.400681622319032E-004 -3.009337237481222E-005  3.400681622319035E-004 
-3.941997139090680E-006  3.400681622319018E-004  2.681037406080224E-005
      </IFC>
    </s_s1_m1_m2_m3.1.2.3.1.1>
    <s_s1_m1_m2_m3.1.2.4.1.1>
      <IFC type="real" size="9" columns="3">
 4.501955405940514E-004  4.199505572787423E-004 -8.240107446136106E-004 
 4.199505572787423E-004  4.501955405940514E-004  8.240107446136093E-004 
-8.240107446136112E-004  8.240107446136090E-004  3.887167006429696E-004
      </IFC>
    </s_s1_m1_m2_m3.1.2.4.1.1>
    <s_s1_m1_m2_m3.1.2.1.2.1>
      <IFC type="real" size="9" columns="3">
-6.714873673592667E-002  4.142425018549543E-002  4.142425018549542E-002 
 4.142425018549543E-002 -6.714873673592667E-002 -4.142425018549542E-002 
 4.142425018549542E-002 -4.142425018549542E-002 -6.714873673592665E-002
      </IFC>
    </s_s1_m1_m2_m3.1.2.1.2.1>
    <s_s1_m1_m2_m3.1.2.2.2.1>
      <IFC type="real" size="9" columns="3">
-4.481377774890618E-004 -1.094863141962922E-003  5.195428904230881E-004 
-1.094863141962922E-003 -4.023489751100925E-003  1.094863141962925E-003 
 5.195428904230873E-004  1.094863141962924E-003 -4.481377774890572E-004
      </IFC>
    </s_s1_m1_m2_m3.1.2.2.2.1>
    <s_s1_m1_m2_m3.1.2.3.2.1>
      <IFC type="real" size="9" columns="3">
-4.481377774890614E-004  1.094863141962927E-003  5.195428904230879E-004 
 1.094863141962926E-003 -4.023489751100930E-003 -1.094863141962924E-003 
 5.195428904230881E-004 -1.094863141962925E-003 -4.481377774890592E-004
      </IFC>
    </s_s1_m1_m2_m3.1.2.3.2.1>
    <s_s1_m1_m2_m3.1.2.4.2.1>
      <IFC type="real" size="9" columns="3">
-6.714873673592667E-002 -4.142425018549543E-002  4.142425018549542E-002 
-4.142425018549543E-002 -6.714873673592667E-002  4.142425018549543E-002 
 4.142425018549542E-002  4.142425018549542E-002 -6.714873673592667E-002
      </IFC>
    </s_s1_m1_m2_m3.1.2.4.2.1>
    <s_s1_m1_m2_m3.1.2.1.3.1>
      <IFC type="real" size="9" columns="3">
-4.023489751100926E-003 -1.094863141962925E-003 -1.094863141962925E-003 
-1.094863141962925E-003 -4.481377774890622E-004 -5.195428904230873E-004 
-1.094863141962924E-003 -5.195428904230873E-004 -4.481377774890674E-004
      </IFC>
    </s_s1_m1_m2_m3.1.2.1.3.1>
    <s_s1_m1_m2_m3.1.2.2.3.1>
      <IFC type="real" size="9" columns="3">
 6.947317813891542E-004  8.357056422321446E-004 -8.357056422321451E-004 
 8.357056422321446E-004  6.947317813891533E-004  8.357056422321433E-004 
-8.357056422321461E-004  8.357056422321423E-004  6.947317813891516E-004
      </IFC>
    </s_s1_m1_m2_m3.1.2.2.3.1>
    <s_s1_m1_m2_m3.1.2.3.3.1>
      <IFC type="real" size="9" columns="3">
-4.481377774890613E-004 -5.195428904230900E-004 -1.094863141962925E-003 
-5.195428904230906E-004 -4.481377774890611E-004 -1.094863141962925E-003 
-1.094863141962924E-003 -1.094863141962927E-003 -4.023489751100924E-003
      </IFC>
    </s_s1_m1_m2_m3.1.2.3.3.1>
    <s_s1_m1_m2_m3.1.2.4.3.1>
      <IFC type="real" size="9" columns="3">
 4.501955405940504E-004  8.240107446136125E-004 -4.199505572787399E-004 
 8.240107446136125E-004  3.887167006429710E-004  8.240107446136132E-004 
-4.199505572787410E-004  8.240107446136135E-004  4.501955405940528E-004
      </IFC>
    </s_s1_m1_m2_m3.1.2.4.3.1>
    <s_s1_m1_m2_m3.1.2.1.4.1>
      <IFC type="real" size="9" columns="3">
-4.023489751100935E-003  1.094863141962924E-003  1.094863141962925E-003 
 1.094863141962924E-003 -4.481377774890661E-004 -5.195428904230875E-004 
 1.094863141962926E-003 -5.195428904230871E-004 -4.481377774890685E-004
      </IFC>
    </s_s1_m1_m2_m3.1.2.1.4.1>
    <s_s1_m1_m2_m3.1.2.2.4.1>
      <IFC type="real" size="9" columns="3">
-4.481377774890648E-004 -5.195428904230903E-004  1.094863141962925E-003 
-5.195428904230905E-004 -4.481377774890624E-004  1.094863141962924E-003 
 1.094863141962924E-003  1.094863141962924E-003 -4.023489751100928E-003
      </IFC>
    </s_s1_m1_m2_m3.1.2.2.4.1>
    <s_s1_m1_m2_m3.1.2.3.4.1>
      <IFC type="real" size="9" columns="3">
 2.681037406080256E-005  3.941997139090300E-006 -3.400681622319015E-004 
 3.941997139090734E-006  2.681037406080061E-005  3.400681622318999E-004 
-3.400681622319013E-004  3.400681622318997E-004 -3.009337237481471E-005
      </IFC>
    </s_s1_m1_m2_m3.1.2.3.4.1>
    <s_s1_m1_m2_m3.1.2.4.4.1>
      <IFC type="real" size="9" columns="3">
-3.009337237480474E-005  3.400681622319022E-004 -3.400681622319022E-004 
 3.400681622319013E-004  2.681037406080528E-005  3.941997139092143E-006 
-3.400681622319022E-004  3.941997139091276E-006  2.681037406080181E-005
      </IFC>
    </s_s1_m1_m2_m3.1.2.4.4.1>
    <s_s1_m1_m2_m3.1.2.1.1.2>
      <IFC type="real" size="9" columns="3">
 3.887167006429645E-004 -8.240107446136108E-004  8.240107446136099E-004 
-8.240107446136108E-004  4.501955405940448E-004  4.199505572787393E-004 
 8.240107446136095E-004  4.199505572787393E-004  4.501955405940478E-004
      </IFC>
    </s_s1_m1_m2_m3.1.2.1.1.2>
    <s_s1_m1_m2_m3.1.2.2.1.2>
      <IFC type="real" size="9" columns="3">
 3.256153382837590E-004 -1.571171203956339E-004 -1.571171203956346E-004 
-1.571171203956337E-004  3.583323266091237E-004  1.232981674570745E-004 
-1.571171203956347E-004  1.232981674570750E-004  3.583323266091235E-004
      </IFC>
    </s_s1_m1_m2_m3.1.2.2.1.2>
    <s_s1_m1_m2_m3.1.2.3.1.2>
      <IFC type="real" size="9" columns="3">
 3.583323266091239E-004  1.232981674570727E-004 -1.571171203956325E-004 
 1.232981674570723E-004  3.583323266091246E-004 -1.571171203956316E-004 
-1.571171203956314E-004 -1.571171203956303E-004  3.256153382837554E-004
      </IFC>
    </s_s1_m1_m2_m3.1.2.3.1.2>
    <s_s1_m1_m2_m3.1.2.4.1.2>
      <IFC type="real" size="9" columns="3">
 4.501955405940486E-004  4.199505572787386E-004  8.240107446136081E-004 
 4.199505572787388E-004  4.501955405940506E-004 -8.240107446136106E-004 
 8.240107446136082E-004 -8.240107446136100E-004  3.887167006429619E-004
      </IFC>
    </s_s1_m1_m2_m3.1.2.4.1.2>
    <s_s1_m1_m2_m3.1.2.1.2.2>
      <IFC type="real" size="9" columns="3">
-4.481377774890605E-004  5.195428904230907E-004 -1.094863141962922E-003 
 5.195428904230907E-004 -4.481377774890605E-004  1.094863141962922E-003 
-1.094863141962922E-003  1.094863141962922E-003 -4.023489751100930E-003
      </IFC>
    </s_s1_m1_m2_m3.1.2.1.2.2>
    <s_s1_m1_m2_m3.1.2.2.2.2>
      <IFC type="real" size="9" columns="3">
 6.947317813891501E-004 -8.357056422321427E-004 -8.357056422321442E-004 
-8.357056422321423E-004  6.947317813891505E-004 -8.357056422321465E-004 
-8.357056422321446E-004 -8.357056422321463E-004  6.947317813891477E-004
      </IFC>
    </s_s1_m1_m2_m3.1.2.2.2.2>
    <s_s1_m1_m2_m3.1.2.3.2.2>
      <IFC type="real" size="9" columns="3">
-4.023489751100926E-003  1.094863141962926E-003 -1.094863141962925E-003 
 1.094863141962925E-003 -4.481377774890630E-004  5.195428904230902E-004 
-1.094863141962924E-003  5.195428904230908E-004 -4.481377774890637E-004
      </IFC>
    </s_s1_m1_m2_m3.1.2.3.2.2>
    <s_s1_m1_m2_m3.1.2.4.2.2>
      <IFC type="real" size="9" columns="3">
 4.501955405940484E-004 -8.240107446136124E-004 -4.199505572787406E-004 
-8.240107446136122E-004  3.887167006429688E-004 -8.240107446136145E-004 
-4.199505572787407E-004 -8.240107446136128E-004  4.501955405940486E-004
      </IFC>
    </s_s1_m1_m2_m3.1.2.4.2.2>
    <s_s1_m1_m2_m3.1.2.1.3.2>
      <IFC type="real" size="9" columns="3">
 6.947317813891518E-004 -8.357056422321420E-004  8.357056422321446E-004 
-8.357056422321420E-004  6.947317813891492E-004  8.357056422321450E-004 
 8.357056422321459E-004  8.357056422321450E-004  6.947317813891514E-004
      </IFC>
    </s_s1_m1_m2_m3.1.2.1.3.2>
    <s_s1_m1_m2_m3.1.2.2.3.2>
      <IFC type="real" size="9" columns="3">
 6.947317813891539E-004  8.357056422321430E-004  8.357056422321451E-004 
 8.357056422321436E-004  6.947317813891522E-004 -8.357056422321440E-004 
 8.357056422321448E-004 -8.357056422321451E-004  6.947317813891533E-004
      </IFC>
    </s_s1_m1_m2_m3.1.2.2.3.2>
    <s_s1_m1_m2_m3.1.2.3.3.2>
      <IFC type="real" size="9" columns="3">
 3.583323266091278E-004  1.571171203956316E-004 -1.232981674570727E-004 
 1.571171203956316E-004  3.256153382837608E-004 -1.571171203956303E-004 
-1.232981674570725E-004 -1.571171203956299E-004  3.583323266091282E-004
      </IFC>
    </s_s1_m1_m2_m3.1.2.3.3.2>
    <s_s1_m1_m2_m3.1.2.4.3.2>
      <IFC type="real" size="9" columns="3">
 3.583323266091288E-004 -1.571171203956304E-004 -1.232981674570737E-004 
-1.571171203956307E-004  3.256153382837601E-004  1.571171203956318E-004 
-1.232981674570738E-004  1.571171203956330E-004  3.583323266091285E-004
      </IFC>
    </s_s1_m1_m2_m3.1.2.4.3.2>
    <s_s1_m1_m2_m3.1.2.1.4.2>
      <IFC type="real" size="9" columns="3">
-4.481377774890657E-004  1.094863141962926E-003 -5.195428904230892E-004 
 1.094863141962926E-003 -4.023489751100928E-003  1.094863141962924E-003 
-5.195428904230890E-004  1.094863141962924E-003 -4.481377774890611E-004
      </IFC>
    </s_s1_m1_m2_m3.1.2.1.4.2>
    <s_s1_m1_m2_m3.1.2.2.4.2>
      <IFC type="real" size="9" columns="3">
 3.256153382837624E-004  1.571171203956307E-004  1.571171203956309E-004 
 1.571171203956320E-004  3.583323266091279E-004  1.232981674570711E-004 
 1.571171203956302E-004  1.232981674570714E-004  3.583323266091282E-004
      </IFC>
    </s_s1_m1_m2_m3.1.2.2.4.2>
    <s_s1_m1_m2_m3.1.2.3.4.2>
      <IFC type="real" size="9" columns="3">
 5.685339012756063E-004 -1.516937661355832E-004  1.516937661355830E-004 
-1.516937661355834E-004  5.685339012756075E-004 -1.516937661355855E-004 
 1.516937661355837E-004 -1.516937661355853E-004  5.685339012756047E-004
      </IFC>
    </s_s1_m1_m2_m3.1.2.3.4.2>
    <s_s1_m1_m2_m3.1.2.4.4.2>
      <IFC type="real" size="9" columns="3">
 3.583323266091277E-004  1.232981674570743E-004  1.571171203956314E-004 
 1.232981674570750E-004  3.583323266091291E-004  1.571171203956310E-004 
 1.571171203956315E-004  1.571171203956319E-004  3.256153382837610E-004
      </IFC>
    </s_s1_m1_m2_m3.1.2.4.4.2>
    <s_s1_m1_m2_m3.1.2.1.1.3>
      <IFC type="real" size="9" columns="3">
 2.681037406080528E-005 -3.941997139090408E-006  3.400681622319074E-004 
-3.941997139090408E-006  2.681037406079834E-005  3.400681622319074E-004 
 3.400681622319074E-004  3.400681622319074E-004 -3.009337237480647E-005
      </IFC>
    </s_s1_m1_m2_m3.1.2.1.1.3>
    <s_s1_m1_m2_m3.1.2.2.1.3>
      <IFC type="real" size="9" columns="3">
 3.583323266091230E-004 -1.571171203956319E-004  1.232981674570743E-004 
-1.571171203956323E-004  3.256153382837601E-004 -1.571171203956316E-004 
 1.232981674570732E-004 -1.571171203956320E-004  3.583323266091282E-004
      </IFC>
    </s_s1_m1_m2_m3.1.2.2.1.3>
    <s_s1_m1_m2_m3.1.2.3.1.3>
      <IFC type="real" size="9" columns="3">
-3.009337237481140E-005  3.400681622319032E-004  3.400681622319022E-004 
 3.400681622319025E-004  2.681037406080495E-005 -3.941997139086993E-006 
 3.400681622319025E-004 -3.941997139088674E-006  2.681037406080744E-005
      </IFC>
    </s_s1_m1_m2_m3.1.2.3.1.3>
    <s_s1_m1_m2_m3.1.2.4.1.3>
      <IFC type="real" size="9" columns="3">
 3.013291779471521E-004 -1.523248340856822E-004  1.523248340856857E-004 
-1.523248340856817E-004  3.013291779471521E-004 -1.523248340856830E-004 
 1.523248340856848E-004 -1.523248340856833E-004  3.013291779471528E-004
      </IFC>
    </s_s1_m1_m2_m3.1.2.4.1.3>
    <s_s1_m1_m2_m3.1.2.1.2.3>
      <IFC type="real" size="9" columns="3">
-4.481377774890674E-004  5.195428904230873E-004  1.094863141962926E-003 
 5.195428904230873E-004 -4.481377774890605E-004 -1.094863141962926E-003 
 1.094863141962926E-003 -1.094863141962926E-003 -4.023489751100937E-003
      </IFC>
    </s_s1_m1_m2_m3.1.2.1.2.3>
    <s_s1_m1_m2_m3.1.2.2.2.3>
      <IFC type="real" size="9" columns="3">
-4.023489751100928E-003 -1.094863141962924E-003  1.094863141962925E-003 
-1.094863141962924E-003 -4.481377774890648E-004  5.195428904230884E-004 
 1.094863141962925E-003  5.195428904230886E-004 -4.481377774890663E-004
      </IFC>
    </s_s1_m1_m2_m3.1.2.2.2.3>
    <s_s1_m1_m2_m3.1.2.3.2.3>
      <IFC type="real" size="9" columns="3">
-3.009337237480983E-005 -3.400681622318999E-004 -3.400681622319020E-004 
-3.400681622319003E-004  2.681037406080658E-005 -3.941997139091493E-006 
-3.400681622319018E-004 -3.941997139091384E-006  2.681037406080788E-005
      </IFC>
    </s_s1_m1_m2_m3.1.2.3.2.3>
    <s_s1_m1_m2_m3.1.2.4.2.3>
      <IFC type="real" size="9" columns="3">
 2.681037406080528E-005 -3.941997139093878E-006 -3.400681622319039E-004 
-3.941997139093878E-006  2.681037406079834E-005 -3.400681622319005E-004 
-3.400681622319039E-004 -3.400681622319039E-004 -3.009337237479953E-005
      </IFC>
    </s_s1_m1_m2_m3.1.2.4.2.3>
    <s_s1_m1_m2_m3.1.2.1.3.3>
      <IFC type="real" size="9" columns="3">
-4.481377774890570E-004 -1.094863141962925E-003 -5.195428904230899E-004 
-1.094863141962925E-003 -4.023489751100924E-003 -1.094863141962926E-003 
-5.195428904230890E-004 -1.094863141962926E-003 -4.481377774890605E-004
      </IFC>
    </s_s1_m1_m2_m3.1.2.1.3.3>
    <s_s1_m1_m2_m3.1.2.2.3.3>
      <IFC type="real" size="9" columns="3">
 3.583323266091274E-004 -1.232981674570742E-004  1.571171203956317E-004 
-1.232981674570738E-004  3.583323266091292E-004 -1.571171203956295E-004 
 1.571171203956308E-004 -1.571171203956304E-004  3.256153382837624E-004
      </IFC>
    </s_s1_m1_m2_m3.1.2.2.3.3>
    <s_s1_m1_m2_m3.1.2.3.3.3>
      <IFC type="real" size="9" columns="3">
 5.685339012756053E-004  1.516937661355870E-004  1.516937661355847E-004 
 1.516937661355863E-004  5.685339012756073E-004  1.516937661355884E-004 
 1.516937661355849E-004  1.516937661355867E-004  5.685339012756105E-004
      </IFC>
    </s_s1_m1_m2_m3.1.2.3.3.3>
    <s_s1_m1_m2_m3.1.2.4.3.3>
      <IFC type="real" size="9" columns="3">
 3.256153382837609E-004 -1.571171203956301E-004  1.571171203956309E-004 
-1.571171203956306E-004  3.583323266091272E-004 -1.232981674570768E-004 
 1.571171203956301E-004 -1.232981674570765E-004  3.583323266091266E-004
      </IFC>
    </s_s1_m1_m2_m3.1.2.4.3.3>
    <s_s1_m1_m2_m3.1.2.1.4.3>
      <IFC type="real" size="9" columns="3">
 2.681037406080007E-005 -3.400681622319033E-004  3.941997139090192E-006 
-3.400681622319033E-004 -3.009337237481211E-005  3.400681622319002E-004 
 3.941997139090408E-006  3.400681622319007E-004  2.681037406080766E-005
      </IFC>
    </s_s1_m1_m2_m3.1.2.1.4.3>
    <s_s1_m1_m2_m3.1.2.2.4.3>
      <IFC type="real" size="9" columns="3">
 5.685339012756084E-004  1.516937661355860E-004 -1.516937661355864E-004 
 1.516937661355858E-004  5.685339012756056E-004 -1.516937661355854E-004 
-1.516937661355873E-004 -1.516937661355860E-004  5.685339012756088E-004
      </IFC>
    </s_s1_m1_m2_m3.1.2.2.4.3>
    <s_s1_m1_m2_m3.1.2.3.4.3>
