<?xml version="1.0"?>
<?iotk version="1.2.0"?>
<?iotk file_version="1.0"?>
<?iotk binary="F"?>
<?iotk qe_syntax="F"?>
<Root>
  <GEOMETRY_INFO>
    <NUMBER_OF_TYPES type="integer" size="1">
         1
    </NUMBER_OF_TYPES>
    <NUMBER_OF_ATOMS type="integer" size="1">
         2
    </NUMBER_OF_ATOMS>
    <BRAVAIS_LATTICE_INDEX type="integer" size="1">
         0
    </BRAVAIS_LATTICE_INDEX>
    <SPIN_COMPONENTS type="integer" size="1">
         1
    </SPIN_COMPONENTS>
    <CELL_DIMENSIONS type="real" size="6">
 1.020000000000000E+001
 0.000000000000000E+000
 0.000000000000000E+000
 0.000000000000000E+000
 0.000000000000000E+000
 0.000000000000000E+000
    </CELL_DIMENSIONS>
    <AT type="real" size="9" columns="3">
-5.000000000000000E-001  0.000000000000000E+000  5.000000000000000E-001 
 0.000000000000000E+000  5.000000000000000E-001  5.000000000000000E-001 
-5.000000000000000E-001  5.000000000000000E-001  0.000000000000000E+000
    </AT>
    <BG type="real" size="9" columns="3">
-1.000000000000000E+000 -1.000000000000000E+000  1.000000000000000E+000 
 1.000000000000000E+000  1.000000000000000E+000  1.000000000000000E+000 
-1.000000000000000E+000  1.000000000000000E+000 -1.000000000000000E+000
    </BG>
    <UNIT_CELL_VOLUME_AU type="real" size="1">
 2.653020000000000E+002
    </UNIT_CELL_VOLUME_AU>
    <TYPE_NAME.1 type="character" size="1" len="3">
Si 
    </TYPE_NAME.1>
    <MASS.1 type="real" size="1">
 2.808600000000000E+001
    </MASS.1>
    <ATOM.1 SPECIES="Si " INDEX="1" TAU="0.000000000000000E+000 0.000000000000000E+000 0.000000000000000E+000"/>
    <ATOM.2 SPECIES="Si " INDEX="1" TAU="2.500000000000000E-001 2.500000000000000E-001 2.500000000000000E-001"/>
    <NUMBER_OF_Q type="integer" size="1">
         6
    </NUMBER_OF_Q>
  </GEOMETRY_INFO>
  <DIELECTRIC_PROPERTIES>
    <EPSILON type="real" size="9" columns="3">
 2.254086779212393E+001 -1.953992523340276E-014 -1.953992523340276E-014 
-1.243449787580175E-014  2.254086779212392E+001  1.598721155460225E-014 
-2.664535259100376E-014  1.953992523340276E-014  2.254086779212392E+001
    </EPSILON>
    <ZSTAR>
      <Z_AT_.1 type="real" size="9" columns="3">
-8.881784197001252E-016  6.661338147750940E-016 -6.661338147750939E-016 
 4.440892098500626E-016 -1.998401444325282E-015  0.000000000000000E+000 
-1.110223024625157E-015  1.776356839400250E-015 -8.881784197001252E-016
      </Z_AT_.1>
      <Z_AT_.2 type="real" size="9" columns="3">
 1.110223024625157E-015 -6.661338147750940E-016  6.661338147750939E-016 
-4.440892098500628E-016  1.998401444325282E-015  0.000000000000000E+000 
 1.110223024625157E-015 -1.776356839400250E-015  1.110223024625157E-015
      </Z_AT_.2>
    </ZSTAR>
  </DIELECTRIC_PROPERTIES>
  <INTERATOMIC_FORCE_CONSTANTS>
    <MESH_NQ1_NQ2_NQ3 type="integer" size="3" columns="3">
         4          4          4
    </MESH_NQ1_NQ2_NQ3>
    <s_s1_m1_m2_m3.1.1.1.1.1>
      <IFC type="real" size="9" columns="3">
 2.766389837448115E-001  1.333568672157170E-017 -8.077306185017008E-018 
 1.333568672157170E-017  2.766389837448115E-001  5.421010862427522E-019 
-8.077306185017008E-018  5.421010862427522E-019  2.766389837448115E-001
      </IFC>
    </s_s1_m1_m2_m3.1.1.1.1.1>
    <s_s1_m1_m2_m3.1.1.2.1.1>
      <IFC type="real" size="9" columns="3">
-3.610623088881230E-003 -1.855982220240395E-003  4.343814503543257E-003 
 1.855982220240393E-003  1.047410971938117E-002 -1.855982220240391E-003 
 4.343814503543257E-003  1.855982220240397E-003 -3.610623088881242E-003
      </IFC>
    </s_s1_m1_m2_m3.1.1.2.1.1>
    <s_s1_m1_m2_m3.1.1.3.1.1>
      <IFC type="real" size="9" columns="3">
-2.818088197672868E-005  5.854691731421724E-018  5.330248735549081E-004 
 5.854691731421724E-018  4.078922493522652E-003 -4.933119884809045E-018 
 5.330248735549081E-004 -4.933119884809045E-018 -2.818088197674255E-005
      </IFC>
    </s_s1_m1_m2_m3.1.1.3.1.1>
    <s_s1_m1_m2_m3.1.1.4.1.1>
      <IFC type="real" size="9" columns="3">
-3.610623088881230E-003  1.855982220240393E-003  4.343814503543257E-003 
-1.855982220240395E-003  1.047410971938117E-002  1.855982220240397E-003 
 4.343814503543257E-003 -1.855982220240391E-003 -3.610623088881242E-003
      </IFC>
    </s_s1_m1_m2_m3.1.1.4.1.1>
    <s_s1_m1_m2_m3.1.1.1.2.1>
      <IFC type="real" size="9" columns="3">
 1.047410971938116E-002  1.855982220240391E-003  1.855982220240394E-003 
-1.855982220240397E-003 -3.610623088881229E-003 -4.343814503543252E-003 
-1.855982220240394E-003 -4.343814503543252E-003 -3.610623088881246E-003
      </IFC>
    </s_s1_m1_m2_m3.1.1.1.2.1>
    <s_s1_m1_m2_m3.1.1.2.2.1>
      <IFC type="real" size="9" columns="3">
-4.095540947355878E-004 -4.808125581338176E-004  3.541785516429700E-004 
-4.808125581338178E-004 -4.095540947355912E-004 -3.541785516429694E-004 
 4.819112018230796E-004 -4.819112018230792E-004 -3.166223149574186E-004
      </IFC>
    </s_s1_m1_m2_m3.1.1.2.2.1>
    <s_s1_m1_m2_m3.1.1.3.2.1>
      <IFC type="real" size="9" columns="3">
-3.166223149574255E-004 -4.819112018230815E-004  4.819112018230750E-004 
-3.541785516429719E-004 -4.095540947355938E-004 -4.808125581338169E-004 
 3.541785516429655E-004 -4.808125581338168E-004 -4.095540947355852E-004
      </IFC>
    </s_s1_m1_m2_m3.1.1.3.2.1>
    <s_s1_m1_m2_m3.1.1.4.2.1>
      <IFC type="real" size="9" columns="3">
-3.610623088881226E-003 -4.343814503543251E-003 -1.855982220240388E-003 
-4.343814503543251E-003 -3.610623088881230E-003 -1.855982220240395E-003 
 1.855982220240400E-003  1.855982220240393E-003  1.047410971938117E-002
      </IFC>
    </s_s1_m1_m2_m3.1.1.4.2.1>
    <s_s1_m1_m2_m3.1.1.1.3.1>
      <IFC type="real" size="9" columns="3">
 4.078922493522652E-003  3.361026734705064E-018  2.114194236346734E-018 
 3.361026734705064E-018 -2.818088197673041E-005 -5.330248735549119E-004 
 2.114194236346734E-018 -5.330248735549119E-004 -2.818088197671653E-005
      </IFC>
    </s_s1_m1_m2_m3.1.1.1.3.1>
    <s_s1_m1_m2_m3.1.1.2.3.1>
      <IFC type="real" size="9" columns="3">
-4.095540947355912E-004 -3.541785516429728E-004  4.808125581338180E-004 
-4.819112018230825E-004 -3.166223149574168E-004 -4.819112018230772E-004 
 4.808125581338182E-004 -3.541785516429675E-004 -4.095540947355895E-004
      </IFC>
    </s_s1_m1_m2_m3.1.1.2.3.1>
    <s_s1_m1_m2_m3.1.1.3.3.1>
      <IFC type="real" size="9" columns="3">
-2.818088197672868E-005 -5.330248735549154E-004  3.089976191583688E-018 
-5.330248735549154E-004 -2.818088197672347E-005 -6.234162491791650E-018 
 3.089976191583688E-018 -6.234162491791650E-018  4.078922493522647E-003
      </IFC>
    </s_s1_m1_m2_m3.1.1.3.3.1>
    <s_s1_m1_m2_m3.1.1.4.3.1>
      <IFC type="real" size="9" columns="3">
-4.095540947355912E-004 -4.819112018230825E-004  4.808125581338182E-004 
-3.541785516429728E-004 -3.166223149574168E-004 -3.541785516429675E-004 
 4.808125581338180E-004 -4.819112018230772E-004 -4.095540947355895E-004
      </IFC>
    </s_s1_m1_m2_m3.1.1.4.3.1>
    <s_s1_m1_m2_m3.1.1.1.4.1>
      <IFC type="real" size="9" columns="3">
 1.047410971938116E-002 -1.855982220240397E-003 -1.855982220240394E-003 
 1.855982220240391E-003 -3.610623088881229E-003 -4.343814503543252E-003 
 1.855982220240394E-003 -4.343814503543252E-003 -3.610623088881246E-003
      </IFC>
    </s_s1_m1_m2_m3.1.1.1.4.1>
    <s_s1_m1_m2_m3.1.1.2.4.1>
      <IFC type="real" size="9" columns="3">
-3.610623088881226E-003 -4.343814503543251E-003  1.855982220240400E-003 
-4.343814503543251E-003 -3.610623088881230E-003  1.855982220240393E-003 
-1.855982220240388E-003 -1.855982220240395E-003  1.047410971938117E-002
      </IFC>
    </s_s1_m1_m2_m3.1.1.2.4.1>
    <s_s1_m1_m2_m3.1.1.3.4.1>
      <IFC type="real" size="9" columns="3">
-3.166223149574255E-004 -3.541785516429719E-004  3.541785516429655E-004 
-4.819112018230815E-004 -4.095540947355938E-004 -4.808125581338168E-004 
 4.819112018230750E-004 -4.808125581338169E-004 -4.095540947355852E-004
      </IFC>
    </s_s1_m1_m2_m3.1.1.3.4.1>
    <s_s1_m1_m2_m3.1.1.4.4.1>
      <IFC type="real" size="9" columns="3">
-4.095540947355878E-004 -4.808125581338178E-004  4.819112018230796E-004 
-4.808125581338176E-004 -4.095540947355912E-004 -4.819112018230792E-004 
 3.541785516429700E-004 -3.541785516429694E-004 -3.166223149574186E-004
      </IFC>
    </s_s1_m1_m2_m3.1.1.4.4.1>
    <s_s1_m1_m2_m3.1.1.1.1.2>
      <IFC type="real" size="9" columns="3">
-3.610623088881229E-003  4.343814503543249E-003 -1.855982220240391E-003 
 4.343814503543249E-003 -3.610623088881229E-003  1.855982220240397E-003 
 1.855982220240397E-003 -1.855982220240391E-003  1.047410971938116E-002
      </IFC>
    </s_s1_m1_m2_m3.1.1.1.1.2>
    <s_s1_m1_m2_m3.1.1.2.1.2>
      <IFC type="real" size="9" columns="3">
-3.166223149574168E-004  4.819112018230789E-004  4.819112018230780E-004 
 3.541785516429692E-004 -4.095540947355912E-004  4.808125581338162E-004 
 3.541785516429682E-004  4.808125581338162E-004 -4.095540947355895E-004
      </IFC>
    </s_s1_m1_m2_m3.1.1.2.1.2>
    <s_s1_m1_m2_m3.1.1.3.1.2>
      <IFC type="real" size="9" columns="3">
-4.095540947355886E-004  4.808125581338158E-004  3.541785516429669E-004 
 4.808125581338158E-004 -4.095540947355938E-004  3.541785516429723E-004 
 4.819112018230765E-004  4.819112018230818E-004 -3.166223149574290E-004
      </IFC>
    </s_s1_m1_m2_m3.1.1.3.1.2>
    <s_s1_m1_m2_m3.1.1.4.1.2>
      <IFC type="real" size="9" columns="3">
 1.047410971938117E-002 -1.855982220240392E-003  1.855982220240397E-003 
 1.855982220240396E-003 -3.610623088881230E-003  4.343814503543250E-003 
-1.855982220240391E-003  4.343814503543250E-003 -3.610623088881242E-003
      </IFC>
    </s_s1_m1_m2_m3.1.1.4.1.2>
    <s_s1_m1_m2_m3.1.1.1.2.2>
      <IFC type="real" size="9" columns="3">
-4.095540947355904E-004  3.541785516429682E-004 -4.808125581338143E-004 
 4.819112018230778E-004 -3.166223149574099E-004 -4.819112018230805E-004 
-4.808125581338147E-004 -3.541785516429711E-004 -4.095540947355904E-004
      </IFC>
    </s_s1_m1_m2_m3.1.1.1.2.2>
    <s_s1_m1_m2_m3.1.1.2.2.2>
      <IFC type="real" size="9" columns="3">
-2.362359180977693E-005 -3.469446951953614E-018 -4.336808689942018E-019 
-3.469446951953614E-018 -2.362359180977346E-005 -1.463672932855431E-018 
-3.794707603699266E-019 -1.463672932855431E-018 -2.362359180978213E-005
      </IFC>
    </s_s1_m1_m2_m3.1.1.2.2.2>
    <s_s1_m1_m2_m3.1.1.3.2.2>
      <IFC type="real" size="9" columns="3">
-4.095540947355852E-004 -3.541785516429678E-004 -4.808125581338141E-004 
-4.819112018230774E-004 -3.166223149574168E-004  4.819112018230777E-004 
-4.808125581338141E-004  3.541785516429681E-004 -4.095540947355921E-004
      </IFC>
    </s_s1_m1_m2_m3.1.1.3.2.2>
    <s_s1_m1_m2_m3.1.1.4.2.2>
      <IFC type="real" size="9" columns="3">
-4.057722299748070E-004 -6.938893903907228E-018  4.391018798566293E-018 
-6.938893903907228E-018 -4.064844043631301E-004  3.306816626080789E-018 
 4.336808689942018E-018  3.306816626080789E-018 -4.057722299748052E-004
      </IFC>
    </s_s1_m1_m2_m3.1.1.4.2.2>
    <s_s1_m1_m2_m3.1.1.1.3.2>
      <IFC type="real" size="9" columns="3">
-4.095540947356008E-004  4.808125581338157E-004 -3.541785516429722E-004 
 4.808125581338157E-004 -4.095540947356008E-004 -3.541785516429659E-004 
-4.819112018230818E-004 -4.819112018230755E-004 -3.166223149574238E-004
      </IFC>
    </s_s1_m1_m2_m3.1.1.1.3.2>
    <s_s1_m1_m2_m3.1.1.2.3.2>
      <IFC type="real" size="9" columns="3">
-3.166223149574168E-004 -4.819112018230766E-004 -4.819112018230805E-004 
-3.541785516429670E-004 -4.095540947355912E-004  4.808125581338155E-004 
-3.541785516429711E-004  4.808125581338156E-004 -4.095540947355826E-004
      </IFC>
    </s_s1_m1_m2_m3.1.1.2.3.2>
    <s_s1_m1_m2_m3.1.1.3.3.2>
      <IFC type="real" size="9" columns="3">
-4.773158842625806E-004 -9.883190701854445E-005 -7.911603168224887E-005 
-9.883190701854442E-005 -4.773158842625858E-004  7.911603168224794E-005 
 7.911603168224323E-005 -7.911603168224414E-005 -3.723897282355334E-004
      </IFC>
    </s_s1_m1_m2_m3.1.1.3.3.2>
    <s_s1_m1_m2_m3.1.1.4.3.2>
      <IFC type="real" size="9" columns="3">
-3.723897282355282E-004 -7.911603168224256E-005  7.911603168224429E-005 
 7.911603168224966E-005 -4.773158842625797E-004 -9.883190701855045E-005 
-7.911603168224781E-005 -9.883190701855056E-005 -4.773158842625710E-004
      </IFC>
    </s_s1_m1_m2_m3.1.1.4.3.2>
    <s_s1_m1_m2_m3.1.1.1.4.2>
      <IFC type="real" size="9" columns="3">
-3.610623088881219E-003  1.855982220240398E-003 -4.343814503543244E-003 
-1.855982220240390E-003  1.047410971938117E-002 -1.855982220240394E-003 
-4.343814503543244E-003  1.855982220240394E-003 -3.610623088881233E-003
      </IFC>
    </s_s1_m1_m2_m3.1.1.1.4.2>
    <s_s1_m1_m2_m3.1.1.2.4.2>
      <IFC type="real" size="9" columns="3">
-4.064844043631336E-004 -4.336808689942018E-018 -2.602085213965211E-018 
-4.336808689942018E-018 -4.057722299748035E-004 -1.897353801849633E-018 
-2.547875105340935E-018 -1.897353801849633E-018 -4.057722299748122E-004
      </IFC>
    </s_s1_m1_m2_m3.1.1.2.4.2>
    <s_s1_m1_m2_m3.1.1.3.4.2>
      <IFC type="real" size="9" columns="3">
-4.773158842625771E-004  7.911603168225134E-005  9.883190701854983E-005 
-7.911603168224082E-005 -3.723897282355212E-004 -7.911603168224790E-005 
 9.883190701854988E-005  7.911603168224429E-005 -4.773158842625701E-004
      </IFC>
    </s_s1_m1_m2_m3.1.1.3.4.2>
    <s_s1_m1_m2_m3.1.1.4.4.2>
      <IFC type="real" size="9" columns="3">
-4.057722299748070E-004  2.602085213965211E-018 -2.981555974335137E-018 
 2.602085213965211E-018 -4.057722299748035E-004  4.607859233063394E-018 
-3.035766082959412E-018  4.607859233063394E-018 -4.064844043631319E-004
      </IFC>
    </s_s1_m1_m2_m3.1.1.4.4.2>
    <s_s1_m1_m2_m3.1.1.1.1.3>
      <IFC type="real" size="9" columns="3">
-2.818088197670265E-005  5.330248735549112E-004  2.222614453595284E-018 
 5.330248735549112E-004 -2.818088197670265E-005 -5.529431079676073E-018 
 2.222614453595284E-018 -5.529431079676073E-018  4.078922493522652E-003
      </IFC>
    </s_s1_m1_m2_m3.1.1.1.1.3>
    <s_s1_m1_m2_m3.1.1.2.1.3>
      <IFC type="real" size="9" columns="3">
-4.095540947355912E-004  3.541785516429661E-004  4.808125581338175E-004 
 4.819112018230762E-004 -3.166223149574168E-004  4.819112018230817E-004 
 4.808125581338175E-004  3.541785516429722E-004 -4.095540947355964E-004
      </IFC>
    </s_s1_m1_m2_m3.1.1.2.1.3>
    <s_s1_m1_m2_m3.1.1.3.1.3>
      <IFC type="real" size="9" columns="3">
 4.078922493522647E-003  6.288372600415926E-018  2.331034670843835E-018 
 6.288372600415926E-018 -2.818088197672347E-005  5.330248735549129E-004 
 2.331034670843835E-018  5.330248735549129E-004 -2.818088197670786E-005
      </IFC>
    </s_s1_m1_m2_m3.1.1.3.1.3>
    <s_s1_m1_m2_m3.1.1.4.1.3>
      <IFC type="real" size="9" columns="3">
-4.095540947355912E-004  4.819112018230762E-004  4.808125581338175E-004 
 3.541785516429661E-004 -3.166223149574168E-004  3.541785516429722E-004 
 4.808125581338175E-004  4.819112018230817E-004 -4.095540947355964E-004
      </IFC>
    </s_s1_m1_m2_m3.1.1.4.1.3>
    <s_s1_m1_m2_m3.1.1.1.2.3>
      <IFC type="real" size="9" columns="3">
-3.166223149574203E-004  4.819112018230767E-004 -4.819112018230846E-004 
 3.541785516429671E-004 -4.095540947356008E-004 -4.808125581338160E-004 
-3.541785516429749E-004 -4.808125581338160E-004 -4.095540947355904E-004
      </IFC>
    </s_s1_m1_m2_m3.1.1.1.2.3>
    <s_s1_m1_m2_m3.1.1.2.2.3>
      <IFC type="real" size="9" columns="3">
-4.095540947355878E-004 -4.808125581338148E-004 -3.541785516429689E-004 
-4.808125581338147E-004 -4.095540947355912E-004  3.541785516429693E-004 
-4.819112018230784E-004  4.819112018230789E-004 -3.166223149574047E-004
      </IFC>
    </s_s1_m1_m2_m3.1.1.2.2.3>
    <s_s1_m1_m2_m3.1.1.3.2.3>
      <IFC type="real" size="9" columns="3">
-3.723897282355299E-004  7.911603168224765E-005  7.911603168224098E-005 
-7.911603168224451E-005 -4.773158842625858E-004  9.883190701854576E-005 
-7.911603168225109E-005  9.883190701854582E-005 -4.773158842625840E-004
      </IFC>
    </s_s1_m1_m2_m3.1.1.3.2.3>
    <s_s1_m1_m2_m3.1.1.4.2.3>
      <IFC type="real" size="9" columns="3">
-4.773158842625762E-004  9.883190701855202E-005 -7.911603168224608E-005 
 9.883190701855202E-005 -4.773158842625797E-004 -7.911603168224727E-005 
 7.911603168224608E-005  7.911603168224521E-005 -3.723897282355230E-004
      </IFC>
    </s_s1_m1_m2_m3.1.1.4.2.3>
    <s_s1_m1_m2_m3.1.1.1.3.3>
      <IFC type="real" size="9" columns="3">
-2.818088197673041E-005  8.998878031629687E-018 -5.330248735549179E-004 
 8.998878031629687E-018  4.078922493522652E-003 -4.228388472693467E-018 
-5.330248735549179E-004 -4.228388472693467E-018 -2.818088197671653E-005
      </IFC>
    </s_s1_m1_m2_m3.1.1.1.3.3>
    <s_s1_m1_m2_m3.1.1.2.3.3>
      <IFC type="real" size="9" columns="3">
-4.773158842625797E-004 -7.911603168224277E-005 -9.883190701854725E-005 
 7.911603168224950E-005 -3.723897282355282E-004 -7.911603168224386E-005 
-9.883190701854704E-005  7.911603168224841E-005 -4.773158842625710E-004
      </IFC>
    </s_s1_m1_m2_m3.1.1.2.3.3>
    <s_s1_m1_m2_m3.1.1.3.3.3>
      <IFC type="real" size="9" columns="3">
 1.670602031828873E-005 -5.312590645178972E-018  7.968885967768458E-018 
-5.312590645178972E-018  1.670602031829393E-005 -3.794707603699266E-019 
 7.968885967768458E-018 -3.794707603699266E-019  1.670602031829567E-005
      </IFC>
    </s_s1_m1_m2_m3.1.1.3.3.3>
    <s_s1_m1_m2_m3.1.1.4.3.3>
      <IFC type="real" size="9" columns="3">
-4.773158842625797E-004  7.911603168224950E-005 -9.883190701854704E-005 
-7.911603168224277E-005 -3.723897282355282E-004  7.911603168224841E-005 
-9.883190701854725E-005 -7.911603168224386E-005 -4.773158842625710E-004
      </IFC>
    </s_s1_m1_m2_m3.1.1.4.3.3>
    <s_s1_m1_m2_m3.1.1.1.4.3>
      <IFC type="real" size="9" columns="3">
-3.166223149574203E-004  3.541785516429671E-004 -3.541785516429749E-004 
 4.819112018230767E-004 -4.095540947356008E-004 -4.808125581338160E-004 
-4.819112018230846E-004 -4.808125581338160E-004 -4.095540947355904E-004
      </IFC>
    </s_s1_m1_m2_m3.1.1.1.4.3>
    <s_s1_m1_m2_m3.1.1.2.4.3>
      <IFC type="real" size="9" columns="3">
-4.773158842625762E-004  9.883190701855202E-005  7.911603168224608E-005 
 9.883190701855202E-005 -4.773158842625797E-004  7.911603168224521E-005 
-7.911603168224608E-005 -7.911603168224727E-005 -3.723897282355230E-004
      </IFC>
    </s_s1_m1_m2_m3.1.1.2.4.3>
    <s_s1_m1_m2_m3.1.1.3.4.3>
      <IFC type="real" size="9" columns="3">
-3.723897282355299E-004 -7.911603168224451E-005 -7.911603168225109E-005 
 7.911603168224765E-005 -4.773158842625858E-004  9.883190701854582E-005 
 7.911603168224098E-005  9.883190701854576E-005 -4.773158842625840E-004
      </IFC>
    </s_s1_m1_m2_m3.1.1.3.4.3>
    <s_s1_m1_m2_m3.1.1.4.4.3>
      <IFC type="real" size="9" columns="3">
-4.095540947355878E-004 -4.808125581338147E-004 -4.819112018230784E-004 
-4.808125581338148E-004 -4.095540947355912E-004  4.819112018230789E-004 
-3.541785516429689E-004  3.541785516429693E-004 -3.166223149574047E-004
      </IFC>
    </s_s1_m1_m2_m3.1.1.4.4.3>
    <s_s1_m1_m2_m3.1.1.1.1.4>
      <IFC type="real" size="9" columns="3">
-3.610623088881229E-003  4.343814503543249E-003  1.855982220240397E-003 
 4.343814503543249E-003 -3.610623088881229E-003 -1.855982220240391E-003 
-1.855982220240391E-003  1.855982220240397E-003  1.047410971938116E-002
      </IFC>
    </s_s1_m1_m2_m3.1.1.1.1.4>
    <s_s1_m1_m2_m3.1.1.2.1.4>
      <IFC type="real" size="9" columns="3">
 1.047410971938117E-002  1.855982220240396E-003 -1.855982220240391E-003 
-1.855982220240392E-003 -3.610623088881230E-003  4.343814503543250E-003 
 1.855982220240397E-003  4.343814503543250E-003 -3.610623088881242E-003
      </IFC>
    </s_s1_m1_m2_m3.1.1.2.1.4>
    <s_s1_m1_m2_m3.1.1.3.1.4>
      <IFC type="real" size="9" columns="3">
-4.095540947355886E-004  4.808125581338158E-004  4.819112018230765E-004 
 4.808125581338158E-004 -4.095540947355938E-004  4.819112018230818E-004 
 3.541785516429669E-004  3.541785516429723E-004 -3.166223149574290E-004
      </IFC>
    </s_s1_m1_m2_m3.1.1.3.1.4>
    <s_s1_m1_m2_m3.1.1.4.1.4>
      <IFC type="real" size="9" columns="3">
-3.166223149574168E-004  3.541785516429692E-004  3.541785516429682E-004 
 4.819112018230789E-004 -4.095540947355912E-004  4.808125581338162E-004 
 4.819112018230780E-004  4.808125581338162E-004 -4.095540947355895E-004
      </IFC>
    </s_s1_m1_m2_m3.1.1.4.1.4>
    <s_s1_m1_m2_m3.1.1.1.2.4>
      <IFC type="real" size="9" columns="3">
-3.610623088881219E-003 -1.855982220240390E-003 -4.343814503543244E-003 
 1.855982220240398E-003  1.047410971938117E-002  1.855982220240394E-003 
-4.343814503543244E-003 -1.855982220240394E-003 -3.610623088881233E-003
      </IFC>
    </s_s1_m1_m2_m3.1.1.1.2.4>
    <s_s1_m1_m2_m3.1.1.2.2.4>
      <IFC type="real" size="9" columns="3">
-4.057722299748070E-004  2.602085213965211E-018 -3.035766082959412E-018 
 2.602085213965211E-018 -4.057722299748035E-004  4.607859233063394E-018 
-2.981555974335137E-018  4.607859233063394E-018 -4.064844043631319E-004
      </IFC>
    </s_s1_m1_m2_m3.1.1.2.2.4>
    <s_s1_m1_m2_m3.1.1.3.2.4>
      <IFC type="real" size="9" columns="3">
-4.773158842625771E-004 -7.911603168224082E-005  9.883190701854988E-005 
 7.911603168225134E-005 -3.723897282355212E-004  7.911603168224429E-005 
 9.883190701854983E-005 -7.911603168224790E-005 -4.773158842625701E-004
      </IFC>
    </s_s1_m1_m2_m3.1.1.3.2.4>
    <s_s1_m1_m2_m3.1.1.4.2.4>
      <IFC type="real" size="9" columns="3">
-4.064844043631336E-004 -4.336808689942018E-018 -2.547875105340935E-018 
-4.336808689942018E-018 -4.057722299748035E-004 -1.897353801849633E-018 
-2.602085213965211E-018 -1.897353801849633E-018 -4.057722299748122E-004
      </IFC>
    </s_s1_m1_m2_m3.1.1.4.2.4>
    <s_s1_m1_m2_m3.1.1.1.3.4>
      <IFC type="real" size="9" columns="3">
-4.095540947356008E-004  4.808125581338157E-004 -4.819112018230818E-004 
 4.808125581338157E-004 -4.095540947356008E-004 -4.819112018230755E-004 
-3.541785516429722E-004 -3.541785516429659E-004 -3.166223149574238E-004
      </IFC>
    </s_s1_m1_m2_m3.1.1.1.3.4>
    <s_s1_m1_m2_m3.1.1.2.3.4>
      <IFC type="real" size="9" columns="3">
-3.723897282355282E-004  7.911603168224966E-005 -7.911603168224781E-005 
-7.911603168224256E-005 -4.773158842625797E-004 -9.883190701855056E-005 
 7.911603168224429E-005 -9.883190701855045E-005 -4.773158842625710E-004
      </IFC>
    </s_s1_m1_m2_m3.1.1.2.3.4>
    <s_s1_m1_m2_m3.1.1.3.3.4>
      <IFC type="real" size="9" columns="3">
-4.773158842625806E-004 -9.883190701854442E-005  7.911603168224323E-005 
-9.883190701854445E-005 -4.773158842625858E-004 -7.911603168224414E-005 
-7.911603168224887E-005  7.911603168224794E-005 -3.723897282355334E-004
      </IFC>
    </s_s1_m1_m2_m3.1.1.3.3.4>
    <s_s1_m1_m2_m3.1.1.4.3.4>
      <IFC type="real" size="9" columns="3">
-3.166223149574168E-004 -3.541785516429670E-004 -3.541785516429711E-004 
-4.819112018230766E-004 -4.095540947355912E-004  4.808125581338156E-004 
-4.819112018230805E-004  4.808125581338155E-004 -4.095540947355826E-004
      </IFC>
    </s_s1_m1_m2_m3.1.1.4.3.4>
    <s_s1_m1_m2_m3.1.1.1.4.4>
      <IFC type="real" size="9" columns="3">
-4.095540947355904E-004  4.819112018230778E-004 -4.808125581338147E-004 
 3.541785516429682E-004 -3.166223149574099E-004 -3.541785516429711E-004 
-4.808125581338143E-004 -4.819112018230805E-004 -4.095540947355904E-004
      </IFC>
    </s_s1_m1_m2_m3.1.1.1.4.4>
    <s_s1_m1_m2_m3.1.1.2.4.4>
      <IFC type="real" size="9" columns="3">
-4.057722299748070E-004 -6.938893903907228E-018  4.336808689942018E-018 
-6.938893903907228E-018 -4.064844043631301E-004  3.306816626080789E-018 
 4.391018798566293E-018  3.306816626080789E-018 -4.057722299748052E-004
      </IFC>
    </s_s1_m1_m2_m3.1.1.2.4.4>
    <s_s1_m1_m2_m3.1.1.3.4.4>
      <IFC type="real" size="9" columns="3">
-4.095540947355852E-004 -4.819112018230774E-004 -4.808125581338141E-004 
-3.541785516429678E-004 -3.166223149574168E-004  3.541785516429681E-004 
-4.808125581338141E-004  4.819112018230777E-004 -4.095540947355921E-004
      </IFC>
    </s_s1_m1_m2_m3.1.1.3.4.4>
    <s_s1_m1_m2_m3.1.1.4.4.4>
      <IFC type="real" size="9" columns="3">
-2.362359180977693E-005 -3.469446951953614E-018 -3.794707603699266E-019 
-3.469446951953614E-018 -2.362359180977346E-005 -1.463672932855431E-018 
-4.336808689942018E-019 -1.463672932855431E-018 -2.362359180978213E-005
      </IFC>
    </s_s1_m1_m2_m3.1.1.4.4.4>
    <s_s1_m1_m2_m3.1.2.1.1.1>
      <IFC type="real" size="9" columns="3">
-6.908015442838100E-002 -4.389727383500657E-002 -4.389727383500656E-002 
-4.389727383500657E-002 -6.908015442838100E-002 -4.389727383500658E-002 
-4.389727383500656E-002 -4.389727383500658E-002 -6.908015442838100E-002
      </IFC>
    </s_s1_m1_m2_m3.1.2.1.1.1>
    <s_s1_m1_m2_m3.1.2.2.1.1>
      <IFC type="real" size="9" columns="3">
 3.950756558378702E-004  8.464831993117872E-004 -8.464831993117869E-004 
 8.464831993117855E-004  4.623733567724794E-004  3.878417203382582E-004 
-8.464831993117860E-004  3.878417203382594E-004  4.623733567724766E-004
      </IFC>
    </s_s1_m1_m2_m3.1.2.2.1.1>
    <s_s1_m1_m2_m3.1.2.3.1.1>
      <IFC type="real" size="9" columns="3">
 1.244578801550754E-005  3.578477310354497E-004  7.815423068986140E-006 
 3.578477310354489E-004 -2.990461278485696E-005  3.578477310354530E-004 
 7.815423068985273E-006  3.578477310354528E-004  1.244578801550694E-005
      </IFC>
    </s_s1_m1_m2_m3.1.2.3.1.1>
    <s_s1_m1_m2_m3.1.2.4.1.1>
      <IFC type="real" size="9" columns="3">
 4.623733567724768E-004  3.878417203382591E-004 -8.464831993117884E-004 
 3.878417203382582E-004  4.623733567724788E-004  8.464831993117867E-004 
-8.464831993117860E-004  8.464831993117868E-004  3.950756558378683E-004
      </IFC>
    </s_s1_m1_m2_m3.1.2.4.1.1>
    <s_s1_m1_m2_m3.1.2.1.2.1>
      <IFC type="real" size="9" columns="3">
-6.908015442838100E-002  4.389727383500656E-002  4.389727383500657E-002 
 4.389727383500657E-002 -6.908015442838100E-002 -4.389727383500657E-002 
 4.389727383500657E-002 -4.389727383500657E-002 -6.908015442838100E-002
      </IFC>
    </s_s1_m1_m2_m3.1.2.1.2.1>
    <s_s1_m1_m2_m3.1.2.2.2.1>
      <IFC type="real" size="9" columns="3">
-4.673018608596846E-004 -1.137661809170390E-003  5.786979345119183E-004 
-1.137661809170393E-003 -4.035333791732845E-003  1.137661809170390E-003 
 5.786979345119201E-004  1.137661809170391E-003 -4.673018608596889E-004
      </IFC>
    </s_s1_m1_m2_m3.1.2.2.2.1>
    <s_s1_m1_m2_m3.1.2.3.2.1>
      <IFC type="real" size="9" columns="3">
-4.673018608596875E-004  1.137661809170387E-003  5.786979345119152E-004 
 1.137661809170387E-003 -4.035333791732846E-003 -1.137661809170387E-003 
 5.786979345119148E-004 -1.137661809170388E-003 -4.673018608596890E-004
      </IFC>
    </s_s1_m1_m2_m3.1.2.3.2.1>
    <s_s1_m1_m2_m3.1.2.4.2.1>
      <IFC type="real" size="9" columns="3">
-6.908015442838097E-002 -4.389727383500657E-002  4.389727383500658E-002 
-4.389727383500657E-002 -6.908015442838097E-002  4.389727383500657E-002 
 4.389727383500658E-002  4.389727383500658E-002 -6.908015442838099E-002
      </IFC>
    </s_s1_m1_m2_m3.1.2.4.2.1>
    <s_s1_m1_m2_m3.1.2.1.3.1>
      <IFC type="real" size="9" columns="3">
-4.035333791732839E-003 -1.137661809170390E-003 -1.137661809170389E-003 
-1.137661809170393E-003 -4.673018608596854E-004 -5.786979345119188E-004 
-1.137661809170389E-003 -5.786979345119188E-004 -4.673018608596837E-004
      </IFC>
    </s_s1_m1_m2_m3.1.2.1.3.1>
    <s_s1_m1_m2_m3.1.2.2.3.1>
      <IFC type="real" size="9" columns="3">
 7.073144026858997E-004  8.439935390048877E-004 -8.439935390048907E-004 
 8.439935390048856E-004  7.073144026859021E-004  8.439935390048865E-004 
-8.439935390048885E-004  8.439935390048871E-004  7.073144026858980E-004
      </IFC>
    </s_s1_m1_m2_m3.1.2.2.3.1>
    <s_s1_m1_m2_m3.1.2.3.3.1>
      <IFC type="real" size="9" columns="3">
-4.673018608596822E-004 -5.786979345119144E-004 -1.137661809170389E-003 
-5.786979345119162E-004 -4.673018608596820E-004 -1.137661809170391E-003 
-1.137661809170390E-003 -1.137661809170391E-003 -4.035333791732843E-003
      </IFC>
    </s_s1_m1_m2_m3.1.2.3.3.1>
    <s_s1_m1_m2_m3.1.2.4.3.1>
      <IFC type="real" size="9" columns="3">
 4.623733567724761E-004  8.464831993117872E-004 -3.878417203382588E-004 
 8.464831993117857E-004  3.950756558378712E-004  8.464831993117882E-004 
-3.878417203382577E-004  8.464831993117898E-004  4.623733567724782E-004
      </IFC>
    </s_s1_m1_m2_m3.1.2.4.3.1>
    <s_s1_m1_m2_m3.1.2.1.4.1>
      <IFC type="real" size="9" columns="3">
-4.035333791732846E-003  1.137661809170389E-003  1.137661809170389E-003 
 1.137661809170388E-003 -4.673018608596875E-004 -5.786979345119151E-004 
 1.137661809170388E-003 -5.786979345119163E-004 -4.673018608596905E-004
      </IFC>
    </s_s1_m1_m2_m3.1.2.1.4.1>
    <s_s1_m1_m2_m3.1.2.2.4.1>
      <IFC type="real" size="9" columns="3">
-4.673018608596837E-004 -5.786979345119129E-004  1.137661809170392E-003 
-5.786979345119149E-004 -4.673018608596841E-004  1.137661809170391E-003 
 1.137661809170394E-003  1.137661809170392E-003 -4.035333791732844E-003
      </IFC>
    </s_s1_m1_m2_m3.1.2.2.4.1>
    <s_s1_m1_m2_m3.1.2.3.4.1>
      <IFC type="real" size="9" columns="3">
 1.244578801550672E-005 -7.815423068988742E-006 -3.578477310354511E-004 
-7.815423068989068E-006  1.244578801550607E-005  3.578477310354546E-004 
-3.578477310354516E-004  3.578477310354545E-004 -2.990461278485690E-005
      </IFC>
    </s_s1_m1_m2_m3.1.2.3.4.1>
    <s_s1_m1_m2_m3.1.2.4.4.1>
      <IFC type="real" size="9" columns="3">
-2.990461278485831E-005  3.578477310354480E-004 -3.578477310354541E-004 
 3.578477310354471E-004  1.244578801551204E-005 -7.815423068989989E-006 
-3.578477310354532E-004 -7.815423068988255E-006  1.244578801550683E-005
      </IFC>
    </s_s1_m1_m2_m3.1.2.4.4.1>
    <s_s1_m1_m2_m3.1.2.1.1.2>
      <IFC type="real" size="9" columns="3">
 3.950756558378692E-004 -8.464831993117892E-004  8.464831993117892E-004 
-8.464831993117848E-004  4.623733567724790E-004  3.878417203382616E-004 
 8.464831993117887E-004  3.878417203382616E-004  4.623733567724747E-004
      </IFC>
    </s_s1_m1_m2_m3.1.2.1.1.2>
    <s_s1_m1_m2_m3.1.2.2.1.2>
      <IFC type="real" size="9" columns="3">
 3.336516879675365E-004 -1.637662398112909E-004 -1.637662398112912E-004 
-1.637662398112909E-004  3.614638195309547E-004  1.337423376143893E-004 
-1.637662398112909E-004  1.337423376143900E-004  3.614638195309515E-004
      </IFC>
    </s_s1_m1_m2_m3.1.2.2.1.2>
    <s_s1_m1_m2_m3.1.2.3.1.2>
      <IFC type="real" size="9" columns="3">
 3.614638195309533E-004  1.337423376143938E-004 -1.637662398112905E-004 
 1.337423376143955E-004  3.614638195309498E-004 -1.637662398112888E-004 
-1.637662398112920E-004 -1.637662398112894E-004  3.336516879675370E-004
      </IFC>
    </s_s1_m1_m2_m3.1.2.3.1.2>
    <s_s1_m1_m2_m3.1.2.4.1.2>
      <IFC type="real" size="9" columns="3">
 4.623733567724813E-004  3.878417203382600E-004  8.464831993117882E-004 
 3.878417203382622E-004  4.623733567724815E-004 -8.464831993117858E-004 
 8.464831993117881E-004 -8.464831993117847E-004  3.950756558378710E-004
      </IFC>
    </s_s1_m1_m2_m3.1.2.4.1.2>
    <s_s1_m1_m2_m3.1.2.1.2.2>
      <IFC type="real" size="9" columns="3">
-4.673018608596854E-004  5.786979345119118E-004 -1.137661809170389E-003 
 5.786979345119118E-004 -4.673018608596854E-004  1.137661809170389E-003 
-1.137661809170389E-003  1.137661809170389E-003 -4.035333791732841E-003
      </IFC>
    </s_s1_m1_m2_m3.1.2.1.2.2>
    <s_s1_m1_m2_m3.1.2.2.2.2>
      <IFC type="real" size="9" columns="3">
 7.073144026859004E-004 -8.439935390048872E-004 -8.439935390048886E-004 
-8.439935390048853E-004  7.073144026858986E-004 -8.439935390048895E-004 
-8.439935390048879E-004 -8.439935390048902E-004  7.073144026858965E-004
      </IFC>
    </s_s1_m1_m2_m3.1.2.2.2.2>
    <s_s1_m1_m2_m3.1.2.3.2.2>
      <IFC type="real" size="9" columns="3">
-4.035333791732846E-003  1.137661809170391E-003 -1.137661809170389E-003 
 1.137661809170391E-003 -4.673018608596835E-004  5.786979345119143E-004 
-1.137661809170391E-003  5.786979345119140E-004 -4.673018608596849E-004
      </IFC>
    </s_s1_m1_m2_m3.1.2.3.2.2>
    <s_s1_m1_m2_m3.1.2.4.2.2>
      <IFC type="real" size="9" columns="3">
 4.623733567724808E-004 -8.464831993117897E-004 -3.878417203382556E-004 
-8.464831993117859E-004  3.950756558378719E-004 -8.464831993117855E-004 
-3.878417203382555E-004 -8.464831993117875E-004  4.623733567724795E-004
      </IFC>
    </s_s1_m1_m2_m3.1.2.4.2.2>
    <s_s1_m1_m2_m3.1.2.1.3.2>
      <IFC type="real" size="9" columns="3">
 7.073144026859034E-004 -8.439935390048866E-004  8.439935390048875E-004 
-8.439935390048858E-004  7.073144026859051E-004  8.439935390048840E-004 
 8.439935390048871E-004  8.439935390048840E-004  7.073144026858973E-004
      </IFC>
    </s_s1_m1_m2_m3.1.2.1.3.2>
    <s_s1_m1_m2_m3.1.2.2.3.2>
      <IFC type="real" size="9" columns="3">
 7.073144026859048E-004  8.439935390048905E-004  8.439935390048907E-004 
 8.439935390048921E-004  7.073144026859046E-004 -8.439935390048922E-004 
 8.439935390048901E-004 -8.439935390048913E-004  7.073144026859035E-004
      </IFC>
    </s_s1_m1_m2_m3.1.2.2.3.2>
    <s_s1_m1_m2_m3.1.2.3.3.2>
      <IFC type="real" size="9" columns="3">
 3.614638195309507E-004  1.637662398112883E-004 -1.337423376143912E-004 
 1.637662398112892E-004  3.336516879675314E-004 -1.637662398112874E-004 
-1.337423376143922E-004 -1.637662398112877E-004  3.614638195309511E-004
      </IFC>
    </s_s1_m1_m2_m3.1.2.3.3.2>
    <s_s1_m1_m2_m3.1.2.4.3.2>
      <IFC type="real" size="9" columns="3">
 3.614638195309515E-004 -1.637662398112902E-004 -1.337423376143904E-004 
-1.637662398112887E-004  3.336516879675367E-004  1.637662398112889E-004 
-1.337423376143901E-004  1.637662398112893E-004  3.614638195309497E-004
      </IFC>
    </s_s1_m1_m2_m3.1.2.4.3.2>
    <s_s1_m1_m2_m3.1.2.1.4.2>
      <IFC type="real" size="9" columns="3">
-4.673018608596832E-004  1.137661809170394E-003 -5.786979345119160E-004 
 1.137661809170393E-003 -4.035333791732845E-003  1.137661809170391E-003 
-5.786979345119170E-004  1.137661809170390E-003 -4.673018608596873E-004
      </IFC>
    </s_s1_m1_m2_m3.1.2.1.4.2>
    <s_s1_m1_m2_m3.1.2.2.4.2>
      <IFC type="real" size="9" columns="3">
 3.336516879675305E-004  1.637662398112889E-004  1.637662398112875E-004 
 1.637662398112903E-004  3.614638195309494E-004  1.337423376143927E-004 
 1.637662398112883E-004  1.337423376143923E-004  3.614638195309524E-004
      </IFC>
    </s_s1_m1_m2_m3.1.2.2.4.2>
    <s_s1_m1_m2_m3.1.2.3.4.2>
      <IFC type="real" size="9" columns="3">
 5.882655265844592E-004 -1.876592660715232E-004  1.876592660715175E-004 
-1.876592660715229E-004  5.882655265844600E-004 -1.876592660715204E-004 
 1.876592660715173E-004 -1.876592660715218E-004  5.882655265844630E-004
      </IFC>
    </s_s1_m1_m2_m3.1.2.3.4.2>
    <s_s1_m1_m2_m3.1.2.4.4.2>
      <IFC type="real" size="9" columns="3">
 3.614638195309520E-004  1.337423376143960E-004  1.637662398112882E-004 
 1.337423376143985E-004  3.614638195309489E-004  1.637662398112929E-004 
 1.637662398112891E-004  1.637662398112912E-004  3.336516879675352E-004
      </IFC>
    </s_s1_m1_m2_m3.1.2.4.4.2>
    <s_s1_m1_m2_m3.1.2.1.1.3>
      <IFC type="real" size="9" columns="3">
 1.244578801550683E-005  7.815423068983918E-006  3.578477310354454E-004 
 7.815423068983918E-006  1.244578801550683E-005  3.578477310354489E-004 
 3.578477310354454E-004  3.578477310354489E-004 -2.990461278485484E-005
      </IFC>
    </s_s1_m1_m2_m3.1.2.1.1.3>
    <s_s1_m1_m2_m3.1.2.2.1.3>
      <IFC type="real" size="9" columns="3">
 3.614638195309495E-004 -1.637662398112913E-004  1.337423376143923E-004 
-1.637662398112936E-004  3.336516879675351E-004 -1.637662398112886E-004 
 1.337423376143932E-004 -1.637662398112870E-004  3.614638195309508E-004
      </IFC>
    </s_s1_m1_m2_m3.1.2.2.1.3>
    <s_s1_m1_m2_m3.1.2.3.1.3>
      <IFC type="real" size="9" columns="3">
-2.990461278485728E-005  3.578477310354506E-004  3.578477310354523E-004 
 3.578477310354489E-004  1.244578801550895E-005  7.815423068986303E-006 
 3.578477310354514E-004  7.815423068986086E-006  1.244578801551193E-005
      </IFC>
    </s_s1_m1_m2_m3.1.2.3.1.3>
    <s_s1_m1_m2_m3.1.2.4.1.3>
      <IFC type="real" size="9" columns="3">
 3.182870558262783E-004 -1.593591765097420E-004  1.593591765097429E-004 
-1.593591765097434E-004  3.182870558262781E-004 -1.593591765097440E-004 
 1.593591765097453E-004 -1.593591765097434E-004  3.182870558262792E-004
      </IFC>
    </s_s1_m1_m2_m3.1.2.4.1.3>
    <s_s1_m1_m2_m3.1.2.1.2.3>
      <IFC type="real" size="9" columns="3">
-4.673018608596854E-004  5.786979345119188E-004  1.137661809170389E-003 
 5.786979345119153E-004 -4.673018608596854E-004 -1.137661809170389E-003 
 1.137661809170389E-003 -1.137661809170389E-003 -4.035333791732855E-003
      </IFC>
    </s_s1_m1_m2_m3.1.2.1.2.3>
    <s_s1_m1_m2_m3.1.2.2.2.3>
      <IFC type="real" size="9" columns="3">
-4.035333791732845E-003 -1.137661809170390E-003  1.137661809170391E-003 
-1.137661809170392E-003 -4.673018608596850E-004  5.786979345119142E-004 
 1.137661809170392E-003  5.786979345119153E-004 -4.673018608596854E-004
      </IFC>
    </s_s1_m1_m2_m3.1.2.2.2.3>
    <s_s1_m1_m2_m3.1.2.3.2.3>
      <IFC type="real" size="9" columns="3">
-2.990461278485560E-005 -3.578477310354523E-004 -3.578477310354496E-004 
-3.578477310354537E-004  1.244578801550553E-005  7.815423068990314E-006 
-3.578477310354496E-004  7.815423068989556E-006  1.244578801550802E-005
      </IFC>
    </s_s1_m1_m2_m3.1.2.3.2.3>
    <s_s1_m1_m2_m3.1.2.4.2.3>
      <IFC type="real" size="9" columns="3">
 1.244578801550683E-005  7.815423068983918E-006 -3.578477310354489E-004 
 7.815423068983918E-006  1.244578801550683E-005 -3.578477310354558E-004 
-3.578477310354489E-004 -3.578477310354523E-004 -2.990461278486178E-005
      </IFC>
    </s_s1_m1_m2_m3.1.2.4.2.3>
    <s_s1_m1_m2_m3.1.2.1.3.3>
      <IFC type="real" size="9" columns="3">
-4.673018608596837E-004 -1.137661809170392E-003 -5.786979345119170E-004 
-1.137661809170393E-003 -4.035333791732841E-003 -1.137661809170390E-003 
-5.786979345119179E-004 -1.137661809170390E-003 -4.673018608596837E-004
      </IFC>
    </s_s1_m1_m2_m3.1.2.1.3.3>
    <s_s1_m1_m2_m3.1.2.2.3.3>
      <IFC type="real" size="9" columns="3">
 3.614638195309485E-004 -1.337423376143934E-004  1.637662398112863E-004 
-1.337423376143950E-004  3.614638195309496E-004 -1.637662398112884E-004 
 1.637662398112884E-004 -1.637662398112883E-004  3.336516879675339E-004
      </IFC>
    </s_s1_m1_m2_m3.1.2.2.3.3>
    <s_s1_m1_m2_m3.1.2.3.3.3>
      <IFC type="real" size="9" columns="3">
 5.882655265844596E-004  1.876592660715213E-004  1.876592660715185E-004 
 1.876592660715205E-004  5.882655265844593E-004  1.876592660715213E-004 
 1.876592660715176E-004  1.876592660715211E-004  5.882655265844628E-004
      </IFC>
    </s_s1_m1_m2_m3.1.2.3.3.3>
    <s_s1_m1_m2_m3.1.2.4.3.3>
      <IFC type="real" size="9" columns="3">
 3.336516879675341E-004 -1.637662398112909E-004  1.637662398112873E-004 
-1.637662398112921E-004  3.614638195309494E-004 -1.337423376143947E-004 
 1.637662398112884E-004 -1.337423376143935E-004  3.614638195309517E-004
      </IFC>
    </s_s1_m1_m2_m3.1.2.4.3.3>
    <s_s1_m1_m2_m3.1.2.1.4.3>
      <IFC type="real" size="9" columns="3">
 1.244578801550813E-005 -3.578477310354505E-004 -7.815423068985436E-006 
-3.578477310354498E-004 -2.990461278485344E-005  3.578477310354508E-004 
-7.815423068986520E-006  3.578477310354496E-004  1.244578801550867E-005
      </IFC>
    </s_s1_m1_m2_m3.1.2.1.4.3>
    <s_s1_m1_m2_m3.1.2.2.4.3>
      <IFC type="real" size="9" columns="3">
 5.882655265844602E-004  1.876592660715215E-004 -1.876592660715218E-004 
 1.876592660715187E-004  5.882655265844580E-004 -1.876592660715220E-004 
-1.876592660715200E-004 -1.876592660715205E-004  5.882655265844619E-004
      </IFC>
    </s_s1_m1_m2_m3.1.2.2.4.3>
    <s_s1_m1_m2_m3.1.2.3.4.3>
