<?xml version="1.0"?>
<?iotk version="1.2.0"?>
<?iotk file_version="1.0"?>
<?iotk binary="F"?>
<?iotk qe_syntax="F"?>
<Root>
  <GEOMETRY_INFO>
    <NUMBER_OF_TYPES type="integer" size="1">
         1
    </NUMBER_OF_TYPES>
    <NUMBER_OF_ATOMS type="integer" size="1">
         2
    </NUMBER_OF_ATOMS>
    <BRAVAIS_LATTICE_INDEX type="integer" size="1">
         0
    </BRAVAIS_LATTICE_INDEX>
    <SPIN_COMPONENTS type="integer" size="1">
         1
    </SPIN_COMPONENTS>
    <CELL_DIMENSIONS type="real" size="6">
 1.035000000000000E+001
 0.000000000000000E+000
 0.000000000000000E+000
 0.000000000000000E+000
 0.000000000000000E+000
 0.000000000000000E+000
    </CELL_DIMENSIONS>
    <AT type="real" size="9" columns="3">
-5.000000000000000E-001  0.000000000000000E+000  5.000000000000000E-001 
 0.000000000000000E+000  5.000000000000000E-001  5.000000000000000E-001 
-5.000000000000000E-001  5.000000000000000E-001  0.000000000000000E+000
    </AT>
    <BG type="real" size="9" columns="3">
-1.000000000000000E+000 -1.000000000000000E+000  1.000000000000000E+000 
 1.000000000000000E+000  1.000000000000000E+000  1.000000000000000E+000 
-1.000000000000000E+000  1.000000000000000E+000 -1.000000000000000E+000
    </BG>
    <UNIT_CELL_VOLUME_AU type="real" size="1">
 2.771794687500000E+002
    </UNIT_CELL_VOLUME_AU>
    <TYPE_NAME.1 type="character" size="1" len="3">
Si 
    </TYPE_NAME.1>
    <MASS.1 type="real" size="1">
 2.808600000000000E+001
    </MASS.1>
    <ATOM.1 SPECIES="Si " INDEX="1" TAU="0.000000000000000E+000 0.000000000000000E+000 0.000000000000000E+000"/>
    <ATOM.2 SPECIES="Si " INDEX="1" TAU="2.500000000000000E-001 2.500000000000000E-001 2.500000000000000E-001"/>
    <NUMBER_OF_Q type="integer" size="1">
         6
    </NUMBER_OF_Q>
  </GEOMETRY_INFO>
  <DIELECTRIC_PROPERTIES>
    <EPSILON type="real" size="9" columns="3">
 2.354500402090227E+001 -5.329070518200751E-015 -1.598721155460225E-014 
-1.776356839400250E-015  2.354500402090227E+001  8.881784197001252E-015 
-1.598721155460225E-014  7.105427357601002E-015  2.354500402090225E+001
    </EPSILON>
    <ZSTAR>
      <Z_AT_.1 type="real" size="9" columns="3">
 4.440892098500626E-016  4.440892098500626E-016  8.881784197001252E-016 
 6.661338147750940E-016  4.440892098500626E-016 -1.554312234475220E-015 
 6.661338147750939E-016 -4.440892098500626E-016  4.440892098500626E-016
      </Z_AT_.1>
      <Z_AT_.2 type="real" size="9" columns="3">
-4.440892098500626E-016 -4.440892098500628E-016 -8.881784197001252E-016 
-6.661338147750940E-016 -4.440892098500626E-016  1.554312234475220E-015 
-6.661338147750939E-016  4.440892098500622E-016 -4.440892098500626E-016
      </Z_AT_.2>
    </ZSTAR>
  </DIELECTRIC_PROPERTIES>
  <INTERATOMIC_FORCE_CONSTANTS>
    <MESH_NQ1_NQ2_NQ3 type="integer" size="3" columns="3">
         4          4          4
    </MESH_NQ1_NQ2_NQ3>
    <s_s1_m1_m2_m3.1.1.1.1.1>
      <IFC type="real" size="9" columns="3">
 2.520244581653381E-001 -1.192622389734055E-018  3.252606517456513E-019 
-1.192622389734055E-018  2.520244581653381E-001 -8.131516293641283E-019 
 3.252606517456513E-019 -8.131516293641283E-019  2.520244581653381E-001
      </IFC>
    </s_s1_m1_m2_m3.1.1.1.1.1>
    <s_s1_m1_m2_m3.1.1.2.1.1>
      <IFC type="real" size="9" columns="3">
-3.235662416963448E-003 -1.777471552441755E-003  3.915965855507193E-003 
 1.777471552441762E-003  1.014189152120167E-002 -1.777471552441760E-003 
 3.915965855507193E-003  1.777471552441758E-003 -3.235662416963451E-003
      </IFC>
    </s_s1_m1_m2_m3.1.1.2.1.1>
    <s_s1_m1_m2_m3.1.1.3.1.1>
      <IFC type="real" size="9" columns="3">
-1.101480445206502E-005 -3.876022766635678E-018  5.733397179999462E-004 
-3.876022766635678E-018  4.003129625093350E-003  3.794707603699266E-019 
 5.733397179999462E-004  3.794707603699266E-019 -1.101480445206068E-005
      </IFC>
    </s_s1_m1_m2_m3.1.1.3.1.1>
    <s_s1_m1_m2_m3.1.1.4.1.1>
      <IFC type="real" size="9" columns="3">
-3.235662416963448E-003  1.777471552441762E-003  3.915965855507193E-003 
-1.777471552441755E-003  1.014189152120167E-002  1.777471552441758E-003 
 3.915965855507193E-003 -1.777471552441760E-003 -3.235662416963451E-003
      </IFC>
    </s_s1_m1_m2_m3.1.1.4.1.1>
    <s_s1_m1_m2_m3.1.1.1.2.1>
      <IFC type="real" size="9" columns="3">
 1.014189152120167E-002  1.777471552441761E-003  1.777471552441763E-003 
-1.777471552441756E-003 -3.235662416963447E-003 -3.915965855507189E-003 
-1.777471552441755E-003 -3.915965855507188E-003 -3.235662416963455E-003
      </IFC>
    </s_s1_m1_m2_m3.1.1.1.2.1>
    <s_s1_m1_m2_m3.1.1.2.2.1>
      <IFC type="real" size="9" columns="3">
-3.799598694435020E-004 -5.077474798356836E-004  3.574297594987392E-004 
-5.077474798356835E-004 -3.799598694434973E-004 -3.574297594987429E-004 
 4.794980748610849E-004 -4.794980748610885E-004 -2.992515766817795E-004
      </IFC>
    </s_s1_m1_m2_m3.1.1.2.2.1>
    <s_s1_m1_m2_m3.1.1.3.2.1>
      <IFC type="real" size="9" columns="3">
-2.992515766817852E-004 -4.794980748610884E-004  4.794980748610905E-004 
-3.574297594987429E-004 -3.799598694434938E-004 -5.077474798356805E-004 
 3.574297594987450E-004 -5.077474798356805E-004 -3.799598694434955E-004
      </IFC>
    </s_s1_m1_m2_m3.1.1.3.2.1>
    <s_s1_m1_m2_m3.1.1.4.2.1>
      <IFC type="real" size="9" columns="3">
-3.235662416963457E-003 -3.915965855507190E-003 -1.777471552441760E-003 
-3.915965855507190E-003 -3.235662416963455E-003 -1.777471552441760E-003 
 1.777471552441757E-003  1.777471552441758E-003  1.014189152120167E-002
      </IFC>
    </s_s1_m1_m2_m3.1.1.4.2.1>
    <s_s1_m1_m2_m3.1.1.1.3.1>
      <IFC type="real" size="9" columns="3">
 4.003129625093346E-003 -3.821812658011403E-018 -5.204170427930421E-018 
-3.821812658011403E-018 -1.101480445206415E-005 -5.733397179999524E-004 
-5.204170427930421E-018 -5.733397179999524E-004 -1.101480445205374E-005
      </IFC>
    </s_s1_m1_m2_m3.1.1.1.3.1>
    <s_s1_m1_m2_m3.1.1.2.3.1>
      <IFC type="real" size="9" columns="3">
-3.799598694434951E-004 -3.574297594987408E-004  5.077474798356808E-004 
-4.794980748610866E-004 -2.992515766817843E-004 -4.794980748610875E-004 
 5.077474798356805E-004 -3.574297594987418E-004 -3.799598694434942E-004
      </IFC>
    </s_s1_m1_m2_m3.1.1.2.3.1>
    <s_s1_m1_m2_m3.1.1.3.3.1>
      <IFC type="real" size="9" columns="3">
-1.101480445205808E-005 -5.733397179999500E-004 -8.673617379884035E-019 
-5.733397179999500E-004 -1.101480445206762E-005 -2.168404344971009E-018 
-8.673617379884035E-019 -2.168404344971009E-018  4.003129625093360E-003
      </IFC>
    </s_s1_m1_m2_m3.1.1.3.3.1>
    <s_s1_m1_m2_m3.1.1.4.3.1>
      <IFC type="real" size="9" columns="3">
-3.799598694434951E-004 -4.794980748610866E-004  5.077474798356805E-004 
-3.574297594987408E-004 -2.992515766817843E-004 -3.574297594987418E-004 
 5.077474798356808E-004 -4.794980748610875E-004 -3.799598694434942E-004
      </IFC>
    </s_s1_m1_m2_m3.1.1.4.3.1>
    <s_s1_m1_m2_m3.1.1.1.4.1>
      <IFC type="real" size="9" columns="3">
 1.014189152120167E-002 -1.777471552441756E-003 -1.777471552441755E-003 
 1.777471552441761E-003 -3.235662416963447E-003 -3.915965855507188E-003 
 1.777471552441763E-003 -3.915965855507189E-003 -3.235662416963455E-003
      </IFC>
    </s_s1_m1_m2_m3.1.1.1.4.1>
    <s_s1_m1_m2_m3.1.1.2.4.1>
      <IFC type="real" size="9" columns="3">
-3.235662416963457E-003 -3.915965855507190E-003  1.777471552441757E-003 
-3.915965855507190E-003 -3.235662416963455E-003  1.777471552441758E-003 
-1.777471552441760E-003 -1.777471552441760E-003  1.014189152120167E-002
      </IFC>
    </s_s1_m1_m2_m3.1.1.2.4.1>
    <s_s1_m1_m2_m3.1.1.3.4.1>
      <IFC type="real" size="9" columns="3">
-2.992515766817852E-004 -3.574297594987429E-004  3.574297594987450E-004 
-4.794980748610884E-004 -3.799598694434938E-004 -5.077474798356805E-004 
 4.794980748610905E-004 -5.077474798356805E-004 -3.799598694434955E-004
      </IFC>
    </s_s1_m1_m2_m3.1.1.3.4.1>
    <s_s1_m1_m2_m3.1.1.4.4.1>
      <IFC type="real" size="9" columns="3">
-3.799598694435020E-004 -5.077474798356835E-004  4.794980748610849E-004 
-5.077474798356836E-004 -3.799598694434973E-004 -4.794980748610885E-004 
 3.574297594987392E-004 -3.574297594987429E-004 -2.992515766817795E-004
      </IFC>
    </s_s1_m1_m2_m3.1.1.4.4.1>
    <s_s1_m1_m2_m3.1.1.1.1.2>
      <IFC type="real" size="9" columns="3">
-3.235662416963450E-003  3.915965855507189E-003 -1.777471552441757E-003 
 3.915965855507189E-003 -3.235662416963450E-003  1.777471552441755E-003 
 1.777471552441760E-003 -1.777471552441763E-003  1.014189152120168E-002
      </IFC>
    </s_s1_m1_m2_m3.1.1.1.1.2>
    <s_s1_m1_m2_m3.1.1.2.1.2>
      <IFC type="real" size="9" columns="3">
-2.992515766817808E-004  4.794980748610914E-004  4.794980748610877E-004 
 3.574297594987458E-004 -3.799598694434921E-004  5.077474798356862E-004 
 3.574297594987419E-004  5.077474798356862E-004 -3.799598694434951E-004
      </IFC>
    </s_s1_m1_m2_m3.1.1.2.1.2>
    <s_s1_m1_m2_m3.1.1.3.1.2>
      <IFC type="real" size="9" columns="3">
-3.799598694434895E-004  5.077474798356810E-004  3.574297594987446E-004 
 5.077474798356810E-004 -3.799598694434921E-004  3.574297594987411E-004 
 4.794980748610902E-004  4.794980748610866E-004 -2.992515766817843E-004
      </IFC>
    </s_s1_m1_m2_m3.1.1.3.1.2>
    <s_s1_m1_m2_m3.1.1.4.1.2>
      <IFC type="real" size="9" columns="3">
 1.014189152120166E-002 -1.777471552441760E-003  1.777471552441761E-003 
 1.777471552441757E-003 -3.235662416963457E-003  3.915965855507195E-003 
-1.777471552441756E-003  3.915965855507195E-003 -3.235662416963465E-003
      </IFC>
    </s_s1_m1_m2_m3.1.1.4.1.2>
    <s_s1_m1_m2_m3.1.1.1.2.2>
      <IFC type="real" size="9" columns="3">
-3.799598694434869E-004  3.574297594987428E-004 -5.077474798356855E-004 
 4.794980748610883E-004 -2.992515766817826E-004 -4.794980748610895E-004 
-5.077474798356855E-004 -3.574297594987439E-004 -3.799598694434973E-004
      </IFC>
    </s_s1_m1_m2_m3.1.1.1.2.2>
    <s_s1_m1_m2_m3.1.1.2.2.2>
      <IFC type="real" size="9" columns="3">
-1.581123367035879E-005  8.131516293641283E-019  2.168404344971009E-019 
 8.131516293641283E-019 -1.581123367036703E-005 -8.131516293641283E-019 
 2.168404344971009E-019 -9.215718466126788E-019 -1.581123367036140E-005
      </IFC>
    </s_s1_m1_m2_m3.1.1.2.2.2>
    <s_s1_m1_m2_m3.1.1.3.2.2>
      <IFC type="real" size="9" columns="3">
-3.799598694434842E-004 -3.574297594987402E-004 -5.077474798356862E-004 
-4.794980748610858E-004 -2.992515766817808E-004  4.794980748610841E-004 
-5.077474798356862E-004  3.574297594987386E-004 -3.799598694434869E-004
      </IFC>
    </s_s1_m1_m2_m3.1.1.3.2.2>
    <s_s1_m1_m2_m3.1.1.4.2.2>
      <IFC type="real" size="9" columns="3">
-4.109281860492681E-004 -3.252606517456513E-019 -2.818925648462312E-018 
-3.252606517456513E-019 -3.998119763600570E-004  1.029992063861229E-018 
-2.818925648462312E-018  1.138412281109780E-018 -4.109281860492672E-004
      </IFC>
    </s_s1_m1_m2_m3.1.1.4.2.2>
    <s_s1_m1_m2_m3.1.1.1.3.2>
      <IFC type="real" size="9" columns="3">
-3.799598694434886E-004  5.077474798356790E-004 -3.574297594987424E-004 
 5.077474798356790E-004 -3.799598694434886E-004 -3.574297594987450E-004 
-4.794980748610879E-004 -4.794980748610905E-004 -2.992515766817791E-004
      </IFC>
    </s_s1_m1_m2_m3.1.1.1.3.2>
    <s_s1_m1_m2_m3.1.1.2.3.2>
      <IFC type="real" size="9" columns="3">
-2.992515766817795E-004 -4.794980748610844E-004 -4.794980748610858E-004 
-3.574297594987387E-004 -3.799598694434903E-004  5.077474798356852E-004 
-3.574297594987404E-004  5.077474798356852E-004 -3.799598694434916E-004
      </IFC>
    </s_s1_m1_m2_m3.1.1.2.3.2>
    <s_s1_m1_m2_m3.1.1.3.3.2>
      <IFC type="real" size="9" columns="3">
-4.341243743376357E-004 -9.315411381746658E-005 -6.471536653396628E-005 
-9.315411381746661E-005 -4.341243743376313E-004  6.471536653396322E-005 
 6.471536653396238E-005 -6.471536653396544E-005 -3.886985797298560E-004
      </IFC>
    </s_s1_m1_m2_m3.1.1.3.3.2>
    <s_s1_m1_m2_m3.1.1.4.3.2>
      <IFC type="real" size="9" columns="3">
-3.886985797298581E-004 -6.471536653396113E-005  6.471536653397046E-005 
 6.471536653396759E-005 -4.341243743376227E-004 -9.315411381745581E-005 
-6.471536653395810E-005 -9.315411381745603E-005 -4.341243743376188E-004
      </IFC>
    </s_s1_m1_m2_m3.1.1.4.3.2>
    <s_s1_m1_m2_m3.1.1.1.4.2>
      <IFC type="real" size="9" columns="3">
-3.235662416963452E-003  1.777471552441758E-003 -3.915965855507190E-003 
-1.777471552441760E-003  1.014189152120167E-002 -1.777471552441758E-003 
-3.915965855507190E-003  1.777471552441760E-003 -3.235662416963455E-003
      </IFC>
    </s_s1_m1_m2_m3.1.1.1.4.2>
    <s_s1_m1_m2_m3.1.1.2.4.2>
      <IFC type="real" size="9" columns="3">
-3.998119763600557E-004  5.421010862427522E-019 -8.673617379884035E-019 
 5.421010862427522E-019 -4.109281860492659E-004 -1.626303258728257E-019 
-8.673617379884035E-019 -2.710505431213761E-019 -4.109281860492672E-004
      </IFC>
    </s_s1_m1_m2_m3.1.1.2.4.2>
    <s_s1_m1_m2_m3.1.1.3.4.2>
      <IFC type="real" size="9" columns="3">
-4.341243743376235E-004  6.471536653396970E-005  9.315411381745771E-005 
-6.471536653395899E-005 -3.886985797298525E-004 -6.471536653396767E-005 
 9.315411381745771E-005  6.471536653396100E-005 -4.341243743376227E-004
      </IFC>
    </s_s1_m1_m2_m3.1.1.3.4.2>
    <s_s1_m1_m2_m3.1.1.4.4.2>
      <IFC type="real" size="9" columns="3">
-4.109281860492681E-004  1.680513367352532E-018  4.336808689942018E-019 
 1.680513367352532E-018 -4.109281860492659E-004  8.131516293641283E-019 
 4.336808689942018E-019  9.215718466126788E-019 -3.998119763600513E-004
      </IFC>
    </s_s1_m1_m2_m3.1.1.4.4.2>
    <s_s1_m1_m2_m3.1.1.1.1.3>
      <IFC type="real" size="9" columns="3">
-1.101480445206415E-005  5.733397179999545E-004 -7.697835424647081E-018 
 5.733397179999545E-004 -1.101480445209191E-005  3.903127820947816E-018 
-7.697835424647081E-018  3.903127820947816E-018  4.003129625093360E-003
      </IFC>
    </s_s1_m1_m2_m3.1.1.1.1.3>
    <s_s1_m1_m2_m3.1.1.2.1.3>
      <IFC type="real" size="9" columns="3">
-3.799598694434951E-004  3.574297594987457E-004  5.077474798356801E-004 
 4.794980748610913E-004 -2.992515766817808E-004  4.794980748610887E-004 
 5.077474798356808E-004  3.574297594987432E-004 -3.799598694434977E-004
      </IFC>
    </s_s1_m1_m2_m3.1.1.2.1.3>
    <s_s1_m1_m2_m3.1.1.3.1.3>
      <IFC type="real" size="9" columns="3">
 4.003129625093345E-003 -2.737610485525899E-018 -7.589415207398531E-019 
-2.737610485525899E-018 -1.101480445205721E-005  5.733397179999520E-004 
-7.589415207398531E-019  5.733397179999520E-004 -1.101480445205721E-005
      </IFC>
    </s_s1_m1_m2_m3.1.1.3.1.3>
    <s_s1_m1_m2_m3.1.1.4.1.3>
      <IFC type="real" size="9" columns="3">
-3.799598694434951E-004  4.794980748610913E-004  5.077474798356808E-004 
 3.574297594987457E-004 -2.992515766817808E-004  3.574297594987432E-004 
 5.077474798356801E-004  4.794980748610887E-004 -3.799598694434977E-004
      </IFC>
    </s_s1_m1_m2_m3.1.1.4.1.3>
    <s_s1_m1_m2_m3.1.1.1.2.3>
      <IFC type="real" size="9" columns="3">
-2.992515766817722E-004  4.794980748610893E-004 -4.794980748610869E-004 
 3.574297594987437E-004 -3.799598694434851E-004 -5.077474798356801E-004 
-3.574297594987417E-004 -5.077474798356797E-004 -3.799598694434973E-004
      </IFC>
    </s_s1_m1_m2_m3.1.1.1.2.3>
    <s_s1_m1_m2_m3.1.1.2.2.3>
      <IFC type="real" size="9" columns="3">
-3.799598694434934E-004 -5.077474798356823E-004 -3.574297594987442E-004 
-5.077474798356824E-004 -3.799598694434921E-004  3.574297594987393E-004 
-4.794980748610897E-004  4.794980748610849E-004 -2.992515766817761E-004
      </IFC>
    </s_s1_m1_m2_m3.1.1.2.2.3>
    <s_s1_m1_m2_m3.1.1.3.2.3>
      <IFC type="real" size="9" columns="3">
-3.886985797298638E-004  6.471536653396298E-005  6.471536653396547E-005 
-6.471536653396569E-005 -4.341243743376296E-004  9.315411381746394E-005 
-6.471536653396319E-005  9.315411381746394E-005 -4.341243743376348E-004
      </IFC>
    </s_s1_m1_m2_m3.1.1.3.2.3>
    <s_s1_m1_m2_m3.1.1.4.2.3>
      <IFC type="real" size="9" columns="3">
-4.341243743376153E-004  9.315411381746090E-005 -6.471536653396498E-005 
 9.315411381746090E-005 -4.341243743376175E-004 -6.471536653396965E-005 
 6.471536653396357E-005  6.471536653395913E-005 -3.886985797298594E-004
      </IFC>
    </s_s1_m1_m2_m3.1.1.4.2.3>
    <s_s1_m1_m2_m3.1.1.1.3.3>
      <IFC type="real" size="9" columns="3">
-1.101480445205028E-005  7.860465750519907E-019 -5.733397179999535E-004 
 7.860465750519907E-019  4.003129625093360E-003 -8.131516293641283E-019 
-5.733397179999535E-004 -8.131516293641283E-019 -1.101480445206068E-005
      </IFC>
    </s_s1_m1_m2_m3.1.1.1.3.3>
    <s_s1_m1_m2_m3.1.1.2.3.3>
      <IFC type="real" size="9" columns="3">
-4.341243743376188E-004 -6.471536653396130E-005 -9.315411381746638E-005 
 6.471536653396748E-005 -3.886985797298612E-004 -6.471536653396585E-005 
-9.315411381746616E-005  6.471536653396292E-005 -4.341243743376248E-004
      </IFC>
    </s_s1_m1_m2_m3.1.1.2.3.3>
    <s_s1_m1_m2_m3.1.1.3.3.3>
      <IFC type="real" size="9" columns="3">
 3.253786731031907E-005 -8.185726402265558E-018  3.686287386450715E-018 
-8.185726402265558E-018  3.253786731031300E-005  3.415236843329339E-018 
 3.686287386450715E-018  3.415236843329339E-018  3.253786731032340E-005
      </IFC>
    </s_s1_m1_m2_m3.1.1.3.3.3>
    <s_s1_m1_m2_m3.1.1.4.3.3>
      <IFC type="real" size="9" columns="3">
-4.341243743376188E-004  6.471536653396748E-005 -9.315411381746616E-005 
-6.471536653396130E-005 -3.886985797298612E-004  6.471536653396292E-005 
-9.315411381746638E-005 -6.471536653396585E-005 -4.341243743376248E-004
      </IFC>
    </s_s1_m1_m2_m3.1.1.4.3.3>
    <s_s1_m1_m2_m3.1.1.1.4.3>
      <IFC type="real" size="9" columns="3">
-2.992515766817722E-004  3.574297594987437E-004 -3.574297594987417E-004 
 4.794980748610893E-004 -3.799598694434851E-004 -5.077474798356797E-004 
-4.794980748610869E-004 -5.077474798356801E-004 -3.799598694434973E-004
      </IFC>
    </s_s1_m1_m2_m3.1.1.1.4.3>
    <s_s1_m1_m2_m3.1.1.2.4.3>
      <IFC type="real" size="9" columns="3">
-4.341243743376153E-004  9.315411381746090E-005  6.471536653396357E-005 
 9.315411381746090E-005 -4.341243743376175E-004  6.471536653395913E-005 
-6.471536653396498E-005 -6.471536653396965E-005 -3.886985797298594E-004
      </IFC>
    </s_s1_m1_m2_m3.1.1.2.4.3>
    <s_s1_m1_m2_m3.1.1.3.4.3>
      <IFC type="real" size="9" columns="3">
-3.886985797298638E-004 -6.471536653396569E-005 -6.471536653396319E-005 
 6.471536653396298E-005 -4.341243743376296E-004  9.315411381746394E-005 
 6.471536653396547E-005  9.315411381746394E-005 -4.341243743376348E-004
      </IFC>
    </s_s1_m1_m2_m3.1.1.3.4.3>
    <s_s1_m1_m2_m3.1.1.4.4.3>
      <IFC type="real" size="9" columns="3">
-3.799598694434934E-004 -5.077474798356824E-004 -4.794980748610897E-004 
-5.077474798356823E-004 -3.799598694434921E-004  4.794980748610849E-004 
-3.574297594987442E-004  3.574297594987393E-004 -2.992515766817761E-004
      </IFC>
    </s_s1_m1_m2_m3.1.1.4.4.3>
    <s_s1_m1_m2_m3.1.1.1.1.4>
      <IFC type="real" size="9" columns="3">
-3.235662416963450E-003  3.915965855507189E-003  1.777471552441760E-003 
 3.915965855507189E-003 -3.235662416963450E-003 -1.777471552441763E-003 
-1.777471552441757E-003  1.777471552441755E-003  1.014189152120168E-002
      </IFC>
    </s_s1_m1_m2_m3.1.1.1.1.4>
    <s_s1_m1_m2_m3.1.1.2.1.4>
      <IFC type="real" size="9" columns="3">
 1.014189152120166E-002  1.777471552441757E-003 -1.777471552441756E-003 
-1.777471552441760E-003 -3.235662416963457E-003  3.915965855507195E-003 
 1.777471552441761E-003  3.915965855507195E-003 -3.235662416963465E-003
      </IFC>
    </s_s1_m1_m2_m3.1.1.2.1.4>
    <s_s1_m1_m2_m3.1.1.3.1.4>
      <IFC type="real" size="9" columns="3">
-3.799598694434895E-004  5.077474798356810E-004  4.794980748610902E-004 
 5.077474798356810E-004 -3.799598694434921E-004  4.794980748610866E-004 
 3.574297594987446E-004  3.574297594987411E-004 -2.992515766817843E-004
      </IFC>
    </s_s1_m1_m2_m3.1.1.3.1.4>
    <s_s1_m1_m2_m3.1.1.4.1.4>
      <IFC type="real" size="9" columns="3">
-2.992515766817808E-004  3.574297594987458E-004  3.574297594987419E-004 
 4.794980748610914E-004 -3.799598694434921E-004  5.077474798356862E-004 
 4.794980748610877E-004  5.077474798356862E-004 -3.799598694434951E-004
      </IFC>
    </s_s1_m1_m2_m3.1.1.4.1.4>
    <s_s1_m1_m2_m3.1.1.1.2.4>
      <IFC type="real" size="9" columns="3">
-3.235662416963452E-003 -1.777471552441760E-003 -3.915965855507190E-003 
 1.777471552441758E-003  1.014189152120167E-002  1.777471552441760E-003 
-3.915965855507190E-003 -1.777471552441758E-003 -3.235662416963455E-003
      </IFC>
    </s_s1_m1_m2_m3.1.1.1.2.4>
    <s_s1_m1_m2_m3.1.1.2.2.4>
      <IFC type="real" size="9" columns="3">
-4.109281860492681E-004  1.680513367352532E-018  4.336808689942018E-019 
 1.680513367352532E-018 -4.109281860492659E-004  9.215718466126788E-019 
 4.336808689942018E-019  8.131516293641283E-019 -3.998119763600513E-004
      </IFC>
    </s_s1_m1_m2_m3.1.1.2.2.4>
    <s_s1_m1_m2_m3.1.1.3.2.4>
      <IFC type="real" size="9" columns="3">
-4.341243743376235E-004 -6.471536653395899E-005  9.315411381745771E-005 
 6.471536653396970E-005 -3.886985797298525E-004  6.471536653396100E-005 
 9.315411381745771E-005 -6.471536653396767E-005 -4.341243743376227E-004
      </IFC>
    </s_s1_m1_m2_m3.1.1.3.2.4>
    <s_s1_m1_m2_m3.1.1.4.2.4>
      <IFC type="real" size="9" columns="3">
-3.998119763600557E-004  5.421010862427522E-019 -8.673617379884035E-019 
 5.421010862427522E-019 -4.109281860492659E-004 -2.710505431213761E-019 
-8.673617379884035E-019 -1.626303258728257E-019 -4.109281860492672E-004
      </IFC>
    </s_s1_m1_m2_m3.1.1.4.2.4>
    <s_s1_m1_m2_m3.1.1.1.3.4>
      <IFC type="real" size="9" columns="3">
-3.799598694434886E-004  5.077474798356790E-004 -4.794980748610879E-004 
 5.077474798356790E-004 -3.799598694434886E-004 -4.794980748610905E-004 
-3.574297594987424E-004 -3.574297594987450E-004 -2.992515766817791E-004
      </IFC>
    </s_s1_m1_m2_m3.1.1.1.3.4>
    <s_s1_m1_m2_m3.1.1.2.3.4>
      <IFC type="real" size="9" columns="3">
-3.886985797298581E-004  6.471536653396759E-005 -6.471536653395810E-005 
-6.471536653396113E-005 -4.341243743376227E-004 -9.315411381745603E-005 
 6.471536653397046E-005 -9.315411381745581E-005 -4.341243743376188E-004
      </IFC>
    </s_s1_m1_m2_m3.1.1.2.3.4>
    <s_s1_m1_m2_m3.1.1.3.3.4>
      <IFC type="real" size="9" columns="3">
-4.341243743376357E-004 -9.315411381746661E-005  6.471536653396238E-005 
-9.315411381746658E-005 -4.341243743376313E-004 -6.471536653396544E-005 
-6.471536653396628E-005  6.471536653396322E-005 -3.886985797298560E-004
      </IFC>
    </s_s1_m1_m2_m3.1.1.3.3.4>
    <s_s1_m1_m2_m3.1.1.4.3.4>
      <IFC type="real" size="9" columns="3">
-2.992515766817795E-004 -3.574297594987387E-004 -3.574297594987404E-004 
-4.794980748610844E-004 -3.799598694434903E-004  5.077474798356852E-004 
-4.794980748610858E-004  5.077474798356852E-004 -3.799598694434916E-004
      </IFC>
    </s_s1_m1_m2_m3.1.1.4.3.4>
    <s_s1_m1_m2_m3.1.1.1.4.4>
      <IFC type="real" size="9" columns="3">
-3.799598694434869E-004  4.794980748610883E-004 -5.077474798356855E-004 
 3.574297594987428E-004 -2.992515766817826E-004 -3.574297594987439E-004 
-5.077474798356855E-004 -4.794980748610895E-004 -3.799598694434973E-004
      </IFC>
    </s_s1_m1_m2_m3.1.1.1.4.4>
    <s_s1_m1_m2_m3.1.1.2.4.4>
      <IFC type="real" size="9" columns="3">
-4.109281860492681E-004 -3.252606517456513E-019 -2.818925648462312E-018 
-3.252606517456513E-019 -3.998119763600570E-004  1.138412281109780E-018 
-2.818925648462312E-018  1.029992063861229E-018 -4.109281860492672E-004
      </IFC>
    </s_s1_m1_m2_m3.1.1.2.4.4>
    <s_s1_m1_m2_m3.1.1.3.4.4>
      <IFC type="real" size="9" columns="3">
-3.799598694434842E-004 -4.794980748610858E-004 -5.077474798356862E-004 
-3.574297594987402E-004 -2.992515766817808E-004  3.574297594987386E-004 
-5.077474798356862E-004  4.794980748610841E-004 -3.799598694434869E-004
      </IFC>
    </s_s1_m1_m2_m3.1.1.3.4.4>
    <s_s1_m1_m2_m3.1.1.4.4.4>
      <IFC type="real" size="9" columns="3">
-1.581123367035879E-005  8.131516293641283E-019  2.168404344971009E-019 
 8.131516293641283E-019 -1.581123367036703E-005 -9.215718466126788E-019 
 2.168404344971009E-019 -8.131516293641283E-019 -1.581123367036140E-005
      </IFC>
    </s_s1_m1_m2_m3.1.1.4.4.4>
    <s_s1_m1_m2_m3.1.2.1.1.1>
      <IFC type="real" size="9" columns="3">
-6.350864900910257E-002 -3.679558769471947E-002 -3.679558769471947E-002 
-3.679558769471947E-002 -6.350864900910257E-002 -3.679558769471947E-002 
-3.679558769471947E-002 -3.679558769471947E-002 -6.350864900910258E-002
      </IFC>
    </s_s1_m1_m2_m3.1.2.1.1.1>
    <s_s1_m1_m2_m3.1.2.2.1.1>
      <IFC type="real" size="9" columns="3">
 3.971746637880176E-004  7.787208235797314E-004 -7.787208235797345E-004 
 7.787208235797316E-004  4.165147049896544E-004  4.692924771259861E-004 
-7.787208235797336E-004  4.692924771259855E-004  4.165147049896586E-004
      </IFC>
    </s_s1_m1_m2_m3.1.2.2.1.1>
    <s_s1_m1_m2_m3.1.2.3.1.1>
      <IFC type="real" size="9" columns="3">
 3.750275558163911E-005  3.287020405668314E-004 -2.990823298914955E-005 
 3.287020405668313E-004 -3.033613531752634E-005  3.287020405668322E-004 
-2.990823298914874E-005  3.287020405668316E-004  3.750275558163504E-005
      </IFC>
    </s_s1_m1_m2_m3.1.2.3.1.1>
    <s_s1_m1_m2_m3.1.2.4.1.1>
      <IFC type="real" size="9" columns="3">
 4.165147049896533E-004  4.692924771259856E-004 -7.787208235797347E-004 
 4.692924771259868E-004  4.165147049896552E-004  7.787208235797358E-004 
-7.787208235797334E-004  7.787208235797349E-004  3.971746637880134E-004
      </IFC>
    </s_s1_m1_m2_m3.1.2.4.1.1>
    <s_s1_m1_m2_m3.1.2.1.2.1>
      <IFC type="real" size="9" columns="3">
-6.350864900910257E-002  3.679558769471947E-002  3.679558769471947E-002 
 3.679558769471947E-002 -6.350864900910257E-002 -3.679558769471947E-002 
 3.679558769471947E-002 -3.679558769471947E-002 -6.350864900910257E-002
      </IFC>
    </s_s1_m1_m2_m3.1.2.1.2.1>
    <s_s1_m1_m2_m3.1.2.2.2.1>
      <IFC type="real" size="9" columns="3">
-4.086465033574325E-004 -1.030190896576723E-003  3.994368436193725E-004 
-1.030190896576722E-003 -4.028822496433868E-003  1.030190896576725E-003 
 3.994368436193725E-004  1.030190896576723E-003 -4.086465033574373E-004
      </IFC>
    </s_s1_m1_m2_m3.1.2.2.2.1>
    <s_s1_m1_m2_m3.1.2.3.2.1>
      <IFC type="real" size="9" columns="3">
-4.086465033574348E-004  1.030190896576723E-003  3.994368436193723E-004 
 1.030190896576725E-003 -4.028822496433873E-003 -1.030190896576721E-003 
 3.994368436193710E-004 -1.030190896576724E-003 -4.086465033574393E-004
      </IFC>
    </s_s1_m1_m2_m3.1.2.3.2.1>
    <s_s1_m1_m2_m3.1.2.4.2.1>
      <IFC type="real" size="9" columns="3">
-6.350864900910257E-002 -3.679558769471947E-002  3.679558769471947E-002 
-3.679558769471947E-002 -6.350864900910257E-002  3.679558769471947E-002 
 3.679558769471947E-002  3.679558769471947E-002 -6.350864900910258E-002
      </IFC>
    </s_s1_m1_m2_m3.1.2.4.2.1>
    <s_s1_m1_m2_m3.1.2.1.3.1>
      <IFC type="real" size="9" columns="3">
-4.028822496433868E-003 -1.030190896576722E-003 -1.030190896576723E-003 
-1.030190896576722E-003 -4.086465033574333E-004 -3.994368436193744E-004 
-1.030190896576723E-003 -3.994368436193753E-004 -4.086465033574342E-004
      </IFC>
    </s_s1_m1_m2_m3.1.2.1.3.1>
    <s_s1_m1_m2_m3.1.2.2.3.1>
      <IFC type="real" size="9" columns="3">
 6.603718677296534E-004  8.114502731429731E-004 -8.114502731429757E-004 
 8.114502731429746E-004  6.603718677296578E-004  8.114502731429733E-004 
-8.114502731429753E-004  8.114502731429727E-004  6.603718677296525E-004
      </IFC>
    </s_s1_m1_m2_m3.1.2.2.3.1>
    <s_s1_m1_m2_m3.1.2.3.3.1>
      <IFC type="real" size="9" columns="3">
-4.086465033574350E-004 -3.994368436193745E-004 -1.030190896576725E-003 
-3.994368436193752E-004 -4.086465033574394E-004 -1.030190896576724E-003 
-1.030190896576725E-003 -1.030190896576726E-003 -4.028822496433869E-003
      </IFC>
    </s_s1_m1_m2_m3.1.2.3.3.1>
    <s_s1_m1_m2_m3.1.2.4.3.1>
      <IFC type="real" size="9" columns="3">
 4.165147049896549E-004  7.787208235797318E-004 -4.692924771259853E-004 
 7.787208235797332E-004  3.971746637880158E-004  7.787208235797358E-004 
-4.692924771259839E-004  7.787208235797340E-004  4.165147049896576E-004
      </IFC>
    </s_s1_m1_m2_m3.1.2.4.3.1>
    <s_s1_m1_m2_m3.1.2.1.4.1>
      <IFC type="real" size="9" columns="3">
-4.028822496433869E-003  1.030190896576723E-003  1.030190896576721E-003 
 1.030190896576726E-003 -4.086465033574323E-004 -3.994368436193760E-004 
 1.030190896576721E-003 -3.994368436193766E-004 -4.086465033574374E-004
      </IFC>
    </s_s1_m1_m2_m3.1.2.1.4.1>
    <s_s1_m1_m2_m3.1.2.2.4.1>
      <IFC type="real" size="9" columns="3">
-4.086465033574392E-004 -3.994368436193742E-004  1.030190896576722E-003 
-3.994368436193736E-004 -4.086465033574373E-004  1.030190896576725E-003 
 1.030190896576722E-003  1.030190896576722E-003 -4.028822496433868E-003
      </IFC>
    </s_s1_m1_m2_m3.1.2.2.4.1>
    <s_s1_m1_m2_m3.1.2.3.4.1>
      <IFC type="real" size="9" columns="3">
 3.750275558163493E-005  2.990823298914630E-005 -3.287020405668311E-004 
 2.990823298914993E-005  3.750275558163846E-005  3.287020405668322E-004 
-3.287020405668317E-004  3.287020405668298E-004 -3.033613531752477E-005
      </IFC>
    </s_s1_m1_m2_m3.1.2.3.4.1>
    <s_s1_m1_m2_m3.1.2.4.4.1>
      <IFC type="real" size="9" columns="3">
-3.033613531752688E-005  3.287020405668322E-004 -3.287020405668322E-004 
 3.287020405668304E-004  3.750275558164155E-005  2.990823298915091E-005 
-3.287020405668322E-004  2.990823298915091E-005  3.750275558163894E-005
      </IFC>
    </s_s1_m1_m2_m3.1.2.4.4.1>
    <s_s1_m1_m2_m3.1.2.1.1.2>
      <IFC type="real" size="9" columns="3">
 3.971746637880160E-004 -7.787208235797323E-004  7.787208235797349E-004 
-7.787208235797323E-004  4.165147049896584E-004  4.692924771259859E-004 
 7.787208235797349E-004  4.692924771259855E-004  4.165147049896550E-004
      </IFC>
    </s_s1_m1_m2_m3.1.2.1.1.2>
    <s_s1_m1_m2_m3.1.2.2.1.2>
      <IFC type="real" size="9" columns="3">
 3.154702472371232E-004 -1.324395890308548E-004 -1.324395890308525E-004 
-1.324395890308541E-004  3.622169629865595E-004  9.698452839683198E-005 
-1.324395890308537E-004  9.698452839683230E-005  3.622169629865621E-004
      </IFC>
    </s_s1_m1_m2_m3.1.2.2.1.2>
    <s_s1_m1_m2_m3.1.2.3.1.2>
      <IFC type="real" size="9" columns="3">
 3.622169629865558E-004  9.698452839683371E-005 -1.324395890308528E-004 
 9.698452839683284E-005  3.622169629865567E-004 -1.324395890308510E-004 
-1.324395890308543E-004 -1.324395890308510E-004  3.154702472371244E-004
      </IFC>
    </s_s1_m1_m2_m3.1.2.3.1.2>
    <s_s1_m1_m2_m3.1.2.4.1.2>
      <IFC type="real" size="9" columns="3">
 4.165147049896529E-004  4.692924771259858E-004  7.787208235797320E-004 
 4.692924771259870E-004  4.165147049896574E-004 -7.787208235797316E-004 
 7.787208235797319E-004 -7.787208235797331E-004  3.971746637880144E-004
      </IFC>
    </s_s1_m1_m2_m3.1.2.4.1.2>
    <s_s1_m1_m2_m3.1.2.1.2.2>
      <IFC type="real" size="9" columns="3">
-4.086465033574377E-004  3.994368436193718E-004 -1.030190896576723E-003 
 3.994368436193753E-004 -4.086465033574377E-004  1.030190896576723E-003 
-1.030190896576723E-003  1.030190896576726E-003 -4.028822496433868E-003
      </IFC>
    </s_s1_m1_m2_m3.1.2.1.2.2>
    <s_s1_m1_m2_m3.1.2.2.2.2>
      <IFC type="real" size="9" columns="3">
 6.603718677296493E-004 -8.114502731429742E-004 -8.114502731429742E-004 
-8.114502731429753E-004  6.603718677296506E-004 -8.114502731429753E-004 
-8.114502731429732E-004 -8.114502731429748E-004  6.603718677296520E-004
      </IFC>
    </s_s1_m1_m2_m3.1.2.2.2.2>
    <s_s1_m1_m2_m3.1.2.3.2.2>
      <IFC type="real" size="9" columns="3">
-4.028822496433869E-003  1.030190896576724E-003 -1.030190896576724E-003 
 1.030190896576725E-003 -4.086465033574372E-004  3.994368436193751E-004 
-1.030190896576724E-003  3.994368436193750E-004 -4.086465033574356E-004
      </IFC>
    </s_s1_m1_m2_m3.1.2.3.2.2>
    <s_s1_m1_m2_m3.1.2.4.2.2>
      <IFC type="real" size="9" columns="3">
 4.165147049896623E-004 -7.787208235797336E-004 -4.692924771259823E-004 
-7.787208235797355E-004  3.971746637880170E-004 -7.787208235797340E-004 
-4.692924771259827E-004 -7.787208235797327E-004  4.165147049896528E-004
      </IFC>
    </s_s1_m1_m2_m3.1.2.4.2.2>
    <s_s1_m1_m2_m3.1.2.1.3.2>
      <IFC type="real" size="9" columns="3">
 6.603718677296528E-004 -8.114502731429744E-004  8.114502731429761E-004 
-8.114502731429744E-004  6.603718677296528E-004  8.114502731429753E-004 
 8.114502731429761E-004  8.114502731429748E-004  6.603718677296571E-004
      </IFC>
    </s_s1_m1_m2_m3.1.2.1.3.2>
    <s_s1_m1_m2_m3.1.2.2.3.2>
      <IFC type="real" size="9" columns="3">
 6.603718677296550E-004  8.114502731429753E-004  8.114502731429739E-004 
 8.114502731429751E-004  6.603718677296538E-004 -8.114502731429746E-004 
 8.114502731429733E-004 -8.114502731429747E-004  6.603718677296523E-004
      </IFC>
    </s_s1_m1_m2_m3.1.2.2.3.2>
    <s_s1_m1_m2_m3.1.2.3.3.2>
      <IFC type="real" size="9" columns="3">
 3.622169629865610E-004  1.324395890308517E-004 -9.698452839683350E-005 
 1.324395890308508E-004  3.154702472371236E-004 -1.324395890308484E-004 
-9.698452839683501E-005 -1.324395890308489E-004  3.622169629865549E-004
      </IFC>
    </s_s1_m1_m2_m3.1.2.3.3.2>
    <s_s1_m1_m2_m3.1.2.4.3.2>
      <IFC type="real" size="9" columns="3">
 3.622169629865581E-004 -1.324395890308520E-004 -9.698452839683339E-005 
-1.324395890308519E-004  3.154702472371215E-004  1.324395890308513E-004 
-9.698452839683409E-005  1.324395890308512E-004  3.622169629865575E-004
      </IFC>
    </s_s1_m1_m2_m3.1.2.4.3.2>
    <s_s1_m1_m2_m3.1.2.1.4.2>
      <IFC type="real" size="9" columns="3">
-4.086465033574325E-004  1.030190896576725E-003 -3.994368436193769E-004 
 1.030190896576726E-003 -4.028822496433866E-003  1.030190896576724E-003 
-3.994368436193772E-004  1.030190896576722E-003 -4.086465033574389E-004
      </IFC>
    </s_s1_m1_m2_m3.1.2.1.4.2>
    <s_s1_m1_m2_m3.1.2.2.4.2>
      <IFC type="real" size="9" columns="3">
 3.154702472371260E-004  1.324395890308510E-004  1.324395890308511E-004 
 1.324395890308509E-004  3.622169629865618E-004  9.698452839683393E-005 
 1.324395890308526E-004  9.698452839683322E-005  3.622169629865593E-004
      </IFC>
    </s_s1_m1_m2_m3.1.2.2.4.2>
    <s_s1_m1_m2_m3.1.2.3.4.2>
      <IFC type="real" size="9" columns="3">
 5.601366477913173E-004 -1.612988423501158E-004  1.612988423501135E-004 
-1.612988423501139E-004  5.601366477913228E-004 -1.612988423501124E-004 
 1.612988423501145E-004 -1.612988423501137E-004  5.601366477913203E-004
      </IFC>
    </s_s1_m1_m2_m3.1.2.3.4.2>
    <s_s1_m1_m2_m3.1.2.4.4.2>
      <IFC type="real" size="9" columns="3">
 3.622169629865561E-004  9.698452839683279E-005  1.324395890308507E-004 
 9.698452839683181E-005  3.622169629865519E-004  1.324395890308523E-004 
 1.324395890308520E-004  1.324395890308525E-004  3.154702472371239E-004
      </IFC>
    </s_s1_m1_m2_m3.1.2.4.4.2>
    <s_s1_m1_m2_m3.1.2.1.1.3>
      <IFC type="real" size="9" columns="3">
 3.750275558163374E-005 -2.990823298915438E-005  3.287020405668348E-004 
-2.990823298915438E-005  3.750275558163374E-005  3.287020405668348E-004 
 3.287020405668348E-004  3.287020405668348E-004 -3.033613531753382E-005
      </IFC>
    </s_s1_m1_m2_m3.1.2.1.1.3>
    <s_s1_m1_m2_m3.1.2.2.1.3>
      <IFC type="real" size="9" columns="3">
 3.622169629865573E-004 -1.324395890308568E-004  9.698452839683387E-005 
-1.324395890308559E-004  3.154702472371225E-004 -1.324395890308513E-004 
 9.698452839683463E-005 -1.324395890308524E-004  3.622169629865576E-004
      </IFC>
    </s_s1_m1_m2_m3.1.2.2.1.3>
    <s_s1_m1_m2_m3.1.2.3.1.3>
      <IFC type="real" size="9" columns="3">
-3.033613531752791E-005  3.287020405668330E-004  3.287020405668326E-004 
 3.287020405668327E-004  3.750275558163927E-005 -2.990823298915004E-005 
 3.287020405668335E-004 -2.990823298915031E-005  3.750275558163764E-005
      </IFC>
    </s_s1_m1_m2_m3.1.2.3.1.3>
    <s_s1_m1_m2_m3.1.2.4.1.3>
      <IFC type="real" size="9" columns="3">
 2.829680249094809E-004 -1.333903623672486E-004  1.333903623672487E-004 
-1.333903623672467E-004  2.829680249094823E-004 -1.333903623672460E-004 
 1.333903623672499E-004 -1.333903623672473E-004  2.829680249094808E-004
      </IFC>
    </s_s1_m1_m2_m3.1.2.4.1.3>
    <s_s1_m1_m2_m3.1.2.1.2.3>
      <IFC type="real" size="9" columns="3">
-4.086465033574377E-004  3.994368436193718E-004  1.030190896576726E-003 
 3.994368436193753E-004 -4.086465033574377E-004 -1.030190896576723E-003 
 1.030190896576726E-003 -1.030190896576723E-003 -4.028822496433868E-003
      </IFC>
    </s_s1_m1_m2_m3.1.2.1.2.3>
    <s_s1_m1_m2_m3.1.2.2.2.3>
      <IFC type="real" size="9" columns="3">
-4.028822496433866E-003 -1.030190896576724E-003  1.030190896576724E-003 
-1.030190896576724E-003 -4.086465033574294E-004  3.994368436193749E-004 
 1.030190896576724E-003  3.994368436193733E-004 -4.086465033574338E-004
      </IFC>
    </s_s1_m1_m2_m3.1.2.2.2.3>
    <s_s1_m1_m2_m3.1.2.3.2.3>
      <IFC type="real" size="9" columns="3">
-3.033613531752721E-005 -3.287020405668336E-004 -3.287020405668320E-004 
-3.287020405668308E-004  3.750275558163894E-005 -2.990823298915004E-005 
-3.287020405668331E-004 -2.990823298915156E-005  3.750275558163856E-005
      </IFC>
    </s_s1_m1_m2_m3.1.2.3.2.3>
    <s_s1_m1_m2_m3.1.2.4.2.3>
      <IFC type="real" size="9" columns="3">
 3.750275558163374E-005 -2.990823298914744E-005 -3.287020405668348E-004 
-2.990823298915438E-005  3.750275558163374E-005 -3.287020405668348E-004 
-3.287020405668348E-004 -3.287020405668348E-004 -3.033613531752688E-005
      </IFC>
    </s_s1_m1_m2_m3.1.2.4.2.3>
    <s_s1_m1_m2_m3.1.2.1.3.3>
      <IFC type="real" size="9" columns="3">
-4.086465033574325E-004 -1.030190896576724E-003 -3.994368436193753E-004 
-1.030190896576724E-003 -4.028822496433863E-003 -1.030190896576724E-003 
-3.994368436193753E-004 -1.030190896576725E-003 -4.086465033574342E-004
      </IFC>
    </s_s1_m1_m2_m3.1.2.1.3.3>
    <s_s1_m1_m2_m3.1.2.2.3.3>
      <IFC type="real" size="9" columns="3">
 3.622169629865548E-004 -9.698452839683512E-005  1.324395890308498E-004 
-9.698452839683431E-005  3.622169629865561E-004 -1.324395890308487E-004 
 1.324395890308503E-004 -1.324395890308488E-004  3.154702472371200E-004
      </IFC>
    </s_s1_m1_m2_m3.1.2.2.3.3>
    <s_s1_m1_m2_m3.1.2.3.3.3>
      <IFC type="real" size="9" columns="3">
 5.601366477913147E-004  1.612988423501123E-004  1.612988423501129E-004 
 1.612988423501117E-004  5.601366477913155E-004  1.612988423501129E-004 
 1.612988423501130E-004  1.612988423501129E-004  5.601366477913181E-004
      </IFC>
    </s_s1_m1_m2_m3.1.2.3.3.3>
    <s_s1_m1_m2_m3.1.2.4.3.3>
      <IFC type="real" size="9" columns="3">
 3.154702472371245E-004 -1.324395890308519E-004  1.324395890308491E-004 
-1.324395890308512E-004  3.622169629865570E-004 -9.698452839683306E-005 
 1.324395890308506E-004 -9.698452839683431E-005  3.622169629865586E-004
      </IFC>
    </s_s1_m1_m2_m3.1.2.4.3.3>
    <s_s1_m1_m2_m3.1.2.1.4.3>
      <IFC type="real" size="9" columns="3">
 3.750275558164241E-005 -3.287020405668326E-004  2.990823298914928E-005 
-3.287020405668299E-004 -3.033613531752840E-005  3.287020405668323E-004 
 2.990823298914896E-005  3.287020405668300E-004  3.750275558163407E-005
      </IFC>
    </s_s1_m1_m2_m3.1.2.1.4.3>
    <s_s1_m1_m2_m3.1.2.2.4.3>
      <IFC type="real" size="9" columns="3">
 5.601366477913183E-004  1.612988423501124E-004 -1.612988423501137E-004 
 1.612988423501127E-004  5.601366477913151E-004 -1.612988423501101E-004 
-1.612988423501142E-004 -1.612988423501124E-004  5.601366477913203E-004
      </IFC>
    </s_s1_m1_m2_m3.1.2.2.4.3>
    <s_s1_m1_m2_m3.1.2.3.4.3>
