<?xml version="1.0"?>
<?iotk version="1.2.0"?>
<?iotk file_version="1.0"?>
<?iotk binary="F"?>
<?iotk qe_syntax="F"?>
<Root>
  <GEOMETRY_INFO>
    <NUMBER_OF_TYPES type="integer" size="1">
         1
    </NUMBER_OF_TYPES>
    <NUMBER_OF_ATOMS type="integer" size="1">
         2
    </NUMBER_OF_ATOMS>
    <BRAVAIS_LATTICE_INDEX type="integer" size="1">
         0
    </BRAVAIS_LATTICE_INDEX>
    <SPIN_COMPONENTS type="integer" size="1">
         1
    </SPIN_COMPONENTS>
    <CELL_DIMENSIONS type="real" size="6">
 1.005000000000000E+001
 0.000000000000000E+000
 0.000000000000000E+000
 0.000000000000000E+000
 0.000000000000000E+000
 0.000000000000000E+000
    </CELL_DIMENSIONS>
    <AT type="real" size="9" columns="3">
-4.999999999999998E-001  0.000000000000000E+000  4.999999999999998E-001 
 0.000000000000000E+000  4.999999999999998E-001  4.999999999999998E-001 
-4.999999999999998E-001  4.999999999999998E-001  0.000000000000000E+000
    </AT>
    <BG type="real" size="9" columns="3">
-1.000000000000000E+000 -1.000000000000000E+000  1.000000000000000E+000 
 1.000000000000000E+000  1.000000000000000E+000  1.000000000000000E+000 
-1.000000000000000E+000  1.000000000000000E+000 -1.000000000000000E+000
    </BG>
    <UNIT_CELL_VOLUME_AU type="real" size="1">
 2.537687812499998E+002
    </UNIT_CELL_VOLUME_AU>
    <TYPE_NAME.1 type="character" size="1" len="3">
Si 
    </TYPE_NAME.1>
    <MASS.1 type="real" size="1">
 2.808600000000000E+001
    </MASS.1>
    <ATOM.1 SPECIES="Si " INDEX="1" TAU="0.000000000000000E+000 0.000000000000000E+000 0.000000000000000E+000"/>
    <ATOM.2 SPECIES="Si " INDEX="1" TAU="2.500000000000000E-001 2.500000000000000E-001 2.500000000000000E-001"/>
    <NUMBER_OF_Q type="integer" size="1">
         6
    </NUMBER_OF_Q>
  </GEOMETRY_INFO>
  <DIELECTRIC_PROPERTIES>
    <EPSILON type="real" size="9" columns="3">
 2.185125375138792E+001 -1.598721155460225E-014 -1.243449787580175E-014 
-1.598721155460225E-014  2.185125375138792E+001  1.243449787580175E-014 
-1.243449787580175E-014  1.243449787580175E-014  2.185125375138792E+001
    </EPSILON>
    <ZSTAR>
      <Z_AT_.1 type="real" size="9" columns="3">
-4.662936703425657E-015 -3.108624468950438E-015 -8.881784197001252E-016 
-2.886579864025407E-015 -4.662936703425657E-015  1.110223024625157E-015 
-6.661338147750940E-016  2.220446049250313E-015 -4.662936703425657E-015
      </Z_AT_.1>
      <Z_AT_.2 type="real" size="9" columns="3">
 4.440892098500626E-015  3.108624468950438E-015  8.881784197001252E-016 
 2.886579864025407E-015  4.440892098500626E-015 -1.110223024625156E-015 
 6.661338147750940E-016 -2.220446049250313E-015  4.440892098500626E-015
      </Z_AT_.2>
    </ZSTAR>
  </DIELECTRIC_PROPERTIES>
  <INTERATOMIC_FORCE_CONSTANTS>
    <MESH_NQ1_NQ2_NQ3 type="integer" size="3" columns="3">
         4          4          4
    </MESH_NQ1_NQ2_NQ3>
    <s_s1_m1_m2_m3.1.1.1.1.1>
      <IFC type="real" size="9" columns="3">
 3.034374273794175E-001  2.547875105340935E-018  3.686287386450715E-018 
 2.547875105340935E-018  3.034374273794175E-001 -2.954450920023000E-018 
 3.686287386450715E-018 -2.954450920023000E-018  3.034374273794175E-001
      </IFC>
    </s_s1_m1_m2_m3.1.1.1.1.1>
    <s_s1_m1_m2_m3.1.1.2.1.1>
      <IFC type="real" size="9" columns="3">
-3.970088604007384E-003 -1.920230141580207E-003  4.769352158153363E-003 
 1.920230141580193E-003  1.085359253567011E-002 -1.920230141580192E-003 
 4.769352158153363E-003  1.920230141580208E-003 -3.970088604007382E-003
      </IFC>
    </s_s1_m1_m2_m3.1.1.2.1.1>
    <s_s1_m1_m2_m3.1.1.3.1.1>
      <IFC type="real" size="9" columns="3">
-4.299107478717562E-005  1.035413074723657E-017  4.778509293704654E-004 
 1.035413074723657E-017  4.134010566589635E-003 -5.177065373618284E-018 
 4.778509293704654E-004 -5.177065373618284E-018 -4.299107478717736E-005
      </IFC>
    </s_s1_m1_m2_m3.1.1.3.1.1>
    <s_s1_m1_m2_m3.1.1.4.1.1>
      <IFC type="real" size="9" columns="3">
-3.970088604007384E-003  1.920230141580193E-003  4.769352158153363E-003 
-1.920230141580207E-003  1.085359253567011E-002  1.920230141580208E-003 
 4.769352158153363E-003 -1.920230141580192E-003 -3.970088604007382E-003
      </IFC>
    </s_s1_m1_m2_m3.1.1.4.1.1>
    <s_s1_m1_m2_m3.1.1.1.2.1>
      <IFC type="real" size="9" columns="3">
 1.085359253567010E-002  1.920230141580193E-003  1.920230141580195E-003 
-1.920230141580207E-003 -3.970088604007382E-003 -4.769352158153362E-003 
-1.920230141580205E-003 -4.769352158153363E-003 -3.970088604007393E-003
      </IFC>
    </s_s1_m1_m2_m3.1.1.1.2.1>
    <s_s1_m1_m2_m3.1.1.2.2.1>
      <IFC type="real" size="9" columns="3">
-4.442742295525191E-004 -4.550532688757546E-004  3.404429927315749E-004 
-4.550532688757546E-004 -4.442742295525225E-004 -3.404429927315735E-004 
 4.925711386749316E-004 -4.925711386749302E-004 -3.304886811291048E-004
      </IFC>
    </s_s1_m1_m2_m3.1.1.2.2.1>
    <s_s1_m1_m2_m3.1.1.3.2.1>
      <IFC type="real" size="9" columns="3">
-3.304886811291118E-004 -4.925711386749339E-004  4.925711386749260E-004 
-3.404429927315775E-004 -4.442742295525295E-004 -4.550532688757546E-004 
 3.404429927315695E-004 -4.550532688757546E-004 -4.442742295525191E-004
      </IFC>
    </s_s1_m1_m2_m3.1.1.3.2.1>
    <s_s1_m1_m2_m3.1.1.4.2.1>
      <IFC type="real" size="9" columns="3">
-3.970088604007370E-003 -4.769352158153356E-003 -1.920230141580191E-003 
-4.769352158153356E-003 -3.970088604007370E-003 -1.920230141580206E-003 
 1.920230141580209E-003  1.920230141580194E-003  1.085359253567012E-002
      </IFC>
    </s_s1_m1_m2_m3.1.1.4.2.1>
    <s_s1_m1_m2_m3.1.1.1.3.1>
      <IFC type="real" size="9" columns="3">
 4.134010566589630E-003  1.143833291972207E-017  8.348356728138384E-018 
 1.143833291972207E-017 -4.299107478716868E-005 -4.778509293704632E-004 
 8.348356728138384E-018 -4.778509293704632E-004 -4.299107478716868E-005
      </IFC>
    </s_s1_m1_m2_m3.1.1.1.3.1>
    <s_s1_m1_m2_m3.1.1.2.3.1>
      <IFC type="real" size="9" columns="3">
-4.442742295525260E-004 -3.404429927315800E-004  4.550532688757535E-004 
-4.925711386749366E-004 -3.304886811291109E-004 -4.925711386749299E-004 
 4.550532688757536E-004 -3.404429927315732E-004 -4.442742295525243E-004
      </IFC>
    </s_s1_m1_m2_m3.1.1.2.3.1>
    <s_s1_m1_m2_m3.1.1.3.3.1>
      <IFC type="real" size="9" columns="3">
-4.299107478717562E-005 -4.778509293704610E-004 -2.168404344971009E-018 
-4.778509293704610E-004 -4.299107478717736E-005  3.876022766635678E-018 
-2.168404344971009E-018  3.876022766635678E-018  4.134010566589607E-003
      </IFC>
    </s_s1_m1_m2_m3.1.1.3.3.1>
    <s_s1_m1_m2_m3.1.1.4.3.1>
      <IFC type="real" size="9" columns="3">
-4.442742295525260E-004 -4.925711386749366E-004  4.550532688757536E-004 
-3.404429927315800E-004 -3.304886811291109E-004 -3.404429927315732E-004 
 4.550532688757535E-004 -4.925711386749299E-004 -4.442742295525243E-004
      </IFC>
    </s_s1_m1_m2_m3.1.1.4.3.1>
    <s_s1_m1_m2_m3.1.1.1.4.1>
      <IFC type="real" size="9" columns="3">
 1.085359253567010E-002 -1.920230141580207E-003 -1.920230141580205E-003 
 1.920230141580193E-003 -3.970088604007382E-003 -4.769352158153363E-003 
 1.920230141580195E-003 -4.769352158153362E-003 -3.970088604007393E-003
      </IFC>
    </s_s1_m1_m2_m3.1.1.1.4.1>
    <s_s1_m1_m2_m3.1.1.2.4.1>
      <IFC type="real" size="9" columns="3">
-3.970088604007370E-003 -4.769352158153356E-003  1.920230141580209E-003 
-4.769352158153356E-003 -3.970088604007370E-003  1.920230141580194E-003 
-1.920230141580191E-003 -1.920230141580206E-003  1.085359253567012E-002
      </IFC>
    </s_s1_m1_m2_m3.1.1.2.4.1>
    <s_s1_m1_m2_m3.1.1.3.4.1>
      <IFC type="real" size="9" columns="3">
-3.304886811291118E-004 -3.404429927315775E-004  3.404429927315695E-004 
-4.925711386749339E-004 -4.442742295525295E-004 -4.550532688757546E-004 
 4.925711386749260E-004 -4.550532688757546E-004 -4.442742295525191E-004
      </IFC>
    </s_s1_m1_m2_m3.1.1.3.4.1>
    <s_s1_m1_m2_m3.1.1.4.4.1>
      <IFC type="real" size="9" columns="3">
-4.442742295525191E-004 -4.550532688757546E-004  4.925711386749316E-004 
-4.550532688757546E-004 -4.442742295525225E-004 -4.925711386749302E-004 
 3.404429927315749E-004 -3.404429927315735E-004 -3.304886811291048E-004
      </IFC>
    </s_s1_m1_m2_m3.1.1.4.4.1>
    <s_s1_m1_m2_m3.1.1.1.1.2>
      <IFC type="real" size="9" columns="3">
-3.970088604007382E-003  4.769352158153358E-003 -1.920230141580207E-003 
 4.769352158153358E-003 -3.970088604007382E-003  1.920230141580207E-003 
 1.920230141580193E-003 -1.920230141580194E-003  1.085359253567009E-002
      </IFC>
    </s_s1_m1_m2_m3.1.1.1.1.2>
    <s_s1_m1_m2_m3.1.1.2.1.2>
      <IFC type="real" size="9" columns="3">
-3.304886811291057E-004  4.925711386749326E-004  4.925711386749309E-004 
 3.404429927315758E-004 -4.442742295525191E-004  4.550532688757584E-004 
 3.404429927315744E-004  4.550532688757584E-004 -4.442742295525156E-004
      </IFC>
    </s_s1_m1_m2_m3.1.1.2.1.2>
    <s_s1_m1_m2_m3.1.1.3.1.2>
      <IFC type="real" size="9" columns="3">
-4.442742295525156E-004  4.550532688757541E-004  3.404429927315702E-004 
 4.550532688757543E-004 -4.442742295525295E-004  3.404429927315784E-004 
 4.925711386749267E-004  4.925711386749348E-004 -3.304886811291048E-004
      </IFC>
    </s_s1_m1_m2_m3.1.1.3.1.2>
    <s_s1_m1_m2_m3.1.1.4.1.2>
      <IFC type="real" size="9" columns="3">
 1.085359253567012E-002 -1.920230141580193E-003  1.920230141580209E-003 
 1.920230141580207E-003 -3.970088604007367E-003  4.769352158153358E-003 
-1.920230141580191E-003  4.769352158153358E-003 -3.970088604007370E-003
      </IFC>
    </s_s1_m1_m2_m3.1.1.4.1.2>
    <s_s1_m1_m2_m3.1.1.1.2.2>
      <IFC type="real" size="9" columns="3">
-4.442742295525139E-004  3.404429927315749E-004 -4.550532688757567E-004 
 4.925711386749315E-004 -3.304886811291048E-004 -4.925711386749291E-004 
-4.550532688757563E-004 -3.404429927315724E-004 -4.442742295525173E-004
      </IFC>
    </s_s1_m1_m2_m3.1.1.1.2.2>
    <s_s1_m1_m2_m3.1.1.2.2.2>
      <IFC type="real" size="9" columns="3">
-1.589060651693928E-005 -1.409462824231156E-018 -3.252606517456513E-018 
-1.409462824231156E-018 -1.589060651693581E-005  3.035766082959412E-018 
-3.252606517456513E-018  2.981555974335137E-018 -1.589060651692974E-005
      </IFC>
    </s_s1_m1_m2_m3.1.1.2.2.2>
    <s_s1_m1_m2_m3.1.1.3.2.2>
      <IFC type="real" size="9" columns="3">
-4.442742295525156E-004 -3.404429927315723E-004 -4.550532688757542E-004 
-4.925711386749290E-004 -3.304886811291135E-004  4.925711386749284E-004 
-4.550532688757542E-004  3.404429927315719E-004 -4.442742295525173E-004
      </IFC>
    </s_s1_m1_m2_m3.1.1.3.2.2>
    <s_s1_m1_m2_m3.1.1.4.2.2>
      <IFC type="real" size="9" columns="3">
-4.134309061077255E-004  1.084202172485504E-018 -2.873135757086587E-018 
 1.084202172485504E-018 -4.130132171216759E-004 -2.764715539838036E-018 
-2.873135757086587E-018 -2.656295322589486E-018 -4.134309061077247E-004
      </IFC>
    </s_s1_m1_m2_m3.1.1.4.2.2>
    <s_s1_m1_m2_m3.1.1.1.3.2>
      <IFC type="real" size="9" columns="3">
-4.442742295525243E-004  4.550532688757546E-004 -3.404429927315768E-004 
 4.550532688757544E-004 -4.442742295525104E-004 -3.404429927315702E-004 
-4.925711386749333E-004 -4.925711386749264E-004 -3.304886811291013E-004
      </IFC>
    </s_s1_m1_m2_m3.1.1.1.3.2>
    <s_s1_m1_m2_m3.1.1.2.3.2>
      <IFC type="real" size="9" columns="3">
-3.304886811291092E-004 -4.925711386749277E-004 -4.925711386749273E-004 
-3.404429927315710E-004 -4.442742295525121E-004  4.550532688757579E-004 
-3.404429927315706E-004  4.550532688757581E-004 -4.442742295525121E-004
      </IFC>
    </s_s1_m1_m2_m3.1.1.2.3.2>
    <s_s1_m1_m2_m3.1.1.3.3.2>
      <IFC type="real" size="9" columns="3">
-5.180475903360428E-004 -9.083570956228470E-005 -1.019060462962208E-004 
-9.083570956228478E-005 -5.180475903360428E-004  1.019060462962236E-004 
 1.019060462962246E-004 -1.019060462962217E-004 -3.775257043956391E-004
      </IFC>
    </s_s1_m1_m2_m3.1.1.3.3.2>
    <s_s1_m1_m2_m3.1.1.4.3.2>
      <IFC type="real" size="9" columns="3">
-3.775257043956383E-004 -1.019060462962243E-004  1.019060462962204E-004 
 1.019060462962212E-004 -5.180475903360498E-004 -9.083570956228544E-005 
-1.019060462962251E-004 -9.083570956228555E-005 -5.180475903360498E-004
      </IFC>
    </s_s1_m1_m2_m3.1.1.4.3.2>
    <s_s1_m1_m2_m3.1.1.1.4.2>
      <IFC type="real" size="9" columns="3">
-3.970088604007379E-003  1.920230141580207E-003 -4.769352158153352E-003 
-1.920230141580192E-003  1.085359253567013E-002 -1.920230141580201E-003 
-4.769352158153353E-003  1.920230141580198E-003 -3.970088604007375E-003
      </IFC>
    </s_s1_m1_m2_m3.1.1.1.4.2>
    <s_s1_m1_m2_m3.1.1.2.4.2>
      <IFC type="real" size="9" columns="3">
-4.130132171216759E-004  2.385244779468110E-018  3.306816626080789E-018 
 2.385244779468110E-018 -4.134309061077221E-004  2.222614453595284E-018 
 3.306816626080789E-018  2.114194236346734E-018 -4.134309061077316E-004
      </IFC>
    </s_s1_m1_m2_m3.1.1.2.4.2>
    <s_s1_m1_m2_m3.1.1.3.4.2>
      <IFC type="real" size="9" columns="3">
-5.180475903360498E-004  1.019060462962211E-004  9.083570956228812E-005 
-1.019060462962243E-004 -3.775257043956409E-004 -1.019060462962155E-004 
 9.083570956228829E-005  1.019060462962299E-004 -5.180475903360446E-004
      </IFC>
    </s_s1_m1_m2_m3.1.1.3.4.2>
    <s_s1_m1_m2_m3.1.1.4.4.2>
      <IFC type="real" size="9" columns="3">
-4.134309061077290E-004 -2.710505431213761E-018  3.794707603699266E-018 
-2.710505431213761E-018 -4.134309061077290E-004 -2.764715539838036E-018 
 3.794707603699266E-018 -2.710505431213761E-018 -4.130132171216768E-004
      </IFC>
    </s_s1_m1_m2_m3.1.1.4.4.2>
    <s_s1_m1_m2_m3.1.1.1.1.3>
      <IFC type="real" size="9" columns="3">
-4.299107478716868E-005  4.778509293704662E-004  6.179952383167375E-018 
 4.778509293704662E-004 -4.299107478716868E-005 -6.694948415097990E-018 
 6.179952383167375E-018 -6.694948415097990E-018  4.134010566589630E-003
      </IFC>
    </s_s1_m1_m2_m3.1.1.1.1.3>
    <s_s1_m1_m2_m3.1.1.2.1.3>
      <IFC type="real" size="9" columns="3">
-4.442742295525191E-004  3.404429927315687E-004  4.550532688757550E-004 
 4.925711386749255E-004 -3.304886811291109E-004  4.925711386749314E-004 
 4.550532688757550E-004  3.404429927315747E-004 -4.442742295525312E-004
      </IFC>
    </s_s1_m1_m2_m3.1.1.2.1.3>
    <s_s1_m1_m2_m3.1.1.3.1.3>
      <IFC type="real" size="9" columns="3">
 4.134010566589612E-003 -4.716279450311944E-018 -3.469446951953614E-018 
-4.716279450311944E-018 -4.299107478717736E-005  4.778509293704635E-004 
-3.469446951953614E-018  4.778509293704635E-004 -4.299107478716695E-005
      </IFC>
    </s_s1_m1_m2_m3.1.1.3.1.3>
    <s_s1_m1_m2_m3.1.1.4.1.3>
      <IFC type="real" size="9" columns="3">
-4.442742295525191E-004  4.925711386749255E-004  4.550532688757550E-004 
 3.404429927315687E-004 -3.304886811291109E-004  3.404429927315747E-004 
 4.550532688757550E-004  4.925711386749314E-004 -4.442742295525312E-004
      </IFC>
    </s_s1_m1_m2_m3.1.1.4.1.3>
    <s_s1_m1_m2_m3.1.1.1.2.3>
      <IFC type="real" size="9" columns="3">
-3.304886811291048E-004  4.925711386749246E-004 -4.925711386749321E-004 
 3.404429927315684E-004 -4.442742295525173E-004 -4.550532688757545E-004 
-3.404429927315760E-004 -4.550532688757550E-004 -4.442742295525277E-004
      </IFC>
    </s_s1_m1_m2_m3.1.1.1.2.3>
    <s_s1_m1_m2_m3.1.1.2.2.3>
      <IFC type="real" size="9" columns="3">
-4.442742295525156E-004 -4.550532688757527E-004 -3.404429927315700E-004 
-4.550532688757527E-004 -4.442742295525156E-004  3.404429927315738E-004 
-4.925711386749266E-004  4.925711386749304E-004 -3.304886811291083E-004
      </IFC>
    </s_s1_m1_m2_m3.1.1.2.2.3>
    <s_s1_m1_m2_m3.1.1.3.2.3>
      <IFC type="real" size="9" columns="3">
-3.775257043956357E-004  1.019060462962217E-004  1.019060462962243E-004 
-1.019060462962235E-004 -5.180475903360359E-004  9.083570956228091E-005 
-1.019060462962210E-004  9.083570956228097E-005 -5.180475903360428E-004
      </IFC>
    </s_s1_m1_m2_m3.1.1.3.2.3>
    <s_s1_m1_m2_m3.1.1.4.2.3>
      <IFC type="real" size="9" columns="3">
-5.180475903360498E-004  9.083570956228788E-005 -1.019060462962249E-004 
 9.083570956228788E-005 -5.180475903360533E-004 -1.019060462962172E-004 
 1.019060462962206E-004  1.019060462962285E-004 -3.775257043956426E-004
      </IFC>
    </s_s1_m1_m2_m3.1.1.4.2.3>
    <s_s1_m1_m2_m3.1.1.1.3.3>
      <IFC type="real" size="9" columns="3">
-4.299107478716868E-005 -1.029992063861229E-018 -4.778509293704609E-004 
-1.029992063861229E-018  4.134010566589630E-003  4.092863201132779E-018 
-4.778509293704609E-004  4.092863201132779E-018 -4.299107478716868E-005
      </IFC>
    </s_s1_m1_m2_m3.1.1.1.3.3>
    <s_s1_m1_m2_m3.1.1.2.3.3>
      <IFC type="real" size="9" columns="3">
-5.180475903360394E-004 -1.019060462962231E-004 -9.083570956228067E-005 
 1.019060462962224E-004 -3.775257043956400E-004 -1.019060462962212E-004 
-9.083570956228056E-005  1.019060462962243E-004 -5.180475903360376E-004
      </IFC>
    </s_s1_m1_m2_m3.1.1.2.3.3>
    <s_s1_m1_m2_m3.1.1.3.3.3>
      <IFC type="real" size="9" columns="3">
 1.481858339963220E-004  5.421010862427522E-020  1.626303258728257E-018 
 5.421010862427522E-020  1.481858339963168E-004  3.279711571768651E-018 
 1.626303258728257E-018  3.279711571768651E-018  1.481858339963133E-004
      </IFC>
    </s_s1_m1_m2_m3.1.1.3.3.3>
    <s_s1_m1_m2_m3.1.1.4.3.3>
      <IFC type="real" size="9" columns="3">
-5.180475903360394E-004  1.019060462962224E-004 -9.083570956228056E-005 
-1.019060462962231E-004 -3.775257043956400E-004  1.019060462962243E-004 
-9.083570956228067E-005 -1.019060462962212E-004 -5.180475903360376E-004
      </IFC>
    </s_s1_m1_m2_m3.1.1.4.3.3>
    <s_s1_m1_m2_m3.1.1.1.4.3>
      <IFC type="real" size="9" columns="3">
-3.304886811291048E-004  3.404429927315684E-004 -3.404429927315760E-004 
 4.925711386749246E-004 -4.442742295525173E-004 -4.550532688757550E-004 
-4.925711386749321E-004 -4.550532688757545E-004 -4.442742295525277E-004
      </IFC>
    </s_s1_m1_m2_m3.1.1.1.4.3>
    <s_s1_m1_m2_m3.1.1.2.4.3>
      <IFC type="real" size="9" columns="3">
-5.180475903360498E-004  9.083570956228788E-005  1.019060462962206E-004 
 9.083570956228788E-005 -5.180475903360533E-004  1.019060462962285E-004 
-1.019060462962249E-004 -1.019060462962172E-004 -3.775257043956426E-004
      </IFC>
    </s_s1_m1_m2_m3.1.1.2.4.3>
    <s_s1_m1_m2_m3.1.1.3.4.3>
      <IFC type="real" size="9" columns="3">
-3.775257043956357E-004 -1.019060462962235E-004 -1.019060462962210E-004 
 1.019060462962217E-004 -5.180475903360359E-004  9.083570956228097E-005 
 1.019060462962243E-004  9.083570956228091E-005 -5.180475903360428E-004
      </IFC>
    </s_s1_m1_m2_m3.1.1.3.4.3>
    <s_s1_m1_m2_m3.1.1.4.4.3>
      <IFC type="real" size="9" columns="3">
-4.442742295525156E-004 -4.550532688757527E-004 -4.925711386749266E-004 
-4.550532688757527E-004 -4.442742295525156E-004  4.925711386749304E-004 
-3.404429927315700E-004  3.404429927315738E-004 -3.304886811291083E-004
      </IFC>
    </s_s1_m1_m2_m3.1.1.4.4.3>
    <s_s1_m1_m2_m3.1.1.1.1.4>
      <IFC type="real" size="9" columns="3">
-3.970088604007382E-003  4.769352158153358E-003  1.920230141580193E-003 
 4.769352158153358E-003 -3.970088604007382E-003 -1.920230141580194E-003 
-1.920230141580207E-003  1.920230141580207E-003  1.085359253567009E-002
      </IFC>
    </s_s1_m1_m2_m3.1.1.1.1.4>
    <s_s1_m1_m2_m3.1.1.2.1.4>
      <IFC type="real" size="9" columns="3">
 1.085359253567012E-002  1.920230141580207E-003 -1.920230141580191E-003 
-1.920230141580193E-003 -3.970088604007367E-003  4.769352158153358E-003 
 1.920230141580209E-003  4.769352158153358E-003 -3.970088604007370E-003
      </IFC>
    </s_s1_m1_m2_m3.1.1.2.1.4>
    <s_s1_m1_m2_m3.1.1.3.1.4>
      <IFC type="real" size="9" columns="3">
-4.442742295525156E-004  4.550532688757543E-004  4.925711386749267E-004 
 4.550532688757541E-004 -4.442742295525295E-004  4.925711386749348E-004 
 3.404429927315702E-004  3.404429927315784E-004 -3.304886811291048E-004
      </IFC>
    </s_s1_m1_m2_m3.1.1.3.1.4>
    <s_s1_m1_m2_m3.1.1.4.1.4>
      <IFC type="real" size="9" columns="3">
-3.304886811291057E-004  3.404429927315758E-004  3.404429927315744E-004 
 4.925711386749326E-004 -4.442742295525191E-004  4.550532688757584E-004 
 4.925711386749309E-004  4.550532688757584E-004 -4.442742295525156E-004
      </IFC>
    </s_s1_m1_m2_m3.1.1.4.1.4>
    <s_s1_m1_m2_m3.1.1.1.2.4>
      <IFC type="real" size="9" columns="3">
-3.970088604007379E-003 -1.920230141580192E-003 -4.769352158153353E-003 
 1.920230141580207E-003  1.085359253567013E-002  1.920230141580198E-003 
-4.769352158153352E-003 -1.920230141580201E-003 -3.970088604007375E-003
      </IFC>
    </s_s1_m1_m2_m3.1.1.1.2.4>
    <s_s1_m1_m2_m3.1.1.2.2.4>
      <IFC type="real" size="9" columns="3">
-4.134309061077290E-004 -2.710505431213761E-018  3.794707603699266E-018 
-2.710505431213761E-018 -4.134309061077290E-004 -2.710505431213761E-018 
 3.794707603699266E-018 -2.764715539838036E-018 -4.130132171216768E-004
      </IFC>
    </s_s1_m1_m2_m3.1.1.2.2.4>
    <s_s1_m1_m2_m3.1.1.3.2.4>
      <IFC type="real" size="9" columns="3">
-5.180475903360498E-004 -1.019060462962243E-004  9.083570956228829E-005 
 1.019060462962211E-004 -3.775257043956409E-004  1.019060462962299E-004 
 9.083570956228812E-005 -1.019060462962155E-004 -5.180475903360446E-004
      </IFC>
    </s_s1_m1_m2_m3.1.1.3.2.4>
    <s_s1_m1_m2_m3.1.1.4.2.4>
      <IFC type="real" size="9" columns="3">
-4.130132171216759E-004  2.385244779468110E-018  3.306816626080789E-018 
 2.385244779468110E-018 -4.134309061077221E-004  2.114194236346734E-018 
 3.306816626080789E-018  2.222614453595284E-018 -4.134309061077316E-004
      </IFC>
    </s_s1_m1_m2_m3.1.1.4.2.4>
    <s_s1_m1_m2_m3.1.1.1.3.4>
      <IFC type="real" size="9" columns="3">
-4.442742295525243E-004  4.550532688757544E-004 -4.925711386749333E-004 
 4.550532688757546E-004 -4.442742295525104E-004 -4.925711386749264E-004 
-3.404429927315768E-004 -3.404429927315702E-004 -3.304886811291013E-004
      </IFC>
    </s_s1_m1_m2_m3.1.1.1.3.4>
    <s_s1_m1_m2_m3.1.1.2.3.4>
      <IFC type="real" size="9" columns="3">
-3.775257043956383E-004  1.019060462962212E-004 -1.019060462962251E-004 
-1.019060462962243E-004 -5.180475903360498E-004 -9.083570956228555E-005 
 1.019060462962204E-004 -9.083570956228544E-005 -5.180475903360498E-004
      </IFC>
    </s_s1_m1_m2_m3.1.1.2.3.4>
    <s_s1_m1_m2_m3.1.1.3.3.4>
      <IFC type="real" size="9" columns="3">
-5.180475903360428E-004 -9.083570956228478E-005  1.019060462962246E-004 
-9.083570956228470E-005 -5.180475903360428E-004 -1.019060462962217E-004 
-1.019060462962208E-004  1.019060462962236E-004 -3.775257043956391E-004
      </IFC>
    </s_s1_m1_m2_m3.1.1.3.3.4>
    <s_s1_m1_m2_m3.1.1.4.3.4>
      <IFC type="real" size="9" columns="3">
-3.304886811291092E-004 -3.404429927315710E-004 -3.404429927315706E-004 
-4.925711386749277E-004 -4.442742295525121E-004  4.550532688757581E-004 
-4.925711386749273E-004  4.550532688757579E-004 -4.442742295525121E-004
      </IFC>
    </s_s1_m1_m2_m3.1.1.4.3.4>
    <s_s1_m1_m2_m3.1.1.1.4.4>
      <IFC type="real" size="9" columns="3">
-4.442742295525139E-004  4.925711386749315E-004 -4.550532688757563E-004 
 3.404429927315749E-004 -3.304886811291048E-004 -3.404429927315724E-004 
-4.550532688757567E-004 -4.925711386749291E-004 -4.442742295525173E-004
      </IFC>
    </s_s1_m1_m2_m3.1.1.1.4.4>
    <s_s1_m1_m2_m3.1.1.2.4.4>
      <IFC type="real" size="9" columns="3">
-4.134309061077255E-004  1.084202172485504E-018 -2.873135757086587E-018 
 1.084202172485504E-018 -4.130132171216759E-004 -2.656295322589486E-018 
-2.873135757086587E-018 -2.764715539838036E-018 -4.134309061077247E-004
      </IFC>
    </s_s1_m1_m2_m3.1.1.2.4.4>
    <s_s1_m1_m2_m3.1.1.3.4.4>
      <IFC type="real" size="9" columns="3">
-4.442742295525156E-004 -4.925711386749290E-004 -4.550532688757542E-004 
-3.404429927315723E-004 -3.304886811291135E-004  3.404429927315719E-004 
-4.550532688757542E-004  4.925711386749284E-004 -4.442742295525173E-004
      </IFC>
    </s_s1_m1_m2_m3.1.1.3.4.4>
    <s_s1_m1_m2_m3.1.1.4.4.4>
      <IFC type="real" size="9" columns="3">
-1.589060651693928E-005 -1.409462824231156E-018 -3.252606517456513E-018 
-1.409462824231156E-018 -1.589060651693581E-005  2.981555974335137E-018 
-3.252606517456513E-018  3.035766082959412E-018 -1.589060651692974E-005
      </IFC>
    </s_s1_m1_m2_m3.1.1.4.4.4>
    <s_s1_m1_m2_m3.1.2.1.1.1>
      <IFC type="real" size="9" columns="3">
-7.530357166962193E-002 -5.202118389032171E-002 -5.202118389032171E-002 
-5.202118389032172E-002 -7.530357166962194E-002 -5.202118389032171E-002 
-5.202118389032171E-002 -5.202118389032172E-002 -7.530357166962194E-002
      </IFC>
    </s_s1_m1_m2_m3.1.2.1.1.1>
    <s_s1_m1_m2_m3.1.2.2.1.1>
      <IFC type="real" size="9" columns="3">
 3.855379037342066E-004  9.259761222248598E-004 -9.259761222248548E-004 
 9.259761222248574E-004  5.083225389564113E-004  3.051678929520922E-004 
-9.259761222248550E-004  3.051678929520916E-004  5.083225389564162E-004
      </IFC>
    </s_s1_m1_m2_m3.1.2.2.1.1>
    <s_s1_m1_m2_m3.1.2.3.1.1>
      <IFC type="real" size="9" columns="3">
-1.002569481365739E-005  3.914446325936404E-004  5.199518624656932E-005 
 3.914446325936417E-004 -6.681397050727007E-005  3.914446325936395E-004 
 5.199518624656975E-005  3.914446325936366E-004 -1.002569481366037E-005
      </IFC>
    </s_s1_m1_m2_m3.1.2.3.1.1>
    <s_s1_m1_m2_m3.1.2.4.1.1>
      <IFC type="real" size="9" columns="3">
 5.083225389564136E-004  3.051678929520839E-004 -9.259761222248594E-004 
 3.051678929520815E-004  5.083225389564186E-004  9.259761222248471E-004 
-9.259761222248594E-004  9.259761222248467E-004  3.855379037342126E-004
      </IFC>
    </s_s1_m1_m2_m3.1.2.4.1.1>
    <s_s1_m1_m2_m3.1.2.1.2.1>
      <IFC type="real" size="9" columns="3">
-7.530357166962197E-002  5.202118389032170E-002  5.202118389032170E-002 
 5.202118389032170E-002 -7.530357166962197E-002 -5.202118389032171E-002 
 5.202118389032170E-002 -5.202118389032172E-002 -7.530357166962197E-002
      </IFC>
    </s_s1_m1_m2_m3.1.2.1.2.1>
    <s_s1_m1_m2_m3.1.2.2.2.1>
      <IFC type="real" size="9" columns="3">
-5.357554225477496E-004 -1.264697089755097E-003  7.883947977163814E-004 
-1.264697089755095E-003 -4.027852705028642E-003  1.264697089755073E-003 
 7.883947977163793E-004  1.264697089755072E-003 -5.357554225477435E-004
      </IFC>
    </s_s1_m1_m2_m3.1.2.2.2.1>
    <s_s1_m1_m2_m3.1.2.3.2.1>
      <IFC type="real" size="9" columns="3">
-5.357554225477445E-004  1.264697089755069E-003  7.883947977163871E-004 
 1.264697089755069E-003 -4.027852705028638E-003 -1.264697089755087E-003 
 7.883947977163892E-004 -1.264697089755089E-003 -5.357554225477503E-004
      </IFC>
    </s_s1_m1_m2_m3.1.2.3.2.1>
    <s_s1_m1_m2_m3.1.2.4.2.1>
      <IFC type="real" size="9" columns="3">
-7.530357166962197E-002 -5.202118389032170E-002  5.202118389032171E-002 
-5.202118389032170E-002 -7.530357166962195E-002  5.202118389032170E-002 
 5.202118389032170E-002  5.202118389032170E-002 -7.530357166962195E-002
      </IFC>
    </s_s1_m1_m2_m3.1.2.4.2.1>
    <s_s1_m1_m2_m3.1.2.1.3.1>
      <IFC type="real" size="9" columns="3">
-4.027852705028657E-003 -1.264697089755079E-003 -1.264697089755074E-003 
-1.264697089755078E-003 -5.357554225477769E-004 -7.883947977163725E-004 
-1.264697089755075E-003 -7.883947977163769E-004 -5.357554225477699E-004
      </IFC>
    </s_s1_m1_m2_m3.1.2.1.3.1>
    <s_s1_m1_m2_m3.1.2.2.3.1>
      <IFC type="real" size="9" columns="3">
 7.752768266285103E-004  8.775256327599322E-004 -8.775256327599112E-004 
 8.775256327599294E-004  7.752768266285129E-004  8.775256327599250E-004 
-8.775256327599114E-004  8.775256327599243E-004  7.752768266285105E-004
      </IFC>
    </s_s1_m1_m2_m3.1.2.2.3.1>
    <s_s1_m1_m2_m3.1.2.3.3.1>
      <IFC type="real" size="9" columns="3">
-5.357554225477574E-004 -7.883947977163689E-004 -1.264697089755079E-003 
-7.883947977163697E-004 -5.357554225477587E-004 -1.264697089755074E-003 
-1.264697089755078E-003 -1.264697089755077E-003 -4.027852705028653E-003
      </IFC>
    </s_s1_m1_m2_m3.1.2.3.3.1>
    <s_s1_m1_m2_m3.1.2.4.3.1>
      <IFC type="real" size="9" columns="3">
 5.083225389563946E-004  9.259761222248323E-004 -3.051678929520810E-004 
 9.259761222248294E-004  3.855379037341910E-004  9.259761222248335E-004 
-3.051678929520810E-004  9.259761222248330E-004  5.083225389564024E-004
      </IFC>
    </s_s1_m1_m2_m3.1.2.4.3.1>
    <s_s1_m1_m2_m3.1.2.1.4.1>
      <IFC type="real" size="9" columns="3">
-4.027852705028622E-003  1.264697089755083E-003  1.264697089755073E-003 
 1.264697089755087E-003 -5.357554225477240E-004 -7.883947977163877E-004 
 1.264697089755076E-003 -7.883947977163923E-004 -5.357554225477298E-004
      </IFC>
    </s_s1_m1_m2_m3.1.2.1.4.1>
    <s_s1_m1_m2_m3.1.2.2.4.1>
      <IFC type="real" size="9" columns="3">
-5.357554225477253E-004 -7.883947977163814E-004  1.264697089755080E-003 
-7.883947977163817E-004 -5.357554225477235E-004  1.264697089755087E-003 
 1.264697089755078E-003  1.264697089755085E-003 -4.027852705028628E-003
      </IFC>
    </s_s1_m1_m2_m3.1.2.2.4.1>
    <s_s1_m1_m2_m3.1.2.3.4.1>
      <IFC type="real" size="9" columns="3">
-1.002569481366774E-005 -5.199518624659176E-005 -3.914446325936247E-004 
-5.199518624659111E-005 -1.002569481366514E-005  3.914446325936445E-004 
-3.914446325936221E-004  3.914446325936422E-004 -6.681397050727230E-005
      </IFC>
    </s_s1_m1_m2_m3.1.2.3.4.1>
    <s_s1_m1_m2_m3.1.2.4.4.1>
      <IFC type="real" size="9" columns="3">
-6.681397050728628E-005  3.914446325936427E-004 -3.914446325936202E-004 
 3.914446325936453E-004 -1.002569481366872E-005 -5.199518624658239E-005 
-3.914446325936219E-004 -5.199518624658412E-005 -1.002569481366698E-005
      </IFC>
    </s_s1_m1_m2_m3.1.2.4.4.1>
    <s_s1_m1_m2_m3.1.2.1.1.2>
      <IFC type="real" size="9" columns="3">
 3.855379037342090E-004 -9.259761222248550E-004  9.259761222248511E-004 
-9.259761222248550E-004  5.083225389564188E-004  3.051678929520932E-004 
 9.259761222248529E-004  3.051678929520945E-004  5.083225389564128E-004
      </IFC>
    </s_s1_m1_m2_m3.1.2.1.1.2>
    <s_s1_m1_m2_m3.1.2.2.1.2>
      <IFC type="real" size="9" columns="3">
 3.576608026034275E-004 -2.041517082650778E-004 -2.041517082650699E-004 
-2.041517082650776E-004  3.555064503087648E-004  1.665983094834712E-004 
-2.041517082650714E-004  1.665983094834737E-004  3.555064503087724E-004
      </IFC>
    </s_s1_m1_m2_m3.1.2.2.1.2>
    <s_s1_m1_m2_m3.1.2.3.1.2>
      <IFC type="real" size="9" columns="3">
 3.555064503087753E-004  1.665983094834716E-004 -2.041517082650806E-004 
 1.665983094834690E-004  3.555064503087749E-004 -2.041517082650834E-004 
-2.041517082650784E-004 -2.041517082650829E-004  3.576608026034335E-004
      </IFC>
    </s_s1_m1_m2_m3.1.2.3.1.2>
    <s_s1_m1_m2_m3.1.2.4.1.2>
      <IFC type="real" size="9" columns="3">
 5.083225389564174E-004  3.051678929520870E-004  9.259761222248457E-004 
 3.051678929520863E-004  5.083225389564120E-004 -9.259761222248561E-004 
 9.259761222248440E-004 -9.259761222248530E-004  3.855379037342089E-004
      </IFC>
    </s_s1_m1_m2_m3.1.2.4.1.2>
    <s_s1_m1_m2_m3.1.2.1.2.2>
      <IFC type="real" size="9" columns="3">
-5.357554225477457E-004  7.883947977163804E-004 -1.264697089755098E-003 
 7.883947977163838E-004 -5.357554225477387E-004  1.264697089755070E-003 
-1.264697089755094E-003  1.264697089755074E-003 -4.027852705028631E-003
      </IFC>
    </s_s1_m1_m2_m3.1.2.1.2.2>
    <s_s1_m1_m2_m3.1.2.2.2.2>
      <IFC type="real" size="9" columns="3">
 7.752768266285285E-004 -8.775256327599293E-004 -8.775256327599331E-004 
-8.775256327599308E-004  7.752768266285361E-004 -8.775256327599332E-004 
-8.775256327599327E-004 -8.775256327599309E-004  7.752768266285352E-004
      </IFC>
    </s_s1_m1_m2_m3.1.2.2.2.2>
    <s_s1_m1_m2_m3.1.2.3.2.2>
      <IFC type="real" size="9" columns="3">
-4.027852705028638E-003  1.264697089755066E-003 -1.264697089755094E-003 
 1.264697089755067E-003 -5.357554225477424E-004  7.883947977163819E-004 
-1.264697089755094E-003  7.883947977163827E-004 -5.357554225477511E-004
      </IFC>
    </s_s1_m1_m2_m3.1.2.3.2.2>
    <s_s1_m1_m2_m3.1.2.4.2.2>
      <IFC type="real" size="9" columns="3">
 5.083225389564121E-004 -9.259761222248326E-004 -3.051678929520887E-004 
-9.259761222248326E-004  3.855379037342088E-004 -9.259761222248395E-004 
-3.051678929520887E-004 -9.259761222248379E-004  5.083225389564061E-004
      </IFC>
    </s_s1_m1_m2_m3.1.2.4.2.2>
    <s_s1_m1_m2_m3.1.2.1.3.2>
      <IFC type="real" size="9" columns="3">
 7.752768266285071E-004 -8.775256327599105E-004  8.775256327599214E-004 
-8.775256327599123E-004  7.752768266285045E-004  8.775256327599244E-004 
 8.775256327599257E-004  8.775256327599266E-004  7.752768266285105E-004
      </IFC>
    </s_s1_m1_m2_m3.1.2.1.3.2>
    <s_s1_m1_m2_m3.1.2.2.3.2>
      <IFC type="real" size="9" columns="3">
 7.752768266285082E-004  8.775256327599257E-004  8.775256327599240E-004 
 8.775256327599246E-004  7.752768266285091E-004 -8.775256327599125E-004 
 8.775256327599225E-004 -8.775256327599096E-004  7.752768266285072E-004
      </IFC>
    </s_s1_m1_m2_m3.1.2.2.3.2>
    <s_s1_m1_m2_m3.1.2.3.3.2>
      <IFC type="real" size="9" columns="3">
 3.555064503087961E-004  2.041517082651070E-004 -1.665983094834621E-004 
 2.041517082651057E-004  3.576608026034482E-004 -2.041517082651003E-004 
-1.665983094834603E-004 -2.041517082650994E-004  3.555064503087887E-004
      </IFC>
    </s_s1_m1_m2_m3.1.2.3.3.2>
    <s_s1_m1_m2_m3.1.2.4.3.2>
      <IFC type="real" size="9" columns="3">
 3.555064503087923E-004 -2.041517082651019E-004 -1.665983094834617E-004 
-2.041517082651012E-004  3.576608026034405E-004  2.041517082650949E-004 
-1.665983094834634E-004  2.041517082650980E-004  3.555064503087912E-004
      </IFC>
    </s_s1_m1_m2_m3.1.2.4.3.2>
    <s_s1_m1_m2_m3.1.2.1.4.2>
      <IFC type="real" size="9" columns="3">
-5.357554225477267E-004  1.264697089755079E-003 -7.883947977163788E-004 
 1.264697089755084E-003 -4.027852705028630E-003  1.264697089755078E-003 
-7.883947977163795E-004  1.264697089755082E-003 -5.357554225477285E-004
      </IFC>
    </s_s1_m1_m2_m3.1.2.1.4.2>
    <s_s1_m1_m2_m3.1.2.2.4.2>
      <IFC type="real" size="9" columns="3">
 3.576608026034497E-004  2.041517082650900E-004  2.041517082650834E-004 
 2.041517082650906E-004  3.555064503087903E-004  1.665983094834572E-004 
 2.041517082650834E-004  1.665983094834599E-004  3.555064503087855E-004
      </IFC>
    </s_s1_m1_m2_m3.1.2.2.4.2>
    <s_s1_m1_m2_m3.1.2.3.4.2>
      <IFC type="real" size="9" columns="3">
 6.503758497491419E-004 -2.128213310533283E-004  2.128213310533139E-004 
-2.128213310533264E-004  6.503758497491392E-004 -2.128213310533214E-004 
 2.128213310533143E-004 -2.128213310533201E-004  6.503758497491418E-004
      </IFC>
    </s_s1_m1_m2_m3.1.2.3.4.2>
    <s_s1_m1_m2_m3.1.2.4.4.2>
      <IFC type="real" size="9" columns="3">
 3.555064503087776E-004  1.665983094834650E-004  2.041517082650836E-004 
 1.665983094834650E-004  3.555064503087767E-004  2.041517082650861E-004 
 2.041517082650836E-004  2.041517082650877E-004  3.576608026034387E-004
      </IFC>
    </s_s1_m1_m2_m3.1.2.4.4.2>
    <s_s1_m1_m2_m3.1.2.1.1.3>
      <IFC type="real" size="9" columns="3">
-1.002569481364790E-005  5.199518624657978E-005  3.914446325936419E-004 
 5.199518624657631E-005 -1.002569481366178E-005  3.914446325936419E-004 
 3.914446325936419E-004  3.914446325936349E-004 -6.681397050727067E-005
      </IFC>
    </s_s1_m1_m2_m3.1.2.1.1.3>
    <s_s1_m1_m2_m3.1.2.2.1.3>
      <IFC type="real" size="9" columns="3">
 3.555064503087775E-004 -2.041517082650771E-004  1.665983094834664E-004 
-2.041517082650795E-004  3.576608026034367E-004 -2.041517082650781E-004 
 1.665983094834662E-004 -2.041517082650787E-004  3.555064503087757E-004
      </IFC>
    </s_s1_m1_m2_m3.1.2.2.1.3>
    <s_s1_m1_m2_m3.1.2.3.1.3>
      <IFC type="real" size="9" columns="3">
-6.681397050727072E-005  3.914446325936321E-004  3.914446325936333E-004 
 3.914446325936334E-004 -1.002569481365717E-005  5.199518624656699E-005 
 3.914446325936337E-004  5.199518624656428E-005 -1.002569481365798E-005
      </IFC>
    </s_s1_m1_m2_m3.1.2.3.1.3>
    <s_s1_m1_m2_m3.1.2.4.1.3>
      <IFC type="real" size="9" columns="3">
 3.852351062013404E-004 -1.979334327813961E-004  1.979334327813793E-004 
-1.979334327813985E-004  3.852351062013363E-004 -1.979334327813952E-004 
 1.979334327813793E-004 -1.979334327813956E-004  3.852351062013309E-004
      </IFC>
    </s_s1_m1_m2_m3.1.2.4.1.3>
    <s_s1_m1_m2_m3.1.2.1.2.3>
      <IFC type="real" size="9" columns="3">
-5.357554225477457E-004  7.883947977163873E-004  1.264697089755070E-003 
 7.883947977163908E-004 -5.357554225477457E-004 -1.264697089755087E-003 
 1.264697089755074E-003 -1.264697089755091E-003 -4.027852705028631E-003
      </IFC>
    </s_s1_m1_m2_m3.1.2.1.2.3>
    <s_s1_m1_m2_m3.1.2.2.2.3>
      <IFC type="real" size="9" columns="3">
-4.027852705028638E-003 -1.264697089755091E-003  1.264697089755070E-003 
-1.264697089755090E-003 -5.357554225477461E-004  7.883947977163847E-004 
 1.264697089755068E-003  7.883947977163832E-004 -5.357554225477418E-004
      </IFC>
    </s_s1_m1_m2_m3.1.2.2.2.3>
    <s_s1_m1_m2_m3.1.2.3.2.3>
      <IFC type="real" size="9" columns="3">
-6.681397050729160E-005 -3.914446325936377E-004 -3.914446325936421E-004 
-3.914446325936379E-004 -1.002569481368086E-005  5.199518624659366E-005 
-3.914446325936399E-004  5.199518624659073E-005 -1.002569481368010E-005
      </IFC>
    </s_s1_m1_m2_m3.1.2.3.2.3>
    <s_s1_m1_m2_m3.1.2.4.2.3>
      <IFC type="real" size="9" columns="3">
-1.002569481367566E-005  5.199518624659713E-005 -3.914446325936280E-004 
 5.199518624659713E-005 -1.002569481368260E-005 -3.914446325936315E-004 
-3.914446325936315E-004 -3.914446325936315E-004 -6.681397050729149E-005
      </IFC>
    </s_s1_m1_m2_m3.1.2.4.2.3>
    <s_s1_m1_m2_m3.1.2.1.3.3>
      <IFC type="real" size="9" columns="3">
-5.357554225477578E-004 -1.264697089755075E-003 -7.883947977163725E-004 
-1.264697089755076E-003 -4.027852705028655E-003 -1.264697089755071E-003 
-7.883947977163734E-004 -1.264697089755077E-003 -5.357554225477561E-004
      </IFC>
    </s_s1_m1_m2_m3.1.2.1.3.3>
    <s_s1_m1_m2_m3.1.2.2.3.3>
      <IFC type="real" size="9" columns="3">
 3.555064503087956E-004 -1.665983094834616E-004  2.041517082651035E-004 
-1.665983094834644E-004  3.555064503087873E-004 -2.041517082651013E-004 
 2.041517082651033E-004 -2.041517082651019E-004  3.576608026034439E-004
      </IFC>
    </s_s1_m1_m2_m3.1.2.2.3.3>
    <s_s1_m1_m2_m3.1.2.3.3.3>
      <IFC type="real" size="9" columns="3">
 6.503758497491499E-004  2.128213310533210E-004  2.128213310533208E-004 
 2.128213310533201E-004  6.503758497491555E-004  2.128213310533128E-004 
 2.128213310533217E-004  2.128213310533101E-004  6.503758497491555E-004
      </IFC>
    </s_s1_m1_m2_m3.1.2.3.3.3>
    <s_s1_m1_m2_m3.1.2.4.3.3>
      <IFC type="real" size="9" columns="3">
 3.576608026034518E-004 -2.041517082651038E-004  2.041517082650981E-004 
-2.041517082651066E-004  3.555064503087895E-004 -1.665983094834659E-004 
 2.041517082650981E-004 -1.665983094834663E-004  3.555064503087931E-004
      </IFC>
    </s_s1_m1_m2_m3.1.2.4.3.3>
    <s_s1_m1_m2_m3.1.2.1.4.3>
      <IFC type="real" size="9" columns="3">
-1.002569481366698E-005 -3.914446325936373E-004 -5.199518624658694E-005 
-3.914446325936321E-004 -6.681397050727674E-005  3.914446325936501E-004 
-5.199518624658412E-005  3.914446325936473E-004 -1.002569481366677E-005
      </IFC>
    </s_s1_m1_m2_m3.1.2.1.4.3>
    <s_s1_m1_m2_m3.1.2.2.4.3>
      <IFC type="real" size="9" columns="3">
 6.503758497491403E-004  2.128213310533167E-004 -2.128213310533236E-004 
 2.128213310533173E-004  6.503758497491386E-004 -2.128213310533208E-004 
-2.128213310533254E-004 -2.128213310533214E-004  6.503758497491351E-004
      </IFC>
    </s_s1_m1_m2_m3.1.2.2.4.3>
    <s_s1_m1_m2_m3.1.2.3.4.3>
