<?xml version="1.0"?>
<?iotk version="1.2.0"?>
<?iotk file_version="1.0"?>
<?iotk binary="F"?>
<?iotk qe_syntax="F"?>
<Root>
  <GEOMETRY_INFO>
    <NUMBER_OF_TYPES type="integer" size="1">
         1
    </NUMBER_OF_TYPES>
    <NUMBER_OF_ATOMS type="integer" size="1">
         2
    </NUMBER_OF_ATOMS>
    <BRAVAIS_LATTICE_INDEX type="integer" size="1">
         0
    </BRAVAIS_LATTICE_INDEX>
    <SPIN_COMPONENTS type="integer" size="1">
         1
    </SPIN_COMPONENTS>
    <CELL_DIMENSIONS type="real" size="6">
 1.021280964016136E+001
 0.000000000000000E+000
 0.000000000000000E+000
 0.000000000000000E+000
 0.000000000000000E+000
 0.000000000000000E+000
    </CELL_DIMENSIONS>
    <AT type="real" size="9" columns="3">
-4.999999999999998E-001  0.000000000000000E+000  4.999999999999998E-001 
 0.000000000000000E+000  4.999999999999998E-001  4.999999999999998E-001 
-4.999999999999998E-001  4.999999999999998E-001  0.000000000000000E+000
    </AT>
    <BG type="real" size="9" columns="3">
-1.000000000000000E+000 -1.000000000000000E+000  1.000000000000000E+000 
 1.000000000000000E+000  1.000000000000000E+000  1.000000000000000E+000 
-1.000000000000000E+000  1.000000000000000E+000 -1.000000000000000E+000
    </BG>
    <UNIT_CELL_VOLUME_AU type="real" size="1">
 2.663027920119043E+002
    </UNIT_CELL_VOLUME_AU>
    <TYPE_NAME.1 type="character" size="1" len="3">
Si 
    </TYPE_NAME.1>
    <MASS.1 type="real" size="1">
 2.808600000000000E+001
    </MASS.1>
    <ATOM.1 SPECIES="Si " INDEX="1" TAU="0.000000000000000E+000 0.000000000000000E+000 0.000000000000000E+000"/>
    <ATOM.2 SPECIES="Si " INDEX="1" TAU="2.499999999999999E-001 2.499999999999999E-001 2.499999999999999E-001"/>
    <NUMBER_OF_Q type="integer" size="1">
         3
    </NUMBER_OF_Q>
  </GEOMETRY_INFO>
  <DIELECTRIC_PROPERTIES>
    <EPSILON type="real" size="9" columns="3">
 1.385035045584888E+001 -4.440892098500626E-015  7.993605777301127E-015 
-1.776356839400250E-015  1.385035045584889E+001  1.776356839400250E-015 
 8.881784197001252E-016 -8.881784197001252E-016  1.385035045584888E+001
    </EPSILON>
    <ZSTAR>
      <Z_AT_.1 type="real" size="9" columns="3">
-1.332267629550188E-015 -1.554312234475219E-015 -2.220446049250313E-016 
-1.110223024625156E-015 -2.220446049250313E-015  6.661338147750940E-016 
 2.220446049250313E-016  8.881784197001252E-016 -1.332267629550188E-015
      </Z_AT_.1>
      <Z_AT_.2 type="real" size="9" columns="3">
 1.332267629550188E-015  1.554312234475219E-015  2.220446049250313E-016 
 1.110223024625156E-015  2.220446049250313E-015 -6.661338147750940E-016 
-2.220446049250315E-016 -8.881784197001252E-016  1.332267629550188E-015
      </Z_AT_.2>
    </ZSTAR>
  </DIELECTRIC_PROPERTIES>
  <INTERATOMIC_FORCE_CONSTANTS>
    <MESH_NQ1_NQ2_NQ3 type="integer" size="3" columns="3">
         2          2          2
    </MESH_NQ1_NQ2_NQ3>
    <s_s1_m1_m2_m3.1.1.1.1.1>
      <IFC type="real" size="9" columns="3">
 2.798338742185260E-001 -6.938893903907228E-018 -6.938893903907228E-018 
-6.938893903907228E-018  2.798338742185260E-001  7.806255641895632E-018 
-6.938893903907228E-018  7.806255641895632E-018  2.798338742185260E-001
      </IFC>
    </s_s1_m1_m2_m3.1.1.1.1.1>
    <s_s1_m1_m2_m3.1.1.2.1.1>
      <IFC type="real" size="9" columns="3">
-9.635044139774049E-003  9.974659986866641E-018  1.054262944394672E-002 
 9.974659986866641E-018  1.777062153585874E-002  1.994931997373328E-017 
 1.054262944394672E-002  1.994931997373328E-017 -9.635044139774063E-003
      </IFC>
    </s_s1_m1_m2_m3.1.1.2.1.1>
    <s_s1_m1_m2_m3.1.1.1.2.1>
      <IFC type="real" size="9" columns="3">
 1.777062153585873E-002 -1.691355389077387E-017 -3.469446951953614E-018 
-1.691355389077387E-017 -9.635044139774063E-003 -1.054262944394673E-002 
-3.469446951953614E-018 -1.054262944394673E-002 -9.635044139774035E-003
      </IFC>
    </s_s1_m1_m2_m3.1.1.1.2.1>
    <s_s1_m1_m2_m3.1.1.2.2.1>
      <IFC type="real" size="9" columns="3">
-9.635044139774035E-003 -1.054262944394674E-002  1.474514954580286E-017 
-1.054262944394674E-002 -9.635044139774049E-003  4.336808689942018E-018 
 1.474514954580286E-017  4.336808689942018E-018  1.777062153585874E-002
      </IFC>
    </s_s1_m1_m2_m3.1.1.2.2.1>
    <s_s1_m1_m2_m3.1.1.1.1.2>
      <IFC type="real" size="9" columns="3">
-9.635044139774063E-003  1.054262944394671E-002 -1.301042606982605E-017 
 1.054262944394671E-002 -9.635044139774063E-003  1.127570259384925E-017 
-1.301042606982605E-017  1.127570259384925E-017  1.777062153585870E-002
      </IFC>
    </s_s1_m1_m2_m3.1.1.1.1.2>
    <s_s1_m1_m2_m3.1.1.2.1.2>
      <IFC type="real" size="9" columns="3">
 1.777062153585873E-002  6.505213034913027E-018 -5.204170427930421E-018 
 6.505213034913027E-018 -9.635044139774063E-003  1.054262944394676E-002 
-5.204170427930421E-018  1.054262944394676E-002 -9.635044139774063E-003
      </IFC>
    </s_s1_m1_m2_m3.1.1.2.1.2>
    <s_s1_m1_m2_m3.1.1.1.2.2>
      <IFC type="real" size="9" columns="3">
-9.635044139774063E-003 -1.344410693882025E-017 -1.054262944394676E-002 
-1.344410693882025E-017  1.777062153585873E-002 -2.168404344971009E-017 
-1.054262944394676E-002 -2.168404344971009E-017 -9.635044139774035E-003
      </IFC>
    </s_s1_m1_m2_m3.1.1.1.2.2>
    <s_s1_m1_m2_m3.1.1.2.2.2>
      <IFC type="real" size="9" columns="3">
-2.737491164287044E-003 -1.040834085586084E-017 -5.204170427930421E-018 
-1.040834085586084E-017 -2.737491164287030E-003  7.806255641895632E-018 
-5.204170427930421E-018  7.806255641895632E-018 -2.737491164287016E-003
      </IFC>
    </s_s1_m1_m2_m3.1.1.2.2.2>
    <s_s1_m1_m2_m3.1.2.1.1.1>
      <IFC type="real" size="9" columns="3">
-7.110522963532270E-002 -4.690271540634792E-002 -4.690271540634793E-002 
-4.690271540634792E-002 -7.110522963532270E-002 -4.690271540634795E-002 
-4.690271540634794E-002 -4.690271540634795E-002 -7.110522963532270E-002
      </IFC>
    </s_s1_m1_m2_m3.1.2.1.1.1>
    <s_s1_m1_m2_m3.1.2.2.1.1>
      <IFC type="real" size="9" columns="3">
 2.723192631627389E-003  2.658971086330968E-003 -2.658971086330956E-003 
 2.658971086330965E-003  2.723192631627399E-003  2.658971086330956E-003 
-2.658971086330965E-003  2.658971086330958E-003  2.723192631627395E-003
      </IFC>
    </s_s1_m1_m2_m3.1.2.2.1.1>
    <s_s1_m1_m2_m3.1.2.1.2.1>
      <IFC type="real" size="9" columns="3">
-7.110522963532273E-002  4.690271540634792E-002  4.690271540634793E-002 
 4.690271540634792E-002 -7.110522963532273E-002 -4.690271540634793E-002 
 4.690271540634793E-002 -4.690271540634793E-002 -7.110522963532273E-002
      </IFC>
    </s_s1_m1_m2_m3.1.2.1.2.1>
    <s_s1_m1_m2_m3.1.2.2.2.1>
      <IFC type="real" size="9" columns="3">
-7.110522963532270E-002 -4.690271540634793E-002  4.690271540634794E-002 
-4.690271540634793E-002 -7.110522963532270E-002  4.690271540634794E-002 
 4.690271540634795E-002  4.690271540634794E-002 -7.110522963532270E-002
      </IFC>
    </s_s1_m1_m2_m3.1.2.2.2.1>
    <s_s1_m1_m2_m3.1.2.1.1.2>
      <IFC type="real" size="9" columns="3">
 2.723192631627395E-003 -2.658971086330945E-003  2.658971086330959E-003 
-2.658971086330945E-003  2.723192631627402E-003  2.658971086330952E-003 
 2.658971086330966E-003  2.658971086330952E-003  2.723192631627395E-003
      </IFC>
    </s_s1_m1_m2_m3.1.2.1.1.2>
    <s_s1_m1_m2_m3.1.2.2.1.2>
      <IFC type="real" size="9" columns="3">
 2.723192631627375E-003  2.658971086330954E-003  2.658971086330938E-003 
 2.658971086330947E-003  2.723192631627385E-003 -2.658971086330952E-003 
 2.658971086330954E-003 -2.658971086330958E-003  2.723192631627382E-003
      </IFC>
    </s_s1_m1_m2_m3.1.2.2.1.2>
    <s_s1_m1_m2_m3.1.2.1.2.2>
      <IFC type="real" size="9" columns="3">
-7.110522963532273E-002  4.690271540634793E-002 -4.690271540634793E-002 
 4.690271540634793E-002 -7.110522963532270E-002  4.690271540634793E-002 
-4.690271540634793E-002  4.690271540634793E-002 -7.110522963532270E-002
      </IFC>
    </s_s1_m1_m2_m3.1.2.1.2.2>
    <s_s1_m1_m2_m3.1.2.2.2.2>
      <IFC type="real" size="9" columns="3">
 2.723192631627395E-003 -2.658971086330952E-003 -2.658971086330938E-003 
-2.658971086330956E-003  2.723192631627402E-003 -2.658971086330966E-003 
-2.658971086330949E-003 -2.658971086330966E-003  2.723192631627409E-003
      </IFC>
    </s_s1_m1_m2_m3.1.2.2.2.2>
    <s_s1_m1_m2_m3.2.1.1.1.1>
      <IFC type="real" size="9" columns="3">
-7.110522963532270E-002 -4.690271540634792E-002 -4.690271540634794E-002 
-4.690271540634792E-002 -7.110522963532270E-002 -4.690271540634795E-002 
-4.690271540634793E-002 -4.690271540634795E-002 -7.110522963532270E-002
      </IFC>
    </s_s1_m1_m2_m3.2.1.1.1.1>
    <s_s1_m1_m2_m3.2.1.2.1.1>
      <IFC type="real" size="9" columns="3">
 2.723192631627389E-003  2.658971086330965E-003 -2.658971086330965E-003 
 2.658971086330968E-003  2.723192631627399E-003  2.658971086330958E-003 
-2.658971086330956E-003  2.658971086330956E-003  2.723192631627395E-003
      </IFC>
    </s_s1_m1_m2_m3.2.1.2.1.1>
    <s_s1_m1_m2_m3.2.1.1.2.1>
      <IFC type="real" size="9" columns="3">
-7.110522963532273E-002  4.690271540634792E-002  4.690271540634793E-002 
 4.690271540634792E-002 -7.110522963532273E-002 -4.690271540634793E-002 
 4.690271540634793E-002 -4.690271540634793E-002 -7.110522963532273E-002
      </IFC>
    </s_s1_m1_m2_m3.2.1.1.2.1>
    <s_s1_m1_m2_m3.2.1.2.2.1>
      <IFC type="real" size="9" columns="3">
-7.110522963532270E-002 -4.690271540634793E-002  4.690271540634795E-002 
-4.690271540634793E-002 -7.110522963532270E-002  4.690271540634794E-002 
 4.690271540634794E-002  4.690271540634794E-002 -7.110522963532270E-002
      </IFC>
    </s_s1_m1_m2_m3.2.1.2.2.1>
    <s_s1_m1_m2_m3.2.1.1.1.2>
      <IFC type="real" size="9" columns="3">
 2.723192631627395E-003 -2.658971086330945E-003  2.658971086330966E-003 
-2.658971086330945E-003  2.723192631627402E-003  2.658971086330952E-003 
 2.658971086330959E-003  2.658971086330952E-003  2.723192631627395E-003
      </IFC>
    </s_s1_m1_m2_m3.2.1.1.1.2>
    <s_s1_m1_m2_m3.2.1.2.1.2>
      <IFC type="real" size="9" columns="3">
 2.723192631627375E-003  2.658971086330947E-003  2.658971086330954E-003 
 2.658971086330954E-003  2.723192631627385E-003 -2.658971086330958E-003 
 2.658971086330938E-003 -2.658971086330952E-003  2.723192631627382E-003
      </IFC>
    </s_s1_m1_m2_m3.2.1.2.1.2>
    <s_s1_m1_m2_m3.2.1.1.2.2>
      <IFC type="real" size="9" columns="3">
-7.110522963532273E-002  4.690271540634793E-002 -4.690271540634793E-002 
 4.690271540634793E-002 -7.110522963532270E-002  4.690271540634793E-002 
-4.690271540634793E-002  4.690271540634793E-002 -7.110522963532270E-002
      </IFC>
    </s_s1_m1_m2_m3.2.1.1.2.2>
    <s_s1_m1_m2_m3.2.1.2.2.2>
      <IFC type="real" size="9" columns="3">
 2.723192631627395E-003 -2.658971086330956E-003 -2.658971086330949E-003 
-2.658971086330952E-003  2.723192631627402E-003 -2.658971086330966E-003 
-2.658971086330938E-003 -2.658971086330966E-003  2.723192631627409E-003
      </IFC>
    </s_s1_m1_m2_m3.2.1.2.2.2>
    <s_s1_m1_m2_m3.2.2.1.1.1>
      <IFC type="real" size="9" columns="3">
 2.798338742185260E-001 -6.938893903907228E-018 -1.084202172485504E-017 
-6.938893903907228E-018  2.798338742185260E-001 -3.035766082959412E-018 
-1.084202172485504E-017 -3.035766082959412E-018  2.798338742185260E-001
      </IFC>
    </s_s1_m1_m2_m3.2.2.1.1.1>
    <s_s1_m1_m2_m3.2.2.2.1.1>
      <IFC type="real" size="9" columns="3">
-9.635044139774070E-003 -2.038300084272748E-017  1.054262944394673E-002 
-2.038300084272748E-017  1.777062153585873E-002  3.469446951953614E-018 
 1.054262944394673E-002  3.469446951953614E-018 -9.635044139774077E-003
      </IFC>
    </s_s1_m1_m2_m3.2.2.2.1.1>
    <s_s1_m1_m2_m3.2.2.1.2.1>
      <IFC type="real" size="9" columns="3">
 1.777062153585873E-002 -1.084202172485504E-017 -8.673617379884035E-018 
-1.084202172485504E-017 -9.635044139774077E-003 -1.054262944394671E-002 
-8.673617379884035E-018 -1.054262944394671E-002 -9.635044139774077E-003
      </IFC>
    </s_s1_m1_m2_m3.2.2.1.2.1>
    <s_s1_m1_m2_m3.2.2.2.2.1>
      <IFC type="real" size="9" columns="3">
-9.635044139774056E-003 -1.054262944394676E-002 -9.974659986866641E-018 
-1.054262944394676E-002 -9.635044139774052E-003 -1.344410693882025E-017 
-9.974659986866641E-018 -1.344410693882025E-017  1.777062153585873E-002
      </IFC>
    </s_s1_m1_m2_m3.2.2.2.2.1>
    <s_s1_m1_m2_m3.2.2.1.1.2>
      <IFC type="real" size="9" columns="3">
-9.635044139774063E-003  1.054262944394673E-002 -1.084202172485504E-017 
 1.054262944394673E-002 -9.635044139774035E-003  1.344410693882025E-017 
-1.084202172485504E-017  1.344410693882025E-017  1.777062153585873E-002
      </IFC>
    </s_s1_m1_m2_m3.2.2.1.1.2>
    <s_s1_m1_m2_m3.2.2.2.1.2>
      <IFC type="real" size="9" columns="3">
 1.777062153585875E-002 -6.505213034913027E-018  1.561251128379126E-017 
-6.505213034913027E-018 -9.635044139774059E-003  1.054262944394675E-002 
 1.561251128379126E-017  1.054262944394675E-002 -9.635044139774049E-003
      </IFC>
    </s_s1_m1_m2_m3.2.2.2.1.2>
    <s_s1_m1_m2_m3.2.2.1.2.2>
      <IFC type="real" size="9" columns="3">
-9.635044139774063E-003  1.691355389077387E-017 -1.054262944394675E-002 
 1.691355389077387E-017  1.777062153585872E-002  1.040834085586084E-017 
-1.054262944394675E-002  1.040834085586084E-017 -9.635044139774049E-003
      </IFC>
    </s_s1_m1_m2_m3.2.2.1.2.2>
    <s_s1_m1_m2_m3.2.2.2.2.2>
      <IFC type="real" size="9" columns="3">
-2.737491164287023E-003 -3.469446951953614E-018 -9.974659986866641E-018 
-3.469446951953614E-018 -2.737491164287020E-003  3.035766082959412E-018 
-9.974659986866641E-018  3.035766082959412E-018 -2.737491164287002E-003
      </IFC>
    </s_s1_m1_m2_m3.2.2.2.2.2>
  </INTERATOMIC_FORCE_CONSTANTS>
</Root>

