<?xml version="1.0"?>
<?iotk version="1.2.0"?>
<?iotk file_version="1.0"?>
<?iotk binary="F"?>
<?iotk qe_syntax="F"?>
<Root>
  <GEOMETRY_INFO>
    <NUMBER_OF_TYPES type="integer" size="1">
         1
    </NUMBER_OF_TYPES>
    <NUMBER_OF_ATOMS type="integer" size="1">
         1
    </NUMBER_OF_ATOMS>
    <BRAVAIS_LATTICE_INDEX type="integer" size="1">
         2
    </BRAVAIS_LATTICE_INDEX>
    <SPIN_COMPONENTS type="integer" size="1">
         1
    </SPIN_COMPONENTS>
    <CELL_DIMENSIONS type="real" size="6">
 7.350000000000000E+000
 0.000000000000000E+000
 0.000000000000000E+000
 0.000000000000000E+000
 0.000000000000000E+000
 0.000000000000000E+000
    </CELL_DIMENSIONS>
    <AT type="real" size="9" columns="3">
-5.000000000000000E-001  0.000000000000000E+000  5.000000000000000E-001 
 0.000000000000000E+000  5.000000000000000E-001  5.000000000000000E-001 
-5.000000000000000E-001  5.000000000000000E-001  0.000000000000000E+000
    </AT>
    <BG type="real" size="9" columns="3">
-1.000000000000000E+000 -1.000000000000000E+000  1.000000000000000E+000 
 1.000000000000000E+000  1.000000000000000E+000  1.000000000000000E+000 
-1.000000000000000E+000  1.000000000000000E+000 -1.000000000000000E+000
    </BG>
    <UNIT_CELL_VOLUME_AU type="real" size="1">
 9.926634374999999E+001
    </UNIT_CELL_VOLUME_AU>
    <TYPE_NAME.1 type="character" size="1" len="3">
Al 
    </TYPE_NAME.1>
    <MASS.1 type="real" size="1">
 2.698154000000000E+001
    </MASS.1>
    <ATOM.1 SPECIES="Al " INDEX="1" TAU="0.000000000000000E+000 0.000000000000000E+000 0.000000000000000E+000"/>
    <NUMBER_OF_Q type="integer" size="1">
         3
    </NUMBER_OF_Q>
  </GEOMETRY_INFO>
  <INTERATOMIC_FORCE_CONSTANTS>
    <MESH_NQ1_NQ2_NQ3 type="integer" size="3" columns="3">
         2          2          2
    </MESH_NQ1_NQ2_NQ3>
    <s_s1_m1_m2_m3.1.1.1.1.1>
      <IFC type="real" size="9" columns="3">
 1.215613710372642E-001 -3.469446951953614E-018 -1.387778780781446E-017 
-3.469446951953614E-018  1.215613710372642E-001  6.938893903907228E-018 
-1.387778780781446E-017  6.938893903907228E-018  1.215613710372642E-001
      </IFC>
    </s_s1_m1_m2_m3.1.1.1.1.1>
    <s_s1_m1_m2_m3.1.1.2.1.1>
      <IFC type="real" size="9" columns="3">
-3.092358744570069E-002  3.469446951953614E-018  3.368757625000982E-002 
 3.469446951953614E-018  2.853499334950658E-003 -6.938893903907228E-018 
 3.368757625000982E-002 -6.938893903907228E-018 -3.092358744570067E-002
      </IFC>
    </s_s1_m1_m2_m3.1.1.2.1.1>
    <s_s1_m1_m2_m3.1.1.1.2.1>
      <IFC type="real" size="9" columns="3">
 2.853499334950660E-003  1.040834085586084E-017  6.938893903907228E-018 
 1.040834085586084E-017 -3.092358744570069E-002 -3.368757625000981E-002 
 6.938893903907228E-018 -3.368757625000981E-002 -3.092358744570070E-002
      </IFC>
    </s_s1_m1_m2_m3.1.1.1.2.1>
    <s_s1_m1_m2_m3.1.1.2.2.1>
      <IFC type="real" size="9" columns="3">
-3.092358744570069E-002 -3.368757625000983E-002  0.000000000000000E+000 
-3.368757625000983E-002 -3.092358744570069E-002 -6.938893903907228E-018 
 0.000000000000000E+000 -6.938893903907228E-018  2.853499334950670E-003
      </IFC>
    </s_s1_m1_m2_m3.1.1.2.2.1>
    <s_s1_m1_m2_m3.1.1.1.1.2>
      <IFC type="real" size="9" columns="3">
-3.092358744570068E-002  3.368757625000982E-002  1.387778780781446E-017 
 3.368757625000982E-002 -3.092358744570068E-002 -6.938893903907228E-018 
 1.387778780781446E-017 -6.938893903907228E-018  2.853499334950674E-003
      </IFC>
    </s_s1_m1_m2_m3.1.1.1.1.2>
    <s_s1_m1_m2_m3.1.1.2.1.2>
      <IFC type="real" size="9" columns="3">
 2.853499334950658E-003  3.469446951953614E-018 -6.938893903907228E-018 
 3.469446951953614E-018 -3.092358744570069E-002  3.368757625000982E-002 
-6.938893903907228E-018  3.368757625000982E-002 -3.092358744570070E-002
      </IFC>
    </s_s1_m1_m2_m3.1.1.2.1.2>
    <s_s1_m1_m2_m3.1.1.1.2.2>
      <IFC type="real" size="9" columns="3">
-3.092358744570069E-002 -3.469446951953614E-018 -3.368757625000982E-002 
-3.469446951953614E-018  2.853499334950660E-003 -6.938893903907228E-018 
-3.368757625000982E-002 -6.938893903907228E-018 -3.092358744570067E-002
      </IFC>
    </s_s1_m1_m2_m3.1.1.1.2.2>
    <s_s1_m1_m2_m3.1.1.2.2.2>
      <IFC type="real" size="9" columns="3">
-3.491535659507744E-003  3.469446951953614E-018  0.000000000000000E+000 
 3.469446951953614E-018 -3.491535659507744E-003  6.938893903907228E-018 
 0.000000000000000E+000  6.938893903907228E-018 -3.491535659507758E-003
      </IFC>
    </s_s1_m1_m2_m3.1.1.2.2.2>
  </INTERATOMIC_FORCE_CONSTANTS>
</Root>

