<?xml version="1.0"?>
<?iotk version="1.2.0"?>
<?iotk file_version="1.0"?>
<?iotk binary="F"?>
<?iotk qe_syntax="F"?>
<Root>
  <GEOMETRY_INFO>
    <NUMBER_OF_TYPES type="integer" size="1">
         1
    </NUMBER_OF_TYPES>
    <NUMBER_OF_ATOMS type="integer" size="1">
         1
    </NUMBER_OF_ATOMS>
    <BRAVAIS_LATTICE_INDEX type="integer" size="1">
         2
    </BRAVAIS_LATTICE_INDEX>
    <SPIN_COMPONENTS type="integer" size="1">
         1
    </SPIN_COMPONENTS>
    <CELL_DIMENSIONS type="real" size="6">
 7.400000000000000E+000
 0.000000000000000E+000
 0.000000000000000E+000
 0.000000000000000E+000
 0.000000000000000E+000
 0.000000000000000E+000
    </CELL_DIMENSIONS>
    <AT type="real" size="9" columns="3">
-5.000000000000000E-001  0.000000000000000E+000  5.000000000000000E-001 
 0.000000000000000E+000  5.000000000000000E-001  5.000000000000000E-001 
-5.000000000000000E-001  5.000000000000000E-001  0.000000000000000E+000
    </AT>
    <BG type="real" size="9" columns="3">
-1.000000000000000E+000 -1.000000000000000E+000  1.000000000000000E+000 
 1.000000000000000E+000  1.000000000000000E+000  1.000000000000000E+000 
-1.000000000000000E+000  1.000000000000000E+000 -1.000000000000000E+000
    </BG>
    <UNIT_CELL_VOLUME_AU type="real" size="1">
 1.013060000000000E+002
    </UNIT_CELL_VOLUME_AU>
    <TYPE_NAME.1 type="character" size="1" len="3">
Al 
    </TYPE_NAME.1>
    <MASS.1 type="real" size="1">
 2.698154000000000E+001
    </MASS.1>
    <ATOM.1 SPECIES="Al " INDEX="1" TAU="0.000000000000000E+000 0.000000000000000E+000 0.000000000000000E+000"/>
    <NUMBER_OF_Q type="integer" size="1">
         3
    </NUMBER_OF_Q>
  </GEOMETRY_INFO>
  <INTERATOMIC_FORCE_CONSTANTS>
    <MESH_NQ1_NQ2_NQ3 type="integer" size="3" columns="3">
         2          2          2
    </MESH_NQ1_NQ2_NQ3>
    <s_s1_m1_m2_m3.1.1.1.1.1>
      <IFC type="real" size="9" columns="3">
 1.124242276742950E-001 -1.734723475976807E-017 -3.469446951953614E-018 
-1.734723475976807E-017  1.124242276742950E-001  8.673617379884035E-018 
-3.469446951953614E-018  8.673617379884035E-018  1.124242276742950E-001
      </IFC>
    </s_s1_m1_m2_m3.1.1.1.1.1>
    <s_s1_m1_m2_m3.1.1.2.1.1>
      <IFC type="real" size="9" columns="3">
-2.895860033897171E-002  1.214306433183765E-017  3.118052628080527E-002 
 1.214306433183765E-017  3.216229285797673E-003 -1.387778780781446E-017 
 3.118052628080527E-002 -1.387778780781446E-017 -2.895860033897170E-002
      </IFC>
    </s_s1_m1_m2_m3.1.1.2.1.1>
    <s_s1_m1_m2_m3.1.1.1.2.1>
      <IFC type="real" size="9" columns="3">
 3.216229285797673E-003  1.214306433183765E-017  6.938893903907228E-018 
 1.214306433183765E-017 -2.895860033897171E-002 -3.118052628080527E-002 
 6.938893903907228E-018 -3.118052628080527E-002 -2.895860033897171E-002
      </IFC>
    </s_s1_m1_m2_m3.1.1.1.2.1>
    <s_s1_m1_m2_m3.1.1.2.2.1>
      <IFC type="real" size="9" columns="3">
-2.895860033897171E-002 -3.118052628080530E-002  1.214306433183765E-017 
-3.118052628080530E-002 -2.895860033897171E-002  0.000000000000000E+000 
 1.214306433183765E-017  0.000000000000000E+000  3.216229285797671E-003
      </IFC>
    </s_s1_m1_m2_m3.1.1.2.2.1>
    <s_s1_m1_m2_m3.1.1.1.1.2>
      <IFC type="real" size="9" columns="3">
-2.895860033897171E-002  3.118052628080528E-002  1.734723475976807E-018 
 3.118052628080528E-002 -2.895860033897171E-002 -1.387778780781446E-017 
 1.734723475976807E-018 -1.387778780781446E-017  3.216229285797671E-003
      </IFC>
    </s_s1_m1_m2_m3.1.1.1.1.2>
    <s_s1_m1_m2_m3.1.1.2.1.2>
      <IFC type="real" size="9" columns="3">
 3.216229285797673E-003  1.734723475976807E-018  3.469446951953614E-018 
 1.734723475976807E-018 -2.895860033897171E-002  3.118052628080530E-002 
 3.469446951953614E-018  3.118052628080530E-002 -2.895860033897170E-002
      </IFC>
    </s_s1_m1_m2_m3.1.1.2.1.2>
    <s_s1_m1_m2_m3.1.1.1.2.2>
      <IFC type="real" size="9" columns="3">
-2.895860033897171E-002  1.734723475976807E-018 -3.118052628080529E-002 
 1.734723475976807E-018  3.216229285797673E-003  0.000000000000000E+000 
-3.118052628080529E-002  0.000000000000000E+000 -2.895860033897171E-002
      </IFC>
    </s_s1_m1_m2_m3.1.1.1.2.2>
    <s_s1_m1_m2_m3.1.1.2.2.2>
      <IFC type="real" size="9" columns="3">
-2.944642679015281E-003  6.938893903907228E-018 -6.938893903907228E-018 
 6.938893903907228E-018 -2.944642679015281E-003 -5.204170427930421E-018 
-6.938893903907228E-018 -5.204170427930421E-018 -2.944642679015279E-003
      </IFC>
    </s_s1_m1_m2_m3.1.1.2.2.2>
  </INTERATOMIC_FORCE_CONSTANTS>
</Root>

