<?xml version="1.0" encoding="UTF-8"?>
<Root>
  <GEOMETRY_INFO>
    <NUMBER_OF_TYPES>1</NUMBER_OF_TYPES>
    <NUMBER_OF_ATOMS>2</NUMBER_OF_ATOMS>
    <BRAVAIS_LATTICE_INDEX>2</BRAVAIS_LATTICE_INDEX>
    <SPIN_COMPONENTS>1</SPIN_COMPONENTS>
    <CELL_DIMENSIONS>
   1.021280984240168E+01   0.000000000000000E+00   0.000000000000000E+00
   0.000000000000000E+00   0.000000000000000E+00   0.000000000000000E+00
    </CELL_DIMENSIONS>
    <AT>
  -5.000000000000824E-01   0.000000000000000E+00   5.000000000000824E-01
   0.000000000000000E+00   5.000000000000824E-01   5.000000000000824E-01
  -5.000000000000824E-01   5.000000000000824E-01   0.000000000000000E+00
    </AT>
    <BG>
  -9.999999999998352E-01  -9.999999999998352E-01   9.999999999998352E-01
   9.999999999998352E-01   9.999999999998352E-01   9.999999999998352E-01
  -9.999999999998352E-01   9.999999999998352E-01  -9.999999999998352E-01
    </BG>
    <UNIT_CELL_VOLUME_AU>266.30280783237873</UNIT_CELL_VOLUME_AU>
    <TYPE_NAME.1>Si</TYPE_NAME.1>
    <MASS.1>28.085999999999999</MASS.1>
    <ATOM.1 SPECIES="Si" INDEX="1" TAU="0.0000000000000000 0.0000000000000000 0.0000000000000000"/>
    <ATOM.2 SPECIES="Si" INDEX="1" TAU="0.25000000000004124 0.25000000000004124 0.25000000000004124"/>
    <NUMBER_OF_Q>3</NUMBER_OF_Q>
  </GEOMETRY_INFO>
  <DIELECTRIC_PROPERTIES epsil="true" zstar="true" raman="false">
    <EPSILON>
   1.385021364431818E+01   1.776356839400250E-15  -3.552713678800501E-15
   1.776356839400250E-15   1.385021364431818E+01   1.776356839400250E-15
  -1.776356839400250E-15  -1.776356839400250E-15   1.385021364431818E+01
    </EPSILON>
    <ZSTAR>
      <Z_AT_.1>
  -1.776356839400250E-15  -1.110223024625157E-15  -8.881784197001250E-16
  -1.332267629550188E-15  -2.220446049250313E-15   4.440892098500626E-16
  -4.440892098500626E-16   4.440892098500626E-16  -1.776356839400250E-15
      </Z_AT_.1>
      <Z_AT_.2>
   1.776356839400250E-15   1.110223024625157E-15   8.881784197001250E-16
   1.332267629550188E-15   2.220446049250313E-15  -4.440892098500626E-16
   4.440892098500626E-16  -4.440892098500626E-16   1.776356839400250E-15
      </Z_AT_.2>
    </ZSTAR>
  </DIELECTRIC_PROPERTIES>
  <INTERATOMIC_FORCE_CONSTANTS>
    <MESH_NQ1_NQ2_NQ3>
                 2                 2                 2
    </MESH_NQ1_NQ2_NQ3>
    <s_s1_m1_m2_m3.1.1.1.1.1>
      <IFC>
   2.798449469748061E-01  -1.040834085586084E-17  -2.385244779468110E-17
  -1.040834085586084E-17   2.798449469748061E-01   9.974659986866641E-18
  -2.385244779468110E-17   9.974659986866641E-18   2.798449469748061E-01
      </IFC>
    </s_s1_m1_m2_m3.1.1.1.1.1>
    <s_s1_m1_m2_m3.1.1.2.1.1>
      <IFC>
  -9.637647270206863E-03   9.974659986866641E-18   1.053900873992529E-02
   9.974659986866641E-18   1.776784604022431E-02   5.204170427930421E-18
   1.053900873992529E-02   5.204170427930421E-18  -9.637647270206863E-03
      </IFC>
    </s_s1_m1_m2_m3.1.1.2.1.1>
    <s_s1_m1_m2_m3.1.1.1.2.1>
      <IFC>
   1.776784604022429E-02   3.035766082959412E-18   2.515349040166370E-17
   3.035766082959412E-18  -9.637647270206856E-03  -1.053900873992527E-02
   2.515349040166370E-17  -1.053900873992527E-02  -9.637647270206870E-03
      </IFC>
    </s_s1_m1_m2_m3.1.1.1.2.1>
    <s_s1_m1_m2_m3.1.1.2.2.1>
      <IFC>
  -9.637647270206863E-03  -1.053900873992532E-02   2.558717127065790E-17
  -1.053900873992532E-02  -9.637647270206835E-03  -2.038300084272748E-17
   2.558717127065790E-17  -2.038300084272748E-17   1.776784604022431E-02
      </IFC>
    </s_s1_m1_m2_m3.1.1.2.2.1>
    <s_s1_m1_m2_m3.1.1.1.1.2>
      <IFC>
  -9.637647270206856E-03   1.053900873992528E-02   2.471980953266950E-17
   1.053900873992528E-02  -9.637647270206884E-03   6.505213034913027E-18
   2.471980953266950E-17   6.505213034913027E-18   1.776784604022430E-02
      </IFC>
    </s_s1_m1_m2_m3.1.1.1.1.2>
    <s_s1_m1_m2_m3.1.1.2.1.2>
      <IFC>
   1.776784604022433E-02   2.471980953266950E-17   7.806255641895632E-18
   2.471980953266950E-17  -9.637647270206863E-03   1.053900873992533E-02
   7.806255641895632E-18   1.053900873992533E-02  -9.637647270206863E-03
      </IFC>
    </s_s1_m1_m2_m3.1.1.2.1.2>
    <s_s1_m1_m2_m3.1.1.1.2.2>
      <IFC>
  -9.637647270206870E-03   1.778091562876227E-17  -1.053900873992533E-02
   1.778091562876227E-17   1.776784604022430E-02  -1.214306433183765E-17
  -1.053900873992533E-02  -1.214306433183765E-17  -9.637647270206870E-03
      </IFC>
    </s_s1_m1_m2_m3.1.1.1.2.2>
    <s_s1_m1_m2_m3.1.1.2.2.2>
      <IFC>
  -2.747470619686519E-03  -3.469446951953614E-18  -2.298508605669269E-17
  -3.469446951953614E-18  -2.747470619686519E-03   1.084202172485504E-17
  -2.298508605669269E-17   1.084202172485504E-17  -2.747470619686491E-03
      </IFC>
    </s_s1_m1_m2_m3.1.1.2.2.2>
    <s_s1_m1_m2_m3.1.2.1.1.1>
      <IFC>
  -7.110914015508772E-02  -4.690427020754200E-02  -4.690427020754202E-02
  -4.690427020754201E-02  -7.110914015508771E-02  -4.690427020754200E-02
  -4.690427020754202E-02  -4.690427020754198E-02  -7.110914015508771E-02
      </IFC>
    </s_s1_m1_m2_m3.1.2.1.1.1>
    <s_s1_m1_m2_m3.1.2.2.1.1>
      <IFC>
   2.726324345731980E-03   2.656976103038942E-03  -2.656976103038966E-03
   2.656976103038935E-03   2.726324345731980E-03   2.656976103038949E-03
  -2.656976103038961E-03   2.656976103038954E-03   2.726324345731963E-03
      </IFC>
    </s_s1_m1_m2_m3.1.2.2.1.1>
    <s_s1_m1_m2_m3.1.2.1.2.1>
      <IFC>
  -7.110914015508771E-02   4.690427020754202E-02   4.690427020754200E-02
   4.690427020754200E-02  -7.110914015508771E-02  -4.690427020754202E-02
   4.690427020754201E-02  -4.690427020754200E-02  -7.110914015508769E-02
      </IFC>
    </s_s1_m1_m2_m3.1.2.1.2.1>
    <s_s1_m1_m2_m3.1.2.2.2.1>
      <IFC>
  -7.110914015508772E-02  -4.690427020754199E-02   4.690427020754198E-02
  -4.690427020754200E-02  -7.110914015508771E-02   4.690427020754200E-02
   4.690427020754200E-02   4.690427020754201E-02  -7.110914015508774E-02
      </IFC>
    </s_s1_m1_m2_m3.1.2.2.2.1>
    <s_s1_m1_m2_m3.1.2.1.1.2>
      <IFC>
   2.726324345731959E-03  -2.656976103038940E-03   2.656976103038930E-03
  -2.656976103038944E-03   2.726324345731980E-03   2.656976103038951E-03
   2.656976103038937E-03   2.656976103038954E-03   2.726324345731952E-03
      </IFC>
    </s_s1_m1_m2_m3.1.2.1.1.2>
    <s_s1_m1_m2_m3.1.2.2.1.2>
      <IFC>
   2.726324345731973E-03   2.656976103038956E-03   2.656976103038942E-03
   2.656976103038942E-03   2.726324345731994E-03  -2.656976103038952E-03
   2.656976103038947E-03  -2.656976103038933E-03   2.726324345731949E-03
      </IFC>
    </s_s1_m1_m2_m3.1.2.2.1.2>
    <s_s1_m1_m2_m3.1.2.1.2.2>
      <IFC>
  -7.110914015508774E-02   4.690427020754200E-02  -4.690427020754202E-02
   4.690427020754199E-02  -7.110914015508771E-02   4.690427020754200E-02
  -4.690427020754201E-02   4.690427020754201E-02  -7.110914015508772E-02
      </IFC>
    </s_s1_m1_m2_m3.1.2.1.2.2>
    <s_s1_m1_m2_m3.1.2.2.2.2>
      <IFC>
   2.726324345731959E-03  -2.656976103038937E-03  -2.656976103038968E-03
  -2.656976103038940E-03   2.726324345731980E-03  -2.656976103038937E-03
  -2.656976103038954E-03  -2.656976103038923E-03   2.726324345731945E-03
      </IFC>
    </s_s1_m1_m2_m3.1.2.2.2.2>
    <s_s1_m1_m2_m3.2.1.1.1.1>
      <IFC>
  -7.110914015508772E-02  -4.690427020754201E-02  -4.690427020754202E-02
  -4.690427020754200E-02  -7.110914015508771E-02  -4.690427020754198E-02
  -4.690427020754202E-02  -4.690427020754200E-02  -7.110914015508771E-02
      </IFC>
    </s_s1_m1_m2_m3.2.1.1.1.1>
    <s_s1_m1_m2_m3.2.1.2.1.1>
      <IFC>
   2.726324345731980E-03   2.656976103038935E-03  -2.656976103038961E-03
   2.656976103038942E-03   2.726324345731980E-03   2.656976103038954E-03
  -2.656976103038966E-03   2.656976103038949E-03   2.726324345731963E-03
      </IFC>
    </s_s1_m1_m2_m3.2.1.2.1.1>
    <s_s1_m1_m2_m3.2.1.1.2.1>
      <IFC>
  -7.110914015508771E-02   4.690427020754200E-02   4.690427020754201E-02
   4.690427020754202E-02  -7.110914015508771E-02  -4.690427020754200E-02
   4.690427020754200E-02  -4.690427020754202E-02  -7.110914015508769E-02
      </IFC>
    </s_s1_m1_m2_m3.2.1.1.2.1>
    <s_s1_m1_m2_m3.2.1.2.2.1>
      <IFC>
  -7.110914015508772E-02  -4.690427020754200E-02   4.690427020754200E-02
  -4.690427020754199E-02  -7.110914015508771E-02   4.690427020754201E-02
   4.690427020754198E-02   4.690427020754200E-02  -7.110914015508774E-02
      </IFC>
    </s_s1_m1_m2_m3.2.1.2.2.1>
    <s_s1_m1_m2_m3.2.1.1.1.2>
      <IFC>
   2.726324345731959E-03  -2.656976103038944E-03   2.656976103038937E-03
  -2.656976103038940E-03   2.726324345731980E-03   2.656976103038954E-03
   2.656976103038930E-03   2.656976103038951E-03   2.726324345731952E-03
      </IFC>
    </s_s1_m1_m2_m3.2.1.1.1.2>
    <s_s1_m1_m2_m3.2.1.2.1.2>
      <IFC>
   2.726324345731973E-03   2.656976103038942E-03   2.656976103038947E-03
   2.656976103038956E-03   2.726324345731994E-03  -2.656976103038933E-03
   2.656976103038942E-03  -2.656976103038952E-03   2.726324345731949E-03
      </IFC>
    </s_s1_m1_m2_m3.2.1.2.1.2>
    <s_s1_m1_m2_m3.2.1.1.2.2>
      <IFC>
  -7.110914015508774E-02   4.690427020754199E-02  -4.690427020754201E-02
   4.690427020754200E-02  -7.110914015508771E-02   4.690427020754201E-02
  -4.690427020754202E-02   4.690427020754200E-02  -7.110914015508772E-02
      </IFC>
    </s_s1_m1_m2_m3.2.1.1.2.2>
    <s_s1_m1_m2_m3.2.1.2.2.2>
      <IFC>
   2.726324345731959E-03  -2.656976103038940E-03  -2.656976103038954E-03
  -2.656976103038937E-03   2.726324345731980E-03  -2.656976103038923E-03
  -2.656976103038968E-03  -2.656976103038937E-03   2.726324345731945E-03
      </IFC>
    </s_s1_m1_m2_m3.2.1.2.2.2>
    <s_s1_m1_m2_m3.2.2.1.1.1>
      <IFC>
   2.798449469748062E-01  -1.734723475976807E-18  -4.336808689942018E-18
  -1.734723475976807E-18   2.798449469748062E-01   1.778091562876227E-17
  -4.336808689942018E-18   1.778091562876227E-17   2.798449469748061E-01
      </IFC>
    </s_s1_m1_m2_m3.2.2.1.1.1>
    <s_s1_m1_m2_m3.2.2.2.1.1>
      <IFC>
  -9.637647270206863E-03   1.561251128379126E-17   1.053900873992530E-02
   1.561251128379126E-17   1.776784604022430E-02   0.000000000000000E+00
   1.053900873992530E-02   0.000000000000000E+00  -9.637647270206863E-03
      </IFC>
    </s_s1_m1_m2_m3.2.2.2.1.1>
    <s_s1_m1_m2_m3.2.2.1.2.1>
      <IFC>
   1.776784604022431E-02   2.255140518769849E-17  -3.469446951953614E-18
   2.255140518769849E-17  -9.637647270206842E-03  -1.053900873992529E-02
  -3.469446951953614E-18  -1.053900873992529E-02  -9.637647270206870E-03
      </IFC>
    </s_s1_m1_m2_m3.2.2.1.2.1>
    <s_s1_m1_m2_m3.2.2.2.2.1>
      <IFC>
  -9.637647270206891E-03  -1.053900873992536E-02   2.255140518769849E-17
  -1.053900873992536E-02  -9.637647270206873E-03  -1.084202172485504E-17
   2.255140518769849E-17  -1.084202172485504E-17   1.776784604022431E-02
      </IFC>
    </s_s1_m1_m2_m3.2.2.2.2.1>
    <s_s1_m1_m2_m3.2.2.1.1.2>
      <IFC>
  -9.637647270206828E-03   1.053900873992528E-02   1.908195823574488E-17
   1.053900873992528E-02  -9.637647270206856E-03  -9.974659986866641E-18
   1.908195823574488E-17  -9.974659986866641E-18   1.776784604022430E-02
      </IFC>
    </s_s1_m1_m2_m3.2.2.1.1.2>
    <s_s1_m1_m2_m3.2.2.2.1.2>
      <IFC>
   1.776784604022431E-02   2.255140518769849E-17   2.428612866367530E-17
   2.255140518769849E-17  -9.637647270206853E-03   1.053900873992535E-02
   2.428612866367530E-17   1.053900873992535E-02  -9.637647270206863E-03
      </IFC>
    </s_s1_m1_m2_m3.2.2.2.1.2>
    <s_s1_m1_m2_m3.2.2.1.2.2>
      <IFC>
  -9.637647270206870E-03   1.561251128379126E-17  -1.053900873992534E-02
   1.561251128379126E-17   1.776784604022429E-02  -2.775557561562891E-17
  -1.053900873992534E-02  -2.775557561562891E-17  -9.637647270206870E-03
      </IFC>
    </s_s1_m1_m2_m3.2.2.1.2.2>
    <s_s1_m1_m2_m3.2.2.2.2.2>
      <IFC>
  -2.747470619686519E-03  -1.734723475976807E-18  -3.035766082959412E-17
  -1.734723475976807E-18  -2.747470619686537E-03   1.691355389077387E-17
  -3.035766082959412E-17   1.691355389077387E-17  -2.747470619686491E-03
      </IFC>
    </s_s1_m1_m2_m3.2.2.2.2.2>
  </INTERATOMIC_FORCE_CONSTANTS>
</Root>
