<?xml version="1.0"?>
<?iotk version="1.2.0"?>
<?iotk file_version="1.0"?>
<?iotk binary="F"?>
<?iotk qe_syntax="F"?>
<Root>
  <GEOMETRY_INFO>
    <NUMBER_OF_TYPES type="integer" size="1">
         1
    </NUMBER_OF_TYPES>
    <NUMBER_OF_ATOMS type="integer" size="1">
         1
    </NUMBER_OF_ATOMS>
    <BRAVAIS_LATTICE_INDEX type="integer" size="1">
         2
    </BRAVAIS_LATTICE_INDEX>
    <SPIN_COMPONENTS type="integer" size="1">
         2
    </SPIN_COMPONENTS>
    <CELL_DIMENSIONS type="real" size="6">
 6.650000000000000E+000
 0.000000000000000E+000
 0.000000000000000E+000
 0.000000000000000E+000
 0.000000000000000E+000
 0.000000000000000E+000
    </CELL_DIMENSIONS>
    <AT type="real" size="9" columns="3">
-5.000000000000000E-001  0.000000000000000E+000  5.000000000000000E-001 
 0.000000000000000E+000  5.000000000000000E-001  5.000000000000000E-001 
-5.000000000000000E-001  5.000000000000000E-001  0.000000000000000E+000
    </AT>
    <BG type="real" size="9" columns="3">
-1.000000000000000E+000 -1.000000000000000E+000  1.000000000000000E+000 
 1.000000000000000E+000  1.000000000000000E+000  1.000000000000000E+000 
-1.000000000000000E+000  1.000000000000000E+000 -1.000000000000000E+000
    </BG>
    <UNIT_CELL_VOLUME_AU type="real" size="1">
 7.351990625000001E+001
    </UNIT_CELL_VOLUME_AU>
    <TYPE_NAME.1 type="character" size="1" len="3">
Ni 
    </TYPE_NAME.1>
    <MASS.1 type="real" size="1">
 5.869340000000000E+001
    </MASS.1>
    <ATOM.1 SPECIES="Ni " INDEX="1" TAU="0.000000000000000E+000 0.000000000000000E+000 0.000000000000000E+000"/>
    <NUMBER_OF_Q type="integer" size="1">
         3
    </NUMBER_OF_Q>
  </GEOMETRY_INFO>
  <INTERATOMIC_FORCE_CONSTANTS>
    <MESH_NQ1_NQ2_NQ3 type="integer" size="3" columns="3">
         2          2          2
    </MESH_NQ1_NQ2_NQ3>
    <s_s1_m1_m2_m3.1.1.1.1.1>
      <IFC type="real" size="9" columns="3">
 2.121524670004682E-001  0.000000000000000E+000 -1.734723475976807E-018 
 0.000000000000000E+000  2.121524670004681E-001  1.734723475976807E-018 
-1.734723475976807E-018  1.734723475976807E-018  2.121524670004681E-001
      </IFC>
    </s_s1_m1_m2_m3.1.1.1.1.1>
    <s_s1_m1_m2_m3.1.1.2.1.1>
      <IFC type="real" size="9" columns="3">
-4.964989565964592E-002 -3.469446951953614E-018  5.240761337059512E-002 
-3.469446951953614E-018 -7.848707386253113E-003  6.938893903907228E-018 
 5.240761337059512E-002  6.938893903907228E-018 -4.964989565964591E-002
      </IFC>
    </s_s1_m1_m2_m3.1.1.2.1.1>
    <s_s1_m1_m2_m3.1.1.1.2.1>
      <IFC type="real" size="9" columns="3">
-7.848707386253012E-003 -1.387778780781446E-017  2.775557561562891E-017 
-1.387778780781446E-017 -4.964989565964591E-002 -5.240761337059513E-002 
 2.775557561562891E-017 -5.240761337059513E-002 -4.964989565964588E-002
      </IFC>
    </s_s1_m1_m2_m3.1.1.1.2.1>
    <s_s1_m1_m2_m3.1.1.2.2.1>
      <IFC type="real" size="9" columns="3">
-4.964989565964592E-002 -5.240761337059514E-002  5.204170427930421E-018 
-5.240761337059514E-002 -4.964989565964588E-002 -2.949029909160572E-017 
 5.204170427930421E-018 -2.949029909160572E-017 -7.848707386253057E-003
      </IFC>
    </s_s1_m1_m2_m3.1.1.2.2.1>
    <s_s1_m1_m2_m3.1.1.1.1.2>
      <IFC type="real" size="9" columns="3">
-4.964989565964592E-002  5.240761337059513E-002  5.204170427930421E-018 
 5.240761337059513E-002 -4.964989565964593E-002  3.295974604355933E-017 
 5.204170427930421E-018  3.295974604355933E-017 -7.848707386253054E-003
      </IFC>
    </s_s1_m1_m2_m3.1.1.1.1.2>
    <s_s1_m1_m2_m3.1.1.2.1.2>
      <IFC type="real" size="9" columns="3">
-7.848707386253071E-003  2.081668171172169E-017 -2.081668171172169E-017 
 2.081668171172169E-017 -4.964989565964585E-002  5.240761337059511E-002 
-2.081668171172169E-017  5.240761337059511E-002 -4.964989565964593E-002
      </IFC>
    </s_s1_m1_m2_m3.1.1.2.1.2>
    <s_s1_m1_m2_m3.1.1.1.2.2>
      <IFC type="real" size="9" columns="3">
-4.964989565964592E-002  1.040834085586084E-017 -5.240761337059513E-002 
 1.040834085586084E-017 -7.848707386253054E-003 -1.040834085586084E-017 
-5.240761337059513E-002 -1.040834085586084E-017 -4.964989565964591E-002
      </IFC>
    </s_s1_m1_m2_m3.1.1.1.2.2>
    <s_s1_m1_m2_m3.1.1.2.2.2>
      <IFC type="real" size="9" columns="3">
 1.973161146545731E-003 -6.938893903907228E-018 -1.734723475976807E-018 
-6.938893903907228E-018  1.973161146545718E-003  1.561251128379126E-017 
-1.734723475976807E-018  1.561251128379126E-017  1.973161146545718E-003
      </IFC>
    </s_s1_m1_m2_m3.1.1.2.2.2>
  </INTERATOMIC_FORCE_CONSTANTS>
</Root>

