<?xml version="1.0" encoding="UTF-8"?>
<Root>
  <GEOMETRY_INFO>
    <NUMBER_OF_TYPES>1</NUMBER_OF_TYPES>
    <NUMBER_OF_ATOMS>2</NUMBER_OF_ATOMS>
    <BRAVAIS_LATTICE_INDEX>2</BRAVAIS_LATTICE_INDEX>
    <SPIN_COMPONENTS>1</SPIN_COMPONENTS>
    <CELL_DIMENSIONS>
   1.005000000000000E+01   0.000000000000000E+00   0.000000000000000E+00
   0.000000000000000E+00   0.000000000000000E+00   0.000000000000000E+00
    </CELL_DIMENSIONS>
    <AT>
  -4.999999999999998E-01   0.000000000000000E+00   4.999999999999998E-01
   0.000000000000000E+00   4.999999999999998E-01   4.999999999999998E-01
  -4.999999999999998E-01   4.999999999999998E-01   0.000000000000000E+00
    </AT>
    <BG>
  -1.000000000000000E+00  -1.000000000000000E+00   1.000000000000000E+00
   1.000000000000000E+00   1.000000000000000E+00   1.000000000000000E+00
  -1.000000000000000E+00   1.000000000000000E+00  -1.000000000000000E+00
    </BG>
    <UNIT_CELL_VOLUME_AU>253.76878124999979</UNIT_CELL_VOLUME_AU>
    <TYPE_NAME.1>Si</TYPE_NAME.1>
    <MASS.1>28.085999999999999</MASS.1>
    <ATOM.1 SPECIES="Si" INDEX="1" TAU="0.0000000000000000 0.0000000000000000 0.0000000000000000"/>
    <ATOM.2 SPECIES="Si" INDEX="1" TAU="0.25000000000000000 0.25000000000000000 0.25000000000000000"/>
    <NUMBER_OF_Q>6</NUMBER_OF_Q>
  </GEOMETRY_INFO>
  <DIELECTRIC_PROPERTIES epsil="true" zstar="true" raman="false">
    <EPSILON>
   2.185115574546066E+01  -7.105427357601002E-15  -3.552713678800501E-15
  -7.105427357601002E-15   2.185115574546066E+01   3.552713678800501E-15
   0.000000000000000E+00   7.105427357601002E-15   2.185115574546066E+01
    </EPSILON>
    <ZSTAR>
      <Z_AT_.1>
   1.998401444325282E-15   8.881784197001256E-16   4.440892098500628E-16
   8.881784197001248E-16   1.998401444325282E-15  -4.440892098500628E-16
   4.440892098500624E-16  -1.776356839400250E-15   1.998401444325282E-15
      </Z_AT_.1>
      <Z_AT_.2>
  -1.998401444325282E-15  -8.881784197001256E-16  -4.440892098500626E-16
  -8.881784197001250E-16  -1.998401444325282E-15   4.440892098500626E-16
  -4.440892098500624E-16   1.776356839400250E-15  -1.998401444325282E-15
      </Z_AT_.2>
    </ZSTAR>
  </DIELECTRIC_PROPERTIES>
  <INTERATOMIC_FORCE_CONSTANTS>
    <MESH_NQ1_NQ2_NQ3>
                 4                 4                 4
    </MESH_NQ1_NQ2_NQ3>
    <s_s1_m1_m2_m3.1.1.1.1.1>
      <IFC>
   3.034196587624020E-01   4.906014830496908E-18   6.098637220230962E-18
   4.906014830496908E-18   3.034196587624020E-01  -4.309703635629880E-18
   6.098637220230962E-18  -4.309703635629880E-18   3.034196587624020E-01
      </IFC>
    </s_s1_m1_m2_m3.1.1.1.1.1>
    <s_s1_m1_m2_m3.1.1.2.1.1>
      <IFC>
  -3.973208660721411E-03  -1.909886313543730E-03   4.765044697256307E-03
   1.909886313543718E-03   1.085734144906267E-02  -1.909886313543719E-03
   4.765044697256308E-03   1.909886313543730E-03  -3.973208660721407E-03
      </IFC>
    </s_s1_m1_m2_m3.1.1.2.1.1>
    <s_s1_m1_m2_m3.1.1.3.1.1>
      <IFC>
  -3.906728722516579E-05   6.342582709040201E-18   4.756033057886664E-04
   6.342582709040201E-18   4.137743099406911E-03  -5.448115916739660E-18
   4.756033057886664E-04  -5.448115916739660E-18  -3.906728722516406E-05
      </IFC>
    </s_s1_m1_m2_m3.1.1.3.1.1>
    <s_s1_m1_m2_m3.1.1.4.1.1>
      <IFC>
  -3.973208660721411E-03   1.909886313543718E-03   4.765044697256308E-03
  -1.909886313543730E-03   1.085734144906267E-02   1.909886313543730E-03
   4.765044697256307E-03  -1.909886313543719E-03  -3.973208660721407E-03
      </IFC>
    </s_s1_m1_m2_m3.1.1.4.1.1>
    <s_s1_m1_m2_m3.1.1.1.2.1>
      <IFC>
   1.085734144906268E-02   1.909886313543720E-03   1.909886313543720E-03
  -1.909886313543729E-03  -3.973208660721404E-03  -4.765044697256307E-03
  -1.909886313543729E-03  -4.765044697256306E-03  -3.973208660721400E-03
      </IFC>
    </s_s1_m1_m2_m3.1.1.1.2.1>
    <s_s1_m1_m2_m3.1.1.2.2.1>
      <IFC>
  -4.452380434791766E-04  -4.600296421432774E-04   3.456556618906682E-04
  -4.600296421432774E-04  -4.452380434791722E-04  -3.456556618906714E-04
   4.887655390195859E-04  -4.887655390195888E-04  -3.299367860994367E-04
      </IFC>
    </s_s1_m1_m2_m3.1.1.2.2.1>
    <s_s1_m1_m2_m3.1.1.3.2.1>
      <IFC>
  -3.299367860994263E-04  -4.887655390195854E-04   4.887655390195881E-04
  -3.456556618906681E-04  -4.452380434791740E-04  -4.600296421432670E-04
   3.456556618906706E-04  -4.600296421432669E-04  -4.452380434791705E-04
      </IFC>
    </s_s1_m1_m2_m3.1.1.3.2.1>
    <s_s1_m1_m2_m3.1.1.4.2.1>
      <IFC>
  -3.973208660721385E-03  -4.765044697256300E-03  -1.909886313543719E-03
  -4.765044697256300E-03  -3.973208660721397E-03  -1.909886313543728E-03
   1.909886313543730E-03   1.909886313543721E-03   1.085734144906270E-02
      </IFC>
    </s_s1_m1_m2_m3.1.1.4.2.1>
    <s_s1_m1_m2_m3.1.1.1.3.1>
      <IFC>
   4.137743099406906E-03   7.074419175467916E-18   4.797594613248357E-18
   7.074419175467916E-18  -3.906728722517100E-05  -4.756033057886672E-04
   4.797594613248357E-18  -4.756033057886672E-04  -3.906728722517794E-05
      </IFC>
    </s_s1_m1_m2_m3.1.1.1.3.1>
    <s_s1_m1_m2_m3.1.1.2.3.1>
      <IFC>
  -4.452380434791792E-04  -3.456556618906752E-04   4.600296421432659E-04
  -4.887655390195923E-04  -3.299367860994402E-04  -4.887655390195892E-04
   4.600296421432657E-04  -3.456556618906721E-04  -4.452380434791757E-04
      </IFC>
    </s_s1_m1_m2_m3.1.1.2.3.1>
    <s_s1_m1_m2_m3.1.1.3.3.1>
      <IFC>
  -3.906728722516579E-05  -4.756033057886577E-04  -7.345469718589293E-18
  -4.756033057886577E-04  -3.906728722516579E-05   4.662069341687669E-18
  -7.345469718589293E-18   4.662069341687669E-18   4.137743099406909E-03
      </IFC>
    </s_s1_m1_m2_m3.1.1.3.3.1>
    <s_s1_m1_m2_m3.1.1.4.3.1>
      <IFC>
  -4.452380434791792E-04  -4.887655390195923E-04   4.600296421432657E-04
  -3.456556618906752E-04  -3.299367860994402E-04  -3.456556618906721E-04
   4.600296421432659E-04  -4.887655390195892E-04  -4.452380434791757E-04
      </IFC>
    </s_s1_m1_m2_m3.1.1.4.3.1>
    <s_s1_m1_m2_m3.1.1.1.4.1>
      <IFC>
   1.085734144906268E-02  -1.909886313543729E-03  -1.909886313543729E-03
   1.909886313543720E-03  -3.973208660721404E-03  -4.765044697256306E-03
   1.909886313543720E-03  -4.765044697256307E-03  -3.973208660721400E-03
      </IFC>
    </s_s1_m1_m2_m3.1.1.1.4.1>
    <s_s1_m1_m2_m3.1.1.2.4.1>
      <IFC>
  -3.973208660721385E-03  -4.765044697256300E-03   1.909886313543730E-03
  -4.765044697256300E-03  -3.973208660721397E-03   1.909886313543721E-03
  -1.909886313543719E-03  -1.909886313543728E-03   1.085734144906270E-02
      </IFC>
    </s_s1_m1_m2_m3.1.1.2.4.1>
    <s_s1_m1_m2_m3.1.1.3.4.1>
      <IFC>
  -3.299367860994263E-04  -3.456556618906681E-04   3.456556618906706E-04
  -4.887655390195854E-04  -4.452380434791740E-04  -4.600296421432669E-04
   4.887655390195881E-04  -4.600296421432670E-04  -4.452380434791705E-04
      </IFC>
    </s_s1_m1_m2_m3.1.1.3.4.1>
    <s_s1_m1_m2_m3.1.1.4.4.1>
      <IFC>
  -4.452380434791766E-04  -4.600296421432774E-04   4.887655390195859E-04
  -4.600296421432774E-04  -4.452380434791722E-04  -4.887655390195888E-04
   3.456556618906682E-04  -3.456556618906714E-04  -3.299367860994367E-04
      </IFC>
    </s_s1_m1_m2_m3.1.1.4.4.1>
    <s_s1_m1_m2_m3.1.1.1.1.2>
      <IFC>
  -3.973208660721400E-03   4.765044697256309E-03  -1.909886313543726E-03
   4.765044697256309E-03  -3.973208660721400E-03   1.909886313543733E-03
   1.909886313543722E-03  -1.909886313543716E-03   1.085734144906268E-02
      </IFC>
    </s_s1_m1_m2_m3.1.1.1.1.2>
    <s_s1_m1_m2_m3.1.1.2.1.2>
      <IFC>
  -3.299367860994332E-04   4.887655390195889E-04   4.887655390195844E-04
   3.456556618906721E-04  -4.452380434791679E-04   4.600296421432746E-04
   3.456556618906668E-04   4.600296421432746E-04  -4.452380434791722E-04
      </IFC>
    </s_s1_m1_m2_m3.1.1.2.1.2>
    <s_s1_m1_m2_m3.1.1.3.1.2>
      <IFC>
  -4.452380434791722E-04   4.600296421432647E-04   3.456556618906744E-04
   4.600296421432647E-04  -4.452380434791670E-04   3.456556618906725E-04
   4.887655390195919E-04   4.887655390195900E-04  -3.299367860994246E-04
      </IFC>
    </s_s1_m1_m2_m3.1.1.3.1.2>
    <s_s1_m1_m2_m3.1.1.4.1.2>
      <IFC>
   1.085734144906269E-02  -1.909886313543720E-03   1.909886313543728E-03
   1.909886313543728E-03  -3.973208660721391E-03   4.765044697256301E-03
  -1.909886313543720E-03   4.765044697256301E-03  -3.973208660721379E-03
      </IFC>
    </s_s1_m1_m2_m3.1.1.4.1.2>
    <s_s1_m1_m2_m3.1.1.1.2.2>
      <IFC>
  -4.452380434791861E-04   3.456556618906678E-04  -4.600296421432763E-04
   4.887655390195852E-04  -3.299367860994315E-04  -4.887655390195855E-04
  -4.600296421432763E-04  -3.456556618906682E-04  -4.452380434791861E-04
      </IFC>
    </s_s1_m1_m2_m3.1.1.1.2.2>
    <s_s1_m1_m2_m3.1.1.2.2.2>
      <IFC>
  -2.580677835671650E-05  -6.993104012531504E-18  -1.246832498358330E-18
  -6.993104012531504E-18  -2.580677835671129E-05   1.382357769919018E-18
  -1.301042606982605E-18   1.436567878543293E-18  -2.580677835671043E-05
      </IFC>
    </s_s1_m1_m2_m3.1.1.2.2.2>
    <s_s1_m1_m2_m3.1.1.3.2.2>
      <IFC>
  -4.452380434791722E-04  -3.456556618906708E-04  -4.600296421432687E-04
  -4.887655390195880E-04  -3.299367860994402E-04   4.887655390195880E-04
  -4.600296421432687E-04   3.456556618906707E-04  -4.452380434791705E-04
      </IFC>
    </s_s1_m1_m2_m3.1.1.3.2.2>
    <s_s1_m1_m2_m3.1.1.4.2.2>
      <IFC>
  -4.101255559924811E-04   2.818925648462312E-18  -2.168404344971009E-18
   2.818925648462312E-18  -4.080791799384630E-04  -8.917562868693274E-18
  -2.059984127722458E-18  -9.025983085941824E-18  -4.101255559924803E-04
      </IFC>
    </s_s1_m1_m2_m3.1.1.4.2.2>
    <s_s1_m1_m2_m3.1.1.1.3.2>
      <IFC>
  -4.452380434791722E-04   4.600296421432650E-04  -3.456556618906699E-04
   4.600296421432650E-04  -4.452380434791792E-04  -3.456556618906701E-04
  -4.887655390195878E-04  -4.887655390195876E-04  -3.299367860994246E-04
      </IFC>
    </s_s1_m1_m2_m3.1.1.1.3.2>
    <s_s1_m1_m2_m3.1.1.2.3.2>
      <IFC>
  -3.299367860994298E-04  -4.887655390195864E-04  -4.887655390195898E-04
  -3.456556618906693E-04  -4.452380434791679E-04   4.600296421432693E-04
  -3.456556618906723E-04   4.600296421432690E-04  -4.452380434791653E-04
      </IFC>
    </s_s1_m1_m2_m3.1.1.2.3.2>
    <s_s1_m1_m2_m3.1.1.3.3.2>
      <IFC>
  -5.143978263721233E-04  -9.468668875422276E-05  -8.510649870470192E-05
  -9.468668875422276E-05  -5.143978263721250E-04   8.510649870470471E-05
   8.510649870471265E-05  -8.510649870470986E-05  -3.830857958635574E-04
      </IFC>
    </s_s1_m1_m2_m3.1.1.3.3.2>
    <s_s1_m1_m2_m3.1.1.4.3.2>
      <IFC>
  -3.830857958635695E-04  -8.510649870471337E-05   8.510649870470079E-05
   8.510649870470117E-05  -5.143978263721415E-04  -9.468668875422804E-05
  -8.510649870471375E-05  -9.468668875422777E-05  -5.143978263721441E-04
      </IFC>
    </s_s1_m1_m2_m3.1.1.4.3.2>
    <s_s1_m1_m2_m3.1.1.1.4.2>
      <IFC>
  -3.973208660721386E-03   1.909886313543730E-03  -4.765044697256297E-03
  -1.909886313543718E-03   1.085734144906269E-02  -1.909886313543725E-03
  -4.765044697256297E-03   1.909886313543723E-03  -3.973208660721386E-03
      </IFC>
    </s_s1_m1_m2_m3.1.1.1.4.2>
    <s_s1_m1_m2_m3.1.1.2.4.2>
      <IFC>
  -4.080791799384647E-04   1.517883041479706E-18   5.746271514173174E-18
   1.517883041479706E-18  -4.101255559924777E-04   1.219727444046192E-18
   5.854691731421724E-18   1.544988095791844E-18  -4.101255559924837E-04
      </IFC>
    </s_s1_m1_m2_m3.1.1.2.4.2>
    <s_s1_m1_m2_m3.1.1.3.4.2>
      <IFC>
  -5.143978263721510E-04   8.510649870470166E-05   9.468668875422975E-05
  -8.510649870471283E-05  -3.830857958635626E-04  -8.510649870470006E-05
   9.468668875422948E-05   8.510649870471424E-05  -5.143978263721493E-04
      </IFC>
    </s_s1_m1_m2_m3.1.1.3.4.2>
    <s_s1_m1_m2_m3.1.1.4.4.2>
      <IFC>
  -4.101255559924829E-04  -5.692061405548898E-18   5.637851296924623E-18
  -5.692061405548898E-18  -4.101255559924794E-04  -7.074419175467916E-18
   5.908901840045999E-18  -7.345469718589293E-18  -4.080791799384639E-04
      </IFC>
    </s_s1_m1_m2_m3.1.1.4.4.2>
    <s_s1_m1_m2_m3.1.1.1.1.3>
      <IFC>
  -3.906728722516406E-05   4.756033057886636E-04   4.743384504624082E-18
   4.756033057886636E-04  -3.906728722516406E-05  -5.719166459861036E-18
   4.743384504624082E-18  -5.719166459861036E-18   4.137743099406954E-03
      </IFC>
    </s_s1_m1_m2_m3.1.1.1.1.3>
    <s_s1_m1_m2_m3.1.1.2.1.3>
      <IFC>
  -4.452380434791757E-04   3.456556618906680E-04   4.600296421432663E-04
   4.887655390195848E-04  -3.299367860994367E-04   4.887655390195885E-04
   4.600296421432668E-04   3.456556618906712E-04  -4.452380434791722E-04
      </IFC>
    </s_s1_m1_m2_m3.1.1.2.1.3>
    <s_s1_m1_m2_m3.1.1.3.1.3>
      <IFC>
   4.137743099406907E-03  -5.204170427930421E-18  -7.399679827213568E-18
  -5.204170427930421E-18  -3.906728722515886E-05   4.756033057886557E-04
  -7.399679827213568E-18   4.756033057886557E-04  -3.906728722516406E-05
      </IFC>
    </s_s1_m1_m2_m3.1.1.3.1.3>
    <s_s1_m1_m2_m3.1.1.4.1.3>
      <IFC>
  -4.452380434791757E-04   4.887655390195848E-04   4.600296421432668E-04
   3.456556618906680E-04  -3.299367860994367E-04   3.456556618906712E-04
   4.600296421432663E-04   4.887655390195885E-04  -4.452380434791722E-04
      </IFC>
    </s_s1_m1_m2_m3.1.1.4.1.3>
    <s_s1_m1_m2_m3.1.1.1.2.3>
      <IFC>
  -3.299367860994246E-04   4.887655390195906E-04  -4.887655390195899E-04
   3.456556618906734E-04  -4.452380434791757E-04  -4.600296421432655E-04
  -3.456556618906721E-04  -4.600296421432650E-04  -4.452380434791722E-04
      </IFC>
    </s_s1_m1_m2_m3.1.1.1.2.3>
    <s_s1_m1_m2_m3.1.1.2.2.3>
      <IFC>
  -4.452380434791627E-04  -4.600296421432714E-04  -3.456556618906692E-04
  -4.600296421432714E-04  -4.452380434791688E-04   3.456556618906700E-04
  -4.887655390195867E-04   4.887655390195873E-04  -3.299367860994332E-04
      </IFC>
    </s_s1_m1_m2_m3.1.1.2.2.3>
    <s_s1_m1_m2_m3.1.1.3.2.3>
      <IFC>
  -3.830857958635591E-04   8.510649870471283E-05   8.510649870471318E-05
  -8.510649870470169E-05  -5.143978263721250E-04   9.468668875422541E-05
  -8.510649870470139E-05   9.468668875422520E-05  -5.143978263721215E-04
      </IFC>
    </s_s1_m1_m2_m3.1.1.3.2.3>
    <s_s1_m1_m2_m3.1.1.4.2.3>
      <IFC>
  -5.143978263721432E-04   9.468668875422647E-05  -8.510649870471418E-05
   9.468668875422647E-05  -5.143978263721441E-04  -8.510649870470009E-05
   8.510649870470041E-05   8.510649870471451E-05  -3.830857958635626E-04
      </IFC>
    </s_s1_m1_m2_m3.1.1.4.2.3>
    <s_s1_m1_m2_m3.1.1.1.3.3>
      <IFC>
  -3.906728722518488E-05  -7.074419175467916E-18  -4.756033057886555E-04
  -7.074419175467916E-18   4.137743099406906E-03   6.125742274543100E-18
  -4.756033057886555E-04   6.125742274543100E-18  -3.906728722517794E-05
      </IFC>
    </s_s1_m1_m2_m3.1.1.1.3.3>
    <s_s1_m1_m2_m3.1.1.2.3.3>
      <IFC>
  -5.143978263721302E-04  -8.510649870470486E-05  -9.468668875422452E-05
   8.510649870470963E-05  -3.830857958635660E-04  -8.510649870471028E-05
  -9.468668875422447E-05   8.510649870470440E-05  -5.143978263721337E-04
      </IFC>
    </s_s1_m1_m2_m3.1.1.2.3.3>
    <s_s1_m1_m2_m3.1.1.3.3.3>
      <IFC>
   1.268406141795245E-04   3.523657060577889E-18   3.117081245895825E-18
   3.523657060577889E-18   1.268406141795211E-04  -5.475220971051797E-18
   3.117081245895825E-18  -5.475220971051797E-18   1.268406141795263E-04
      </IFC>
    </s_s1_m1_m2_m3.1.1.3.3.3>
    <s_s1_m1_m2_m3.1.1.4.3.3>
      <IFC>
  -5.143978263721302E-04   8.510649870470963E-05  -9.468668875422447E-05
  -8.510649870470486E-05  -3.830857958635660E-04   8.510649870470440E-05
  -9.468668875422452E-05  -8.510649870471028E-05  -5.143978263721337E-04
      </IFC>
    </s_s1_m1_m2_m3.1.1.4.3.3>
    <s_s1_m1_m2_m3.1.1.1.4.3>
      <IFC>
  -3.299367860994246E-04   3.456556618906734E-04  -3.456556618906721E-04
   4.887655390195906E-04  -4.452380434791757E-04  -4.600296421432650E-04
  -4.887655390195899E-04  -4.600296421432655E-04  -4.452380434791722E-04
      </IFC>
    </s_s1_m1_m2_m3.1.1.1.4.3>
    <s_s1_m1_m2_m3.1.1.2.4.3>
      <IFC>
  -5.143978263721432E-04   9.468668875422647E-05   8.510649870470041E-05
   9.468668875422647E-05  -5.143978263721441E-04   8.510649870471451E-05
  -8.510649870471418E-05  -8.510649870470009E-05  -3.830857958635626E-04
      </IFC>
    </s_s1_m1_m2_m3.1.1.2.4.3>
    <s_s1_m1_m2_m3.1.1.3.4.3>
      <IFC>
  -3.830857958635591E-04  -8.510649870470169E-05  -8.510649870470139E-05
   8.510649870471283E-05  -5.143978263721250E-04   9.468668875422520E-05
   8.510649870471318E-05   9.468668875422541E-05  -5.143978263721215E-04
      </IFC>
    </s_s1_m1_m2_m3.1.1.3.4.3>
    <s_s1_m1_m2_m3.1.1.4.4.3>
      <IFC>
  -4.452380434791627E-04  -4.600296421432714E-04  -4.887655390195867E-04
  -4.600296421432714E-04  -4.452380434791688E-04   4.887655390195873E-04
  -3.456556618906692E-04   3.456556618906700E-04  -3.299367860994332E-04
      </IFC>
    </s_s1_m1_m2_m3.1.1.4.4.3>
    <s_s1_m1_m2_m3.1.1.1.1.4>
      <IFC>
  -3.973208660721400E-03   4.765044697256309E-03   1.909886313543722E-03
   4.765044697256309E-03  -3.973208660721400E-03  -1.909886313543716E-03
  -1.909886313543726E-03   1.909886313543733E-03   1.085734144906268E-02
      </IFC>
    </s_s1_m1_m2_m3.1.1.1.1.4>
    <s_s1_m1_m2_m3.1.1.2.1.4>
      <IFC>
   1.085734144906269E-02   1.909886313543728E-03  -1.909886313543720E-03
  -1.909886313543720E-03  -3.973208660721391E-03   4.765044697256301E-03
   1.909886313543728E-03   4.765044697256301E-03  -3.973208660721379E-03
      </IFC>
    </s_s1_m1_m2_m3.1.1.2.1.4>
    <s_s1_m1_m2_m3.1.1.3.1.4>
      <IFC>
  -4.452380434791722E-04   4.600296421432647E-04   4.887655390195919E-04
   4.600296421432647E-04  -4.452380434791670E-04   4.887655390195900E-04
   3.456556618906744E-04   3.456556618906725E-04  -3.299367860994246E-04
      </IFC>
    </s_s1_m1_m2_m3.1.1.3.1.4>
    <s_s1_m1_m2_m3.1.1.4.1.4>
      <IFC>
  -3.299367860994332E-04   3.456556618906721E-04   3.456556618906668E-04
   4.887655390195889E-04  -4.452380434791679E-04   4.600296421432746E-04
   4.887655390195844E-04   4.600296421432746E-04  -4.452380434791722E-04
      </IFC>
    </s_s1_m1_m2_m3.1.1.4.1.4>
    <s_s1_m1_m2_m3.1.1.1.2.4>
      <IFC>
  -3.973208660721386E-03  -1.909886313543718E-03  -4.765044697256297E-03
   1.909886313543730E-03   1.085734144906269E-02   1.909886313543723E-03
  -4.765044697256297E-03  -1.909886313543725E-03  -3.973208660721386E-03
      </IFC>
    </s_s1_m1_m2_m3.1.1.1.2.4>
    <s_s1_m1_m2_m3.1.1.2.2.4>
      <IFC>
  -4.101255559924829E-04  -5.692061405548898E-18   5.908901840045999E-18
  -5.692061405548898E-18  -4.101255559924794E-04  -7.345469718589293E-18
   5.637851296924623E-18  -7.074419175467916E-18  -4.080791799384639E-04
      </IFC>
    </s_s1_m1_m2_m3.1.1.2.2.4>
    <s_s1_m1_m2_m3.1.1.3.2.4>
      <IFC>
  -5.143978263721510E-04  -8.510649870471283E-05   9.468668875422948E-05
   8.510649870470166E-05  -3.830857958635626E-04   8.510649870471424E-05
   9.468668875422975E-05  -8.510649870470006E-05  -5.143978263721493E-04
      </IFC>
    </s_s1_m1_m2_m3.1.1.3.2.4>
    <s_s1_m1_m2_m3.1.1.4.2.4>
      <IFC>
  -4.080791799384647E-04   1.517883041479706E-18   5.854691731421724E-18
   1.517883041479706E-18  -4.101255559924777E-04   1.544988095791844E-18
   5.746271514173174E-18   1.219727444046192E-18  -4.101255559924837E-04
      </IFC>
    </s_s1_m1_m2_m3.1.1.4.2.4>
    <s_s1_m1_m2_m3.1.1.1.3.4>
      <IFC>
  -4.452380434791722E-04   4.600296421432650E-04  -4.887655390195878E-04
   4.600296421432650E-04  -4.452380434791792E-04  -4.887655390195876E-04
  -3.456556618906699E-04  -3.456556618906701E-04  -3.299367860994246E-04
      </IFC>
    </s_s1_m1_m2_m3.1.1.1.3.4>
    <s_s1_m1_m2_m3.1.1.2.3.4>
      <IFC>
  -3.830857958635695E-04   8.510649870470117E-05  -8.510649870471375E-05
  -8.510649870471337E-05  -5.143978263721415E-04  -9.468668875422777E-05
   8.510649870470079E-05  -9.468668875422804E-05  -5.143978263721441E-04
      </IFC>
    </s_s1_m1_m2_m3.1.1.2.3.4>
    <s_s1_m1_m2_m3.1.1.3.3.4>
      <IFC>
  -5.143978263721233E-04  -9.468668875422276E-05   8.510649870471265E-05
  -9.468668875422276E-05  -5.143978263721250E-04  -8.510649870470986E-05
  -8.510649870470192E-05   8.510649870470471E-05  -3.830857958635574E-04
      </IFC>
    </s_s1_m1_m2_m3.1.1.3.3.4>
    <s_s1_m1_m2_m3.1.1.4.3.4>
      <IFC>
  -3.299367860994298E-04  -3.456556618906693E-04  -3.456556618906723E-04
  -4.887655390195864E-04  -4.452380434791679E-04   4.600296421432690E-04
  -4.887655390195898E-04   4.600296421432693E-04  -4.452380434791653E-04
      </IFC>
    </s_s1_m1_m2_m3.1.1.4.3.4>
    <s_s1_m1_m2_m3.1.1.1.4.4>
      <IFC>
  -4.452380434791861E-04   4.887655390195852E-04  -4.600296421432763E-04
   3.456556618906678E-04  -3.299367860994315E-04  -3.456556618906682E-04
  -4.600296421432763E-04  -4.887655390195855E-04  -4.452380434791861E-04
      </IFC>
    </s_s1_m1_m2_m3.1.1.1.4.4>
    <s_s1_m1_m2_m3.1.1.2.4.4>
      <IFC>
  -4.101255559924811E-04   2.818925648462312E-18  -2.059984127722458E-18
   2.818925648462312E-18  -4.080791799384630E-04  -9.025983085941824E-18
  -2.168404344971009E-18  -8.917562868693274E-18  -4.101255559924803E-04
      </IFC>
    </s_s1_m1_m2_m3.1.1.2.4.4>
    <s_s1_m1_m2_m3.1.1.3.4.4>
      <IFC>
  -4.452380434791722E-04  -4.887655390195880E-04  -4.600296421432687E-04
  -3.456556618906708E-04  -3.299367860994402E-04   3.456556618906707E-04
  -4.600296421432687E-04   4.887655390195880E-04  -4.452380434791705E-04
      </IFC>
    </s_s1_m1_m2_m3.1.1.3.4.4>
    <s_s1_m1_m2_m3.1.1.4.4.4>
      <IFC>
  -2.580677835671650E-05  -6.993104012531504E-18  -1.301042606982605E-18
  -6.993104012531504E-18  -2.580677835671129E-05   1.436567878543293E-18
  -1.246832498358330E-18   1.382357769919018E-18  -2.580677835671043E-05
      </IFC>
    </s_s1_m1_m2_m3.1.1.4.4.4>
    <s_s1_m1_m2_m3.1.2.1.1.1>
      <IFC>
  -7.531638861573006E-02  -5.201741068137428E-02  -5.201741068137426E-02
  -5.201741068137428E-02  -7.531638861573006E-02  -5.201741068137426E-02
  -5.201741068137426E-02  -5.201741068137427E-02  -7.531638861573006E-02
      </IFC>
    </s_s1_m1_m2_m3.1.2.1.1.1>
    <s_s1_m1_m2_m3.1.2.2.1.1>
      <IFC>
   3.821239837096909E-04   9.300585026843608E-04  -9.300585026843567E-04
   9.300585026843602E-04   5.147741710668616E-04   2.975822224409663E-04
  -9.300585026843556E-04   2.975822224409660E-04   5.147741710668634E-04
      </IFC>
    </s_s1_m1_m2_m3.1.2.2.1.1>
    <s_s1_m1_m2_m3.1.2.3.1.1>
      <IFC>
  -9.617165600443256E-07   3.880020128295625E-04   5.751208494479470E-05
   3.880020128295624E-04  -7.694054178000861E-05   3.880020128295580E-04
   5.751208494479514E-05   3.880020128295560E-04  -9.617165600371699E-07
      </IFC>
    </s_s1_m1_m2_m3.1.2.3.1.1>
    <s_s1_m1_m2_m3.1.2.4.1.1>
      <IFC>
   5.147741710668593E-04   2.975822224409585E-04  -9.300585026843586E-04
   2.975822224409579E-04   5.147741710668564E-04   9.300585026843519E-04
  -9.300585026843589E-04   9.300585026843506E-04   3.821239837096929E-04
      </IFC>
    </s_s1_m1_m2_m3.1.2.4.1.1>
    <s_s1_m1_m2_m3.1.2.1.2.1>
      <IFC>
  -7.531638861573006E-02   5.201741068137428E-02   5.201741068137426E-02
   5.201741068137428E-02  -7.531638861573006E-02  -5.201741068137428E-02
   5.201741068137426E-02  -5.201741068137428E-02  -7.531638861573006E-02
      </IFC>
    </s_s1_m1_m2_m3.1.2.1.2.1>
    <s_s1_m1_m2_m3.1.2.2.2.1>
      <IFC>
  -5.308023780017344E-04  -1.265354596647595E-03   7.833878135405981E-04
  -1.265354596647596E-03  -4.020323338660765E-03   1.265354596647572E-03
   7.833878135405968E-04   1.265354596647572E-03  -5.308023780017301E-04
      </IFC>
    </s_s1_m1_m2_m3.1.2.2.2.1>
    <s_s1_m1_m2_m3.1.2.3.2.1>
      <IFC>
  -5.308023780017357E-04   1.265354596647569E-03   7.833878135406068E-04
   1.265354596647572E-03  -4.020323338660767E-03  -1.265354596647598E-03
   7.833878135406057E-04  -1.265354596647598E-03  -5.308023780017336E-04
      </IFC>
    </s_s1_m1_m2_m3.1.2.3.2.1>
    <s_s1_m1_m2_m3.1.2.4.2.1>
      <IFC>
  -7.531638861573006E-02  -5.201741068137427E-02   5.201741068137426E-02
  -5.201741068137427E-02  -7.531638861573006E-02   5.201741068137426E-02
   5.201741068137426E-02   5.201741068137426E-02  -7.531638861573006E-02
      </IFC>
    </s_s1_m1_m2_m3.1.2.4.2.1>
    <s_s1_m1_m2_m3.1.2.1.3.1>
      <IFC>
  -4.020323338660786E-03  -1.265354596647578E-03  -1.265354596647574E-03
  -1.265354596647578E-03  -5.308023780017605E-04  -7.833878135405951E-04
  -1.265354596647576E-03  -7.833878135405960E-04  -5.308023780017570E-04
      </IFC>
    </s_s1_m1_m2_m3.1.2.1.3.1>
    <s_s1_m1_m2_m3.1.2.2.3.1>
      <IFC>
   7.637603377975984E-04   8.774415182333040E-04  -8.774415182332873E-04
   8.774415182333050E-04   7.637603377976042E-04   8.774415182333046E-04
  -8.774415182332867E-04   8.774415182333027E-04   7.637603377976075E-04
      </IFC>
    </s_s1_m1_m2_m3.1.2.2.3.1>
    <s_s1_m1_m2_m3.1.2.3.3.1>
      <IFC>
  -5.308023780017599E-04  -7.833878135405894E-04  -1.265354596647583E-03
  -7.833878135405916E-04  -5.308023780017563E-04  -1.265354596647576E-03
  -1.265354596647584E-03  -1.265354596647576E-03  -4.020323338660788E-03
      </IFC>
    </s_s1_m1_m2_m3.1.2.3.3.1>
    <s_s1_m1_m2_m3.1.2.4.3.1>
      <IFC>
   5.147741710668509E-04   9.300585026843341E-04  -2.975822224409548E-04
   9.300585026843346E-04   3.821239837096756E-04   9.300585026843333E-04
  -2.975822224409580E-04   9.300585026843311E-04   5.147741710668513E-04
      </IFC>
    </s_s1_m1_m2_m3.1.2.4.3.1>
    <s_s1_m1_m2_m3.1.2.1.4.1>
      <IFC>
  -4.020323338660757E-03   1.265354596647594E-03   1.265354596647576E-03
   1.265354596647591E-03  -5.308023780017205E-04  -7.833878135406125E-04
   1.265354596647576E-03  -7.833878135406125E-04  -5.308023780017141E-04
      </IFC>
    </s_s1_m1_m2_m3.1.2.1.4.1>
    <s_s1_m1_m2_m3.1.2.2.4.1>
      <IFC>
  -5.308023780017292E-04  -7.833878135406049E-04   1.265354596647575E-03
  -7.833878135406036E-04  -5.308023780017292E-04   1.265354596647587E-03
   1.265354596647574E-03   1.265354596647586E-03  -4.020323338660752E-03
      </IFC>
    </s_s1_m1_m2_m3.1.2.2.4.1>
    <s_s1_m1_m2_m3.1.2.3.4.1>
      <IFC>
  -9.617165600511561E-07  -5.751208494481018E-05  -3.880020128295488E-04
  -5.751208494480844E-05  -9.617165600531077E-07   3.880020128295656E-04
  -3.880020128295477E-04   3.880020128295648E-04  -7.694054178000563E-05
      </IFC>
    </s_s1_m1_m2_m3.1.2.3.4.1>
    <s_s1_m1_m2_m3.1.2.4.4.1>
      <IFC>
  -7.694054178001945E-05   3.880020128295648E-04  -3.880020128295501E-04
   3.880020128295665E-04  -9.617165600567940E-07  -5.751208494480901E-05
  -3.880020128295509E-04  -5.751208494480728E-05  -9.617165600463856E-07
      </IFC>
    </s_s1_m1_m2_m3.1.2.4.4.1>
    <s_s1_m1_m2_m3.1.2.1.1.2>
      <IFC>
   3.821239837096882E-04  -9.300585026843552E-04   9.300585026843500E-04
  -9.300585026843560E-04   5.147741710668629E-04   2.975822224409734E-04
   9.300585026843478E-04   2.975822224409713E-04   5.147741710668638E-04
      </IFC>
    </s_s1_m1_m2_m3.1.2.1.1.2>
    <s_s1_m1_m2_m3.1.2.2.1.2>
      <IFC>
   3.568568414677429E-04  -2.034805617498793E-04  -2.034805617498700E-04
  -2.034805617498766E-04   3.582316347460517E-04   1.737498613546503E-04
  -2.034805617498691E-04   1.737498613546521E-04   3.582316347460469E-04
      </IFC>
    </s_s1_m1_m2_m3.1.2.2.1.2>
    <s_s1_m1_m2_m3.1.2.3.1.2>
      <IFC>
   3.582316347460453E-04   1.737498613546514E-04  -2.034805617498734E-04
   1.737498613546510E-04   3.582316347460531E-04  -2.034805617498793E-04
  -2.034805617498736E-04  -2.034805617498782E-04   3.568568414677497E-04
      </IFC>
    </s_s1_m1_m2_m3.1.2.3.1.2>
    <s_s1_m1_m2_m3.1.2.4.1.2>
      <IFC>
   5.147741710668562E-04   2.975822224409619E-04   9.300585026843469E-04
   2.975822224409613E-04   5.147741710668621E-04  -9.300585026843586E-04
   9.300585026843452E-04  -9.300585026843571E-04   3.821239837096927E-04
      </IFC>
    </s_s1_m1_m2_m3.1.2.4.1.2>
    <s_s1_m1_m2_m3.1.2.1.2.2>
      <IFC>
  -5.308023780017379E-04   7.833878135406064E-04  -1.265354596647596E-03
   7.833878135406064E-04  -5.308023780017240E-04   1.265354596647578E-03
  -1.265354596647599E-03   1.265354596647578E-03  -4.020323338660765E-03
      </IFC>
    </s_s1_m1_m2_m3.1.2.1.2.2>
    <s_s1_m1_m2_m3.1.2.2.2.2>
      <IFC>
   7.637603377976216E-04  -8.774415182333046E-04  -8.774415182333122E-04
  -8.774415182333065E-04   7.637603377976299E-04  -8.774415182333044E-04
  -8.774415182333142E-04  -8.774415182333040E-04   7.637603377976276E-04
      </IFC>
    </s_s1_m1_m2_m3.1.2.2.2.2>
    <s_s1_m1_m2_m3.1.2.3.2.2>
      <IFC>
  -4.020323338660774E-03   1.265354596647564E-03  -1.265354596647598E-03
   1.265354596647565E-03  -5.308023780017390E-04   7.833878135406065E-04
  -1.265354596647600E-03   7.833878135406056E-04  -5.308023780017400E-04
      </IFC>
    </s_s1_m1_m2_m3.1.2.3.2.2>
    <s_s1_m1_m2_m3.1.2.4.2.2>
      <IFC>
   5.147741710668593E-04  -9.300585026843311E-04  -2.975822224409619E-04
  -9.300585026843301E-04   3.821239837096929E-04  -9.300585026843463E-04
  -2.975822224409647E-04  -9.300585026843441E-04   5.147741710668573E-04
      </IFC>
    </s_s1_m1_m2_m3.1.2.4.2.2>
    <s_s1_m1_m2_m3.1.2.1.3.2>
      <IFC>
   7.637603377975925E-04  -8.774415182332910E-04   8.774415182333083E-04
  -8.774415182332910E-04   7.637603377975959E-04   8.774415182333036E-04
   8.774415182333062E-04   8.774415182333057E-04   7.637603377975951E-04
      </IFC>
    </s_s1_m1_m2_m3.1.2.1.3.2>
    <s_s1_m1_m2_m3.1.2.2.3.2>
      <IFC>
   7.637603377975933E-04   8.774415182332962E-04   8.774415182333081E-04
   8.774415182332968E-04   7.637603377975958E-04  -8.774415182332875E-04
   8.774415182333073E-04  -8.774415182332867E-04   7.637603377975933E-04
      </IFC>
    </s_s1_m1_m2_m3.1.2.2.3.2>
    <s_s1_m1_m2_m3.1.2.3.3.2>
      <IFC>
   3.582316347460705E-04   2.034805617499014E-04  -1.737498613546386E-04
   2.034805617499031E-04   3.568568414677601E-04  -2.034805617498906E-04
  -1.737498613546384E-04  -2.034805617498908E-04   3.582316347460609E-04
      </IFC>
    </s_s1_m1_m2_m3.1.2.3.3.2>
    <s_s1_m1_m2_m3.1.2.4.3.2>
      <IFC>
   3.582316347460631E-04  -2.034805617498968E-04  -1.737498613546362E-04
  -2.034805617498990E-04   3.568568414677580E-04   2.034805617498930E-04
  -1.737498613546358E-04   2.034805617498940E-04   3.582316347460626E-04
      </IFC>
    </s_s1_m1_m2_m3.1.2.4.3.2>
    <s_s1_m1_m2_m3.1.2.1.4.2>
      <IFC>
  -5.308023780017310E-04   1.265354596647582E-03  -7.833878135406005E-04
   1.265354596647582E-03  -4.020323338660758E-03   1.265354596647586E-03
  -7.833878135405992E-04   1.265354596647587E-03  -5.308023780017219E-04
      </IFC>
    </s_s1_m1_m2_m3.1.2.1.4.2>
    <s_s1_m1_m2_m3.1.2.2.4.2>
      <IFC>
   3.568568414677541E-04   2.034805617498838E-04   2.034805617498823E-04
   2.034805617498829E-04   3.582316347460589E-04   1.737498613546348E-04
   2.034805617498834E-04   1.737498613546356E-04   3.582316347460579E-04
      </IFC>
    </s_s1_m1_m2_m3.1.2.2.4.2>
    <s_s1_m1_m2_m3.1.2.3.4.2>
      <IFC>
   6.408798197995075E-04  -2.085029351447869E-04   2.085029351447738E-04
  -2.085029351447874E-04   6.408798197995067E-04  -2.085029351447783E-04
   2.085029351447725E-04  -2.085029351447774E-04   6.408798197995034E-04
      </IFC>
    </s_s1_m1_m2_m3.1.2.3.4.2>
    <s_s1_m1_m2_m3.1.2.4.4.2>
      <IFC>
   3.582316347460517E-04   1.737498613546421E-04   2.034805617498786E-04
   1.737498613546444E-04   3.582316347460521E-04   2.034805617498844E-04
   2.034805617498784E-04   2.034805617498845E-04   3.568568414677509E-04
      </IFC>
    </s_s1_m1_m2_m3.1.2.4.4.2>
    <s_s1_m1_m2_m3.1.2.1.1.3>
      <IFC>
  -9.617165600481203E-07   5.751208494479687E-05   3.880020128295587E-04
   5.751208494479687E-05  -9.617165600481203E-07   3.880020128295587E-04
   3.880020128295518E-04   3.880020128295622E-04  -7.694054178000037E-05
      </IFC>
    </s_s1_m1_m2_m3.1.2.1.1.3>
    <s_s1_m1_m2_m3.1.2.2.1.3>
      <IFC>
   3.582316347460563E-04  -2.034805617498814E-04   1.737498613546538E-04
  -2.034805617498807E-04   3.568568414677523E-04  -2.034805617498780E-04
   1.737498613546510E-04  -2.034805617498786E-04   3.582316347460528E-04
      </IFC>
    </s_s1_m1_m2_m3.1.2.2.1.3>
    <s_s1_m1_m2_m3.1.2.3.1.3>
      <IFC>
  -7.694054178000417E-05   3.880020128295497E-04   3.880020128295596E-04
   3.880020128295516E-04  -9.617165600398804E-07   5.751208494480061E-05
   3.880020128295579E-04   5.751208494480175E-05  -9.617165600451930E-07
      </IFC>
    </s_s1_m1_m2_m3.1.2.3.1.3>
    <s_s1_m1_m2_m3.1.2.4.1.3>
      <IFC>
   3.774193881213882E-04  -1.903170056798352E-04   1.903170056798155E-04
  -1.903170056798345E-04   3.774193881213913E-04  -1.903170056798342E-04
   1.903170056798162E-04  -1.903170056798350E-04   3.774193881213916E-04
      </IFC>
    </s_s1_m1_m2_m3.1.2.4.1.3>
    <s_s1_m1_m2_m3.1.2.1.2.3>
      <IFC>
  -5.308023780017379E-04   7.833878135406133E-04   1.265354596647571E-03
   7.833878135406168E-04  -5.308023780017379E-04  -1.265354596647585E-03
   1.265354596647568E-03  -1.265354596647585E-03  -4.020323338660751E-03
      </IFC>
    </s_s1_m1_m2_m3.1.2.1.2.3>
    <s_s1_m1_m2_m3.1.2.2.2.3>
      <IFC>
  -4.020323338660765E-03  -1.265354596647592E-03   1.265354596647569E-03
  -1.265354596647591E-03  -5.308023780017362E-04   7.833878135406010E-04
   1.265354596647568E-03   7.833878135406018E-04  -5.308023780017353E-04
      </IFC>
    </s_s1_m1_m2_m3.1.2.2.2.3>
    <s_s1_m1_m2_m3.1.2.3.2.3>
      <IFC>
  -7.694054178003463E-05  -3.880020128295506E-04  -3.880020128295592E-04
  -3.880020128295528E-04  -9.617165600685033E-07   5.751208494481465E-05
  -3.880020128295603E-04   5.751208494481595E-05  -9.617165600706175E-07
      </IFC>
    </s_s1_m1_m2_m3.1.2.3.2.3>
    <s_s1_m1_m2_m3.1.2.4.2.3>
      <IFC>
  -9.617165600619981E-07   5.751208494481769E-05  -3.880020128295587E-04
   5.751208494481769E-05  -9.617165600619981E-07  -3.880020128295553E-04
  -3.880020128295587E-04  -3.880020128295518E-04  -7.694054178002813E-05
      </IFC>
    </s_s1_m1_m2_m3.1.2.4.2.3>
    <s_s1_m1_m2_m3.1.2.1.3.3>
      <IFC>
  -5.308023780017553E-04  -1.265354596647577E-03  -7.833878135405986E-04
  -1.265354596647578E-03  -4.020323338660784E-03  -1.265354596647567E-03
  -7.833878135405986E-04  -1.265354596647566E-03  -5.308023780017500E-04
      </IFC>
    </s_s1_m1_m2_m3.1.2.1.3.3>
    <s_s1_m1_m2_m3.1.2.2.3.3>
      <IFC>
   3.582316347460673E-04  -1.737498613546462E-04   2.034805617499016E-04
  -1.737498613546465E-04   3.582316347460618E-04  -2.034805617498958E-04
   2.034805617499018E-04  -2.034805617498955E-04   3.568568414677595E-04
      </IFC>
    </s_s1_m1_m2_m3.1.2.2.3.3>
    <s_s1_m1_m2_m3.1.2.3.3.3>
      <IFC>
   6.408798197995164E-04   2.085029351447703E-04   2.085029351447838E-04
   2.085029351447734E-04   6.408798197995163E-04   2.085029351447725E-04
   2.085029351447838E-04   2.085029351447729E-04   6.408798197995147E-04
      </IFC>
    </s_s1_m1_m2_m3.1.2.3.3.3>
    <s_s1_m1_m2_m3.1.2.4.3.3>
      <IFC>
   3.568568414677589E-04  -2.034805617499020E-04   2.034805617498958E-04
  -2.034805617499029E-04   3.582316347460670E-04  -1.737498613546523E-04
   2.034805617498968E-04  -1.737498613546514E-04   3.582316347460719E-04
      </IFC>
    </s_s1_m1_m2_m3.1.2.4.3.3>
    <s_s1_m1_m2_m3.1.2.1.4.3>
      <IFC>
  -9.617165600498551E-07  -3.880020128295541E-04  -5.751208494480229E-05
  -3.880020128295527E-04  -7.694054178001414E-05   3.880020128295665E-04
  -5.751208494480273E-05   3.880020128295683E-04  -9.617165600520235E-07
      </IFC>
    </s_s1_m1_m2_m3.1.2.1.4.3>
    <s_s1_m1_m2_m3.1.2.2.4.3>
      <IFC>
   6.408798197995048E-04   2.085029351447780E-04  -2.085029351447817E-04
   2.085029351447775E-04   6.408798197995065E-04  -2.085029351447775E-04
  -2.085029351447812E-04  -2.085029351447780E-04   6.408798197995039E-04
      </IFC>
    </s_s1_m1_m2_m3.1.2.2.4.3>
    <s_s1_m1_m2_m3.1.2.3.4.3>
      <IFC>
   6.408798197995017E-04  -2.085029351447746E-04  -2.085029351447791E-04
  -2.085029351447744E-04   6.408798197995035E-04   2.085029351447830E-04
  -2.085029351447788E-04   2.085029351447847E-04   6.408798197994918E-04
      </IFC>
    </s_s1_m1_m2_m3.1.2.3.4.3>
    <s_s1_m1_m2_m3.1.2.4.4.3>
      <IFC>
  -9.617165600498551E-07   3.880020128295648E-04  -5.751208494479861E-05
   3.880020128295631E-04  -7.694054178001598E-05  -3.880020128295553E-04
  -5.751208494479947E-05  -3.880020128295518E-04  -9.617165600602634E-07
      </IFC>
    </s_s1_m1_m2_m3.1.2.4.4.3>
    <s_s1_m1_m2_m3.1.2.1.1.4>
      <IFC>
   5.147741710668577E-04  -9.300585026843621E-04   2.975822224409626E-04
  -9.300585026843613E-04   3.821239837096830E-04   9.300585026843530E-04
   2.975822224409613E-04   9.300585026843517E-04   5.147741710668516E-04
      </IFC>
    </s_s1_m1_m2_m3.1.2.1.1.4>
    <s_s1_m1_m2_m3.1.2.2.1.4>
      <IFC>
   5.147741710668620E-04   9.300585026843569E-04   2.975822224409645E-04
   9.300585026843550E-04   3.821239837096918E-04  -9.300585026843526E-04
   2.975822224409654E-04  -9.300585026843508E-04   5.147741710668603E-04
      </IFC>
    </s_s1_m1_m2_m3.1.2.2.1.4>
    <s_s1_m1_m2_m3.1.2.3.1.4>
      <IFC>
   3.774193881213887E-04   1.903170056798116E-04  -1.903170056798261E-04
   1.903170056798129E-04   3.774193881213913E-04  -1.903170056798324E-04
  -1.903170056798281E-04  -1.903170056798309E-04   3.774193881213904E-04
      </IFC>
    </s_s1_m1_m2_m3.1.2.3.1.4>
    <s_s1_m1_m2_m3.1.2.4.1.4>
      <IFC>
   3.774193881213969E-04  -1.903170056798370E-04  -1.903170056798225E-04
  -1.903170056798366E-04   3.774193881213960E-04   1.903170056798105E-04
  -1.903170056798238E-04   1.903170056798120E-04   3.774193881213922E-04
      </IFC>
    </s_s1_m1_m2_m3.1.2.4.1.4>
    <s_s1_m1_m2_m3.1.2.1.2.4>
      <IFC>
  -7.531638861573006E-02   5.201741068137427E-02  -5.201741068137427E-02
   5.201741068137427E-02  -7.531638861573008E-02   5.201741068137426E-02
  -5.201741068137428E-02   5.201741068137426E-02  -7.531638861573006E-02
      </IFC>
    </s_s1_m1_m2_m3.1.2.1.2.4>
    <s_s1_m1_m2_m3.1.2.2.2.4>
      <IFC>
   5.147741710668545E-04  -2.975822224409680E-04  -9.300585026843344E-04
  -2.975822224409653E-04   5.147741710668584E-04  -9.300585026843404E-04
  -9.300585026843350E-04  -9.300585026843404E-04   3.821239837096912E-04
      </IFC>
    </s_s1_m1_m2_m3.1.2.2.2.4>
    <s_s1_m1_m2_m3.1.2.3.2.4>
      <IFC>
  -9.617165600680697E-07  -3.880020128295498E-04   5.751208494481855E-05
  -3.880020128295497E-04  -7.694054178002813E-05  -3.880020128295493E-04
   5.751208494482116E-05  -3.880020128295484E-04  -9.617165600642750E-07
      </IFC>
    </s_s1_m1_m2_m3.1.2.3.2.4>
    <s_s1_m1_m2_m3.1.2.4.2.4>
      <IFC>
   3.821239837096866E-04  -9.300585026843307E-04  -9.300585026843298E-04
  -9.300585026843317E-04   5.147741710668530E-04  -2.975822224409523E-04
  -9.300585026843305E-04  -2.975822224409511E-04   5.147741710668512E-04
      </IFC>
    </s_s1_m1_m2_m3.1.2.4.2.4>
    <s_s1_m1_m2_m3.1.2.1.3.4>
      <IFC>
   5.147741710668455E-04  -2.975822224409487E-04   9.300585026843396E-04
  -2.975822224409504E-04   5.147741710668525E-04   9.300585026843339E-04
   9.300585026843400E-04   9.300585026843352E-04   3.821239837096804E-04
      </IFC>
    </s_s1_m1_m2_m3.1.2.1.3.4>
    <s_s1_m1_m2_m3.1.2.2.3.4>
      <IFC>
   3.582316347460607E-04  -1.737498613546401E-04  -2.034805617499038E-04
  -1.737498613546406E-04   3.582316347460667E-04   2.034805617498890E-04
  -2.034805617499055E-04   2.034805617498908E-04   3.568568414677585E-04
      </IFC>
    </s_s1_m1_m2_m3.1.2.2.3.4>
    <s_s1_m1_m2_m3.1.2.3.3.4>
      <IFC>
   3.568568414677557E-04   2.034805617498897E-04  -2.034805617499133E-04
   2.034805617498897E-04   3.582316347460661E-04  -1.737498613546475E-04
  -2.034805617499140E-04  -1.737498613546481E-04   3.582316347460609E-04
      </IFC>
    </s_s1_m1_m2_m3.1.2.3.3.4>
    <s_s1_m1_m2_m3.1.2.4.3.4>
      <IFC>
   3.821239837096810E-04   9.300585026843272E-04   9.300585026843348E-04
