<?xml version="1.0" encoding="UTF-8"?>
<Root>
  <GEOMETRY_INFO>
    <NUMBER_OF_TYPES>1</NUMBER_OF_TYPES>
    <NUMBER_OF_ATOMS>2</NUMBER_OF_ATOMS>
    <BRAVAIS_LATTICE_INDEX>2</BRAVAIS_LATTICE_INDEX>
    <SPIN_COMPONENTS>1</SPIN_COMPONENTS>
    <CELL_DIMENSIONS>
   1.040000000000000E+01   0.000000000000000E+00   0.000000000000000E+00
   0.000000000000000E+00   0.000000000000000E+00   0.000000000000000E+00
    </CELL_DIMENSIONS>
    <AT>
  -4.999999999999999E-01   0.000000000000000E+00   4.999999999999999E-01
   0.000000000000000E+00   4.999999999999999E-01   4.999999999999999E-01
  -4.999999999999999E-01   4.999999999999999E-01   0.000000000000000E+00
    </AT>
    <BG>
  -1.000000000000000E+00  -1.000000000000000E+00   1.000000000000000E+00
   1.000000000000000E+00   1.000000000000000E+00   1.000000000000000E+00
  -1.000000000000000E+00   1.000000000000000E+00  -1.000000000000000E+00
    </BG>
    <UNIT_CELL_VOLUME_AU>281.21599999999989</UNIT_CELL_VOLUME_AU>
    <TYPE_NAME.1>Si</TYPE_NAME.1>
    <MASS.1>28.085999999999999</MASS.1>
    <ATOM.1 SPECIES="Si" INDEX="1" TAU="0.0000000000000000 0.0000000000000000 0.0000000000000000"/>
    <ATOM.2 SPECIES="Si" INDEX="1" TAU="0.25000000000000000 0.25000000000000000 0.25000000000000000"/>
    <NUMBER_OF_Q>6</NUMBER_OF_Q>
  </GEOMETRY_INFO>
  <DIELECTRIC_PROPERTIES epsil="true" zstar="true" raman="false">
    <EPSILON>
   2.396668310494660E+01   5.329070518200751E-15  -1.776356839400250E-15
   8.881784197001252E-15   2.396668310494660E+01  -5.329070518200751E-15
  -8.881784197001252E-15  -1.243449787580175E-14   2.396668310494660E+01
    </EPSILON>
    <ZSTAR>
      <Z_AT_.1>
  -1.998401444325282E-15  -8.881784197001256E-16  -4.440892098500626E-16
  -1.332267629550188E-15  -1.554312234475219E-15   8.881784197001250E-16
  -4.440892098500630E-16   1.776356839400250E-15  -2.664535259100376E-15
      </Z_AT_.1>
      <Z_AT_.2>
   1.998401444325282E-15   8.881784197001256E-16   4.440892098500628E-16
   1.332267629550188E-15   1.554312234475219E-15  -8.881784197001248E-16
   4.440892098500630E-16  -1.776356839400250E-15   2.442490654175344E-15
      </Z_AT_.2>
    </ZSTAR>
  </DIELECTRIC_PROPERTIES>
  <INTERATOMIC_FORCE_CONSTANTS>
    <MESH_NQ1_NQ2_NQ3>
                 4                 4                 4
    </MESH_NQ1_NQ2_NQ3>
    <s_s1_m1_m2_m3.1.1.1.1.1>
      <IFC>
   2.444339985100674E-01   2.385244779468110E-18   4.065758146820642E-19
   2.385244779468110E-18   2.444339985100674E-01   1.490777987167569E-19
   4.065758146820642E-19   1.490777987167569E-19   2.444339985100674E-01
      </IFC>
    </s_s1_m1_m2_m3.1.1.1.1.1>
    <s_s1_m1_m2_m3.1.1.2.1.1>
      <IFC>
  -3.121981839668940E-03  -1.747659417598116E-03   3.785961072404784E-03
   1.747659417598118E-03   1.005003249814088E-02  -1.747659417598119E-03
   3.785961072404785E-03   1.747659417598116E-03  -3.121981839668941E-03
      </IFC>
    </s_s1_m1_m2_m3.1.1.2.1.1>
    <s_s1_m1_m2_m3.1.1.3.1.1>
      <IFC>
   5.342201982805675E-07  -2.574980159653073E-18   5.727742115423925E-04
  -2.574980159653073E-18   3.974830837140991E-03   1.843143693225358E-18
   5.727742115423925E-04   1.843143693225358E-18   5.342201982875064E-07
      </IFC>
    </s_s1_m1_m2_m3.1.1.3.1.1>
    <s_s1_m1_m2_m3.1.1.4.1.1>
      <IFC>
  -3.121981839668940E-03   1.747659417598118E-03   3.785961072404785E-03
  -1.747659417598116E-03   1.005003249814088E-02   1.747659417598116E-03
   3.785961072404784E-03  -1.747659417598119E-03  -3.121981839668941E-03
      </IFC>
    </s_s1_m1_m2_m3.1.1.4.1.1>
    <s_s1_m1_m2_m3.1.1.1.2.1>
      <IFC>
   1.005003249814088E-02   1.747659417598119E-03   1.747659417598117E-03
  -1.747659417598116E-03  -3.121981839668938E-03  -3.785961072404787E-03
  -1.747659417598117E-03  -3.785961072404787E-03  -3.121981839668948E-03
      </IFC>
    </s_s1_m1_m2_m3.1.1.1.2.1>
    <s_s1_m1_m2_m3.1.1.2.2.1>
      <IFC>
  -3.683037450664009E-04  -5.169439312397299E-04   3.612575402727615E-04
  -5.169439312397298E-04  -3.683037450664039E-04  -3.612575402727658E-04
   4.785973606326517E-04  -4.785973606326559E-04  -2.928509708066498E-04
      </IFC>
    </s_s1_m1_m2_m3.1.1.2.2.1>
    <s_s1_m1_m2_m3.1.1.3.2.1>
      <IFC>
  -2.928509708066572E-04  -4.785973606326519E-04   4.785973606326529E-04
  -3.612575402727618E-04  -3.683037450664083E-04  -5.169439312397282E-04
   3.612575402727628E-04  -5.169439312397282E-04  -3.683037450663970E-04
      </IFC>
    </s_s1_m1_m2_m3.1.1.3.2.1>
    <s_s1_m1_m2_m3.1.1.4.2.1>
      <IFC>
  -3.121981839668932E-03  -3.785961072404787E-03  -1.747659417598117E-03
  -3.785961072404787E-03  -3.121981839668935E-03  -1.747659417598119E-03
   1.747659417598117E-03   1.747659417598116E-03   1.005003249814088E-02
      </IFC>
    </s_s1_m1_m2_m3.1.1.4.2.1>
    <s_s1_m1_m2_m3.1.1.1.3.1>
      <IFC>
   3.974830837141001E-03  -1.057097118173367E-18  -9.757819552369540E-19
  -1.057097118173367E-18   5.342201982727612E-07  -5.727742115423902E-04
  -9.757819552369540E-19  -5.727742115423902E-04   5.342201982831696E-07
      </IFC>
    </s_s1_m1_m2_m3.1.1.1.3.1>
    <s_s1_m1_m2_m3.1.1.2.3.1>
      <IFC>
  -3.683037450664052E-04  -3.612575402727622E-04   5.169439312397268E-04
  -4.785973606326524E-04  -2.928509708066580E-04  -4.785973606326538E-04
   5.169439312397268E-04  -3.612575402727637E-04  -3.683037450664044E-04
      </IFC>
    </s_s1_m1_m2_m3.1.1.2.3.1>
    <s_s1_m1_m2_m3.1.1.3.3.1>
      <IFC>
   5.342201982840369E-07  -5.727742115423941E-04   1.707618421664669E-18
  -5.727742115423941E-04   5.342201982866390E-07  -1.219727444046192E-19
   1.707618421664669E-18  -1.219727444046192E-19   3.974830837141002E-03
      </IFC>
    </s_s1_m1_m2_m3.1.1.3.3.1>
    <s_s1_m1_m2_m3.1.1.4.3.1>
      <IFC>
  -3.683037450664052E-04  -4.785973606326524E-04   5.169439312397268E-04
  -3.612575402727622E-04  -2.928509708066580E-04  -3.612575402727637E-04
   5.169439312397268E-04  -4.785973606326538E-04  -3.683037450664044E-04
      </IFC>
    </s_s1_m1_m2_m3.1.1.4.3.1>
    <s_s1_m1_m2_m3.1.1.1.4.1>
      <IFC>
   1.005003249814088E-02  -1.747659417598116E-03  -1.747659417598117E-03
   1.747659417598119E-03  -3.121981839668938E-03  -3.785961072404787E-03
   1.747659417598117E-03  -3.785961072404787E-03  -3.121981839668948E-03
      </IFC>
    </s_s1_m1_m2_m3.1.1.1.4.1>
    <s_s1_m1_m2_m3.1.1.2.4.1>
      <IFC>
  -3.121981839668932E-03  -3.785961072404787E-03   1.747659417598117E-03
  -3.785961072404787E-03  -3.121981839668935E-03   1.747659417598116E-03
  -1.747659417598117E-03  -1.747659417598119E-03   1.005003249814088E-02
      </IFC>
    </s_s1_m1_m2_m3.1.1.2.4.1>
    <s_s1_m1_m2_m3.1.1.3.4.1>
      <IFC>
  -2.928509708066572E-04  -3.612575402727618E-04   3.612575402727628E-04
  -4.785973606326519E-04  -3.683037450664083E-04  -5.169439312397282E-04
   4.785973606326529E-04  -5.169439312397282E-04  -3.683037450663970E-04
      </IFC>
    </s_s1_m1_m2_m3.1.1.3.4.1>
    <s_s1_m1_m2_m3.1.1.4.4.1>
      <IFC>
  -3.683037450664009E-04  -5.169439312397298E-04   4.785973606326517E-04
  -5.169439312397299E-04  -3.683037450664039E-04  -4.785973606326559E-04
   3.612575402727615E-04  -3.612575402727658E-04  -2.928509708066498E-04
      </IFC>
    </s_s1_m1_m2_m3.1.1.4.4.1>
    <s_s1_m1_m2_m3.1.1.1.1.2>
      <IFC>
  -3.121981839668934E-03   3.785961072404788E-03  -1.747659417598119E-03
   3.785961072404788E-03  -3.121981839668934E-03   1.747659417598113E-03
   1.747659417598116E-03  -1.747659417598122E-03   1.005003249814090E-02
      </IFC>
    </s_s1_m1_m2_m3.1.1.1.1.2>
    <s_s1_m1_m2_m3.1.1.2.1.2>
      <IFC>
  -2.928509708066554E-04   4.785973606326560E-04   4.785973606326525E-04
   3.612575402727658E-04  -3.683037450664039E-04   5.169439312397300E-04
   3.612575402727623E-04   5.169439312397300E-04  -3.683037450664130E-04
      </IFC>
    </s_s1_m1_m2_m3.1.1.2.1.2>
    <s_s1_m1_m2_m3.1.1.3.1.2>
      <IFC>
  -3.683037450664074E-04   5.169439312397297E-04   3.612575402727615E-04
   5.169439312397297E-04  -3.683037450664083E-04   3.612575402727597E-04
   4.785973606326516E-04   4.785973606326498E-04  -2.928509708066641E-04
      </IFC>
    </s_s1_m1_m2_m3.1.1.3.1.2>
    <s_s1_m1_m2_m3.1.1.4.1.2>
      <IFC>
   1.005003249814088E-02  -1.747659417598116E-03   1.747659417598118E-03
   1.747659417598119E-03  -3.121981839668935E-03   3.785961072404789E-03
  -1.747659417598117E-03   3.785961072404789E-03  -3.121981839668941E-03
      </IFC>
    </s_s1_m1_m2_m3.1.1.4.1.2>
    <s_s1_m1_m2_m3.1.1.1.2.2>
      <IFC>
  -3.683037450664065E-04   3.612575402727636E-04  -5.169439312397300E-04
   4.785973606326540E-04  -2.928509708066511E-04  -4.785973606326526E-04
  -5.169439312397296E-04  -3.612575402727624E-04  -3.683037450664169E-04
      </IFC>
    </s_s1_m1_m2_m3.1.1.1.2.2>
    <s_s1_m1_m2_m3.1.1.2.2.2>
      <IFC>
  -3.031157720025405E-05   5.421010862427522E-20   2.114194236346734E-18
  -5.421010862427522E-20  -3.031157720025275E-05   2.439454888092385E-19
   2.114194236346734E-18   2.439454888092385E-19  -3.031157720026359E-05
      </IFC>
    </s_s1_m1_m2_m3.1.1.2.2.2>
    <s_s1_m1_m2_m3.1.1.3.2.2>
      <IFC>
  -3.683037450664074E-04  -3.612575402727610E-04  -5.169439312397299E-04
  -4.785973606326511E-04  -2.928509708066615E-04   4.785973606326538E-04
  -5.169439312397299E-04   3.612575402727636E-04  -3.683037450664074E-04
      </IFC>
    </s_s1_m1_m2_m3.1.1.3.2.2>
    <s_s1_m1_m2_m3.1.1.4.2.2>
      <IFC>
  -4.051134190683927E-04   3.252606517456513E-19   1.897353801849633E-19
   3.252606517456513E-19  -4.114344838741981E-04   2.710505431213761E-19
   1.355252715606881E-19   2.168404344971009E-19  -4.051134190683884E-04
      </IFC>
    </s_s1_m1_m2_m3.1.1.4.2.2>
    <s_s1_m1_m2_m3.1.1.1.3.2>
      <IFC>
  -3.683037450664152E-04   5.169439312397299E-04  -3.612575402727624E-04
   5.169439312397299E-04  -3.683037450664048E-04  -3.612575402727636E-04
  -4.785973606326526E-04  -4.785973606326538E-04  -2.928509708066615E-04
      </IFC>
    </s_s1_m1_m2_m3.1.1.1.3.2>
    <s_s1_m1_m2_m3.1.1.2.3.2>
      <IFC>
  -2.928509708066585E-04  -4.785973606326505E-04  -4.785973606326551E-04
  -3.612575402727603E-04  -3.683037450664039E-04   5.169439312397278E-04
  -3.612575402727649E-04   5.169439312397277E-04  -3.683037450663957E-04
      </IFC>
    </s_s1_m1_m2_m3.1.1.2.3.2>
    <s_s1_m1_m2_m3.1.1.3.3.2>
      <IFC>
  -4.226477589046032E-04  -9.614795871342959E-05  -5.492017782317777E-05
  -9.614795871342959E-05  -4.226477589046006E-04   5.492017782317766E-05
   5.492017782317709E-05  -5.492017782317723E-05  -4.061712400812009E-04
      </IFC>
    </s_s1_m1_m2_m3.1.1.3.3.2>
    <s_s1_m1_m2_m3.1.1.4.3.2>
      <IFC>
  -4.061712400811900E-04  -5.492017782317483E-05   5.492017782317813E-05
   5.492017782318014E-05  -4.226477589045980E-04  -9.614795871342976E-05
  -5.492017782317683E-05  -9.614795871342981E-05  -4.226477589045932E-04
      </IFC>
    </s_s1_m1_m2_m3.1.1.4.3.2>
    <s_s1_m1_m2_m3.1.1.1.4.2>
      <IFC>
  -3.121981839668936E-03   1.747659417598118E-03  -3.785961072404788E-03
  -1.747659417598117E-03   1.005003249814088E-02  -1.747659417598117E-03
  -3.785961072404789E-03   1.747659417598117E-03  -3.121981839668936E-03
      </IFC>
    </s_s1_m1_m2_m3.1.1.1.4.2>
    <s_s1_m1_m2_m3.1.1.2.4.2>
      <IFC>
  -4.114344838741994E-04   3.252606517456513E-19  -1.355252715606881E-19
   3.252606517456513E-19  -4.051134190683880E-04   6.505213034913027E-19
  -8.131516293641283E-20   7.047314121155779E-19  -4.051134190683936E-04
      </IFC>
    </s_s1_m1_m2_m3.1.1.2.4.2>
    <s_s1_m1_m2_m3.1.1.3.4.2>
      <IFC>
  -4.226477589045997E-04   5.492017782317645E-05   9.614795871342734E-05
  -5.492017782317838E-05  -4.061712400811844E-04  -5.492017782317995E-05
   9.614795871342729E-05   5.492017782317499E-05  -4.226477589045962E-04
      </IFC>
    </s_s1_m1_m2_m3.1.1.3.4.2>
    <s_s1_m1_m2_m3.1.1.4.4.2>
      <IFC>
  -4.051134190683927E-04  -5.421010862427522E-20  -7.589415207398531E-19
   5.421010862427522E-20  -4.051134190683880E-04  -1.897353801849633E-19
  -7.589415207398531E-19  -1.897353801849633E-19  -4.114344838741933E-04
      </IFC>
    </s_s1_m1_m2_m3.1.1.4.4.2>
    <s_s1_m1_m2_m3.1.1.1.1.3>
      <IFC>
   5.342201982727612E-07   5.727742115423909E-04  -1.301042606982605E-18
   5.727742115423909E-04   5.342201982727612E-07   1.368805242762949E-18
  -1.301042606982605E-18   1.368805242762949E-18   3.974830837141008E-03
      </IFC>
    </s_s1_m1_m2_m3.1.1.1.1.3>
    <s_s1_m1_m2_m3.1.1.2.1.3>
      <IFC>
  -3.683037450664087E-04   3.612575402727610E-04   5.169439312397257E-04
   4.785973606326512E-04  -2.928509708066580E-04   4.785973606326499E-04
   5.169439312397261E-04   3.612575402727602E-04  -3.683037450664044E-04
      </IFC>
    </s_s1_m1_m2_m3.1.1.2.1.3>
    <s_s1_m1_m2_m3.1.1.3.1.3>
      <IFC>
   3.974830837140995E-03   1.897353801849633E-19   2.710505431213761E-18
   1.897353801849633E-19   5.342201982866390E-07   5.727742115423932E-04
   2.710505431213761E-18   5.727742115423932E-04   5.342201982909758E-07
      </IFC>
    </s_s1_m1_m2_m3.1.1.3.1.3>
    <s_s1_m1_m2_m3.1.1.4.1.3>
      <IFC>
  -3.683037450664087E-04   4.785973606326512E-04   5.169439312397261E-04
   3.612575402727610E-04  -2.928509708066580E-04   3.612575402727602E-04
   5.169439312397257E-04   4.785973606326499E-04  -3.683037450664044E-04
      </IFC>
    </s_s1_m1_m2_m3.1.1.4.1.3>
    <s_s1_m1_m2_m3.1.1.1.2.3>
      <IFC>
  -2.928509708066563E-04   4.785973606326534E-04  -4.785973606326528E-04
   3.612575402727632E-04  -3.683037450664083E-04  -5.169439312397283E-04
  -3.612575402727626E-04  -5.169439312397283E-04  -3.683037450664048E-04
      </IFC>
    </s_s1_m1_m2_m3.1.1.1.2.3>
    <s_s1_m1_m2_m3.1.1.2.2.3>
      <IFC>
  -3.683037450664009E-04  -5.169439312397288E-04  -3.612575402727630E-04
  -5.169439312397290E-04  -3.683037450664039E-04   3.612575402727621E-04
  -4.785973606326533E-04   4.785973606326521E-04  -2.928509708066533E-04
      </IFC>
    </s_s1_m1_m2_m3.1.1.2.2.3>
    <s_s1_m1_m2_m3.1.1.3.2.3>
      <IFC>
  -4.061712400811905E-04   5.492017782317624E-05   5.492017782317591E-05
  -5.492017782317862E-05  -4.226477589046006E-04   9.614795871342902E-05
  -5.492017782317903E-05   9.614795871342908E-05  -4.226477589046032E-04
      </IFC>
    </s_s1_m1_m2_m3.1.1.3.2.3>
    <s_s1_m1_m2_m3.1.1.4.2.3>
      <IFC>
  -4.226477589045949E-04   9.614795871342981E-05  -5.492017782317694E-05
   9.614795871342981E-05  -4.226477589045980E-04  -5.492017782317944E-05
   5.492017782317824E-05   5.492017782317542E-05  -4.061712400811775E-04
      </IFC>
    </s_s1_m1_m2_m3.1.1.4.2.3>
    <s_s1_m1_m2_m3.1.1.1.3.3>
      <IFC>
   5.342201982866390E-07   1.707618421664669E-18  -5.727742115423884E-04
   1.707618421664669E-18   3.974830837140994E-03   2.710505431213761E-19
  -5.727742115423884E-04   2.710505431213761E-19   5.342201982762307E-07
      </IFC>
    </s_s1_m1_m2_m3.1.1.1.3.3>
    <s_s1_m1_m2_m3.1.1.2.3.3>
      <IFC>
  -4.226477589045993E-04  -5.492017782317797E-05  -9.614795871342976E-05
   5.492017782317705E-05  -4.061712400811931E-04  -5.492017782317602E-05
  -9.614795871342986E-05   5.492017782317884E-05  -4.226477589046036E-04
      </IFC>
    </s_s1_m1_m2_m3.1.1.2.3.3>
    <s_s1_m1_m2_m3.1.1.3.3.3>
      <IFC>
  -3.396975389118994E-05  -2.168404344971009E-18   4.174178364069192E-18
  -2.168404344971009E-18  -3.396975389119775E-05   1.856696220381426E-18
   4.174178364069192E-18   1.856696220381426E-18  -3.396975389120382E-05
      </IFC>
    </s_s1_m1_m2_m3.1.1.3.3.3>
    <s_s1_m1_m2_m3.1.1.4.3.3>
      <IFC>
  -4.226477589045993E-04   5.492017782317705E-05  -9.614795871342986E-05
  -5.492017782317797E-05  -4.061712400811931E-04   5.492017782317884E-05
  -9.614795871342976E-05  -5.492017782317602E-05  -4.226477589046036E-04
      </IFC>
    </s_s1_m1_m2_m3.1.1.4.3.3>
    <s_s1_m1_m2_m3.1.1.1.4.3>
      <IFC>
  -2.928509708066563E-04   3.612575402727632E-04  -3.612575402727626E-04
   4.785973606326534E-04  -3.683037450664083E-04  -5.169439312397283E-04
  -4.785973606326528E-04  -5.169439312397283E-04  -3.683037450664048E-04
      </IFC>
    </s_s1_m1_m2_m3.1.1.1.4.3>
    <s_s1_m1_m2_m3.1.1.2.4.3>
      <IFC>
  -4.226477589045949E-04   9.614795871342981E-05   5.492017782317824E-05
   9.614795871342981E-05  -4.226477589045980E-04   5.492017782317542E-05
  -5.492017782317694E-05  -5.492017782317944E-05  -4.061712400811775E-04
      </IFC>
    </s_s1_m1_m2_m3.1.1.2.4.3>
    <s_s1_m1_m2_m3.1.1.3.4.3>
      <IFC>
  -4.061712400811905E-04  -5.492017782317862E-05  -5.492017782317903E-05
   5.492017782317624E-05  -4.226477589046006E-04   9.614795871342908E-05
   5.492017782317591E-05   9.614795871342902E-05  -4.226477589046032E-04
      </IFC>
    </s_s1_m1_m2_m3.1.1.3.4.3>
    <s_s1_m1_m2_m3.1.1.4.4.3>
      <IFC>
  -3.683037450664009E-04  -5.169439312397290E-04  -4.785973606326533E-04
  -5.169439312397288E-04  -3.683037450664039E-04   4.785973606326521E-04
  -3.612575402727630E-04   3.612575402727621E-04  -2.928509708066533E-04
      </IFC>
    </s_s1_m1_m2_m3.1.1.4.4.3>
    <s_s1_m1_m2_m3.1.1.1.1.4>
      <IFC>
  -3.121981839668934E-03   3.785961072404788E-03   1.747659417598116E-03
   3.785961072404788E-03  -3.121981839668934E-03  -1.747659417598122E-03
  -1.747659417598119E-03   1.747659417598113E-03   1.005003249814090E-02
      </IFC>
    </s_s1_m1_m2_m3.1.1.1.1.4>
    <s_s1_m1_m2_m3.1.1.2.1.4>
      <IFC>
   1.005003249814088E-02   1.747659417598119E-03  -1.747659417598117E-03
  -1.747659417598116E-03  -3.121981839668935E-03   3.785961072404789E-03
   1.747659417598118E-03   3.785961072404789E-03  -3.121981839668941E-03
      </IFC>
    </s_s1_m1_m2_m3.1.1.2.1.4>
    <s_s1_m1_m2_m3.1.1.3.1.4>
      <IFC>
  -3.683037450664074E-04   5.169439312397297E-04   4.785973606326516E-04
   5.169439312397297E-04  -3.683037450664083E-04   4.785973606326498E-04
   3.612575402727615E-04   3.612575402727597E-04  -2.928509708066641E-04
      </IFC>
    </s_s1_m1_m2_m3.1.1.3.1.4>
    <s_s1_m1_m2_m3.1.1.4.1.4>
      <IFC>
  -2.928509708066554E-04   3.612575402727658E-04   3.612575402727623E-04
   4.785973606326560E-04  -3.683037450664039E-04   5.169439312397300E-04
   4.785973606326525E-04   5.169439312397300E-04  -3.683037450664130E-04
      </IFC>
    </s_s1_m1_m2_m3.1.1.4.1.4>
    <s_s1_m1_m2_m3.1.1.1.2.4>
      <IFC>
  -3.121981839668936E-03  -1.747659417598117E-03  -3.785961072404789E-03
   1.747659417598118E-03   1.005003249814088E-02   1.747659417598117E-03
  -3.785961072404788E-03  -1.747659417598117E-03  -3.121981839668936E-03
      </IFC>
    </s_s1_m1_m2_m3.1.1.1.2.4>
    <s_s1_m1_m2_m3.1.1.2.2.4>
      <IFC>
  -4.051134190683927E-04   5.421010862427522E-20  -7.589415207398531E-19
  -5.421010862427522E-20  -4.051134190683880E-04  -1.897353801849633E-19
  -7.589415207398531E-19  -1.897353801849633E-19  -4.114344838741933E-04
      </IFC>
    </s_s1_m1_m2_m3.1.1.2.2.4>
    <s_s1_m1_m2_m3.1.1.3.2.4>
      <IFC>
  -4.226477589045997E-04  -5.492017782317838E-05   9.614795871342729E-05
   5.492017782317645E-05  -4.061712400811844E-04   5.492017782317499E-05
   9.614795871342734E-05  -5.492017782317995E-05  -4.226477589045962E-04
      </IFC>
    </s_s1_m1_m2_m3.1.1.3.2.4>
    <s_s1_m1_m2_m3.1.1.4.2.4>
      <IFC>
  -4.114344838741994E-04   3.252606517456513E-19  -8.131516293641283E-20
   3.252606517456513E-19  -4.051134190683880E-04   7.047314121155779E-19
  -1.355252715606881E-19   6.505213034913027E-19  -4.051134190683936E-04
      </IFC>
    </s_s1_m1_m2_m3.1.1.4.2.4>
    <s_s1_m1_m2_m3.1.1.1.3.4>
      <IFC>
  -3.683037450664152E-04   5.169439312397299E-04  -4.785973606326526E-04
   5.169439312397299E-04  -3.683037450664048E-04  -4.785973606326538E-04
  -3.612575402727624E-04  -3.612575402727636E-04  -2.928509708066615E-04
      </IFC>
    </s_s1_m1_m2_m3.1.1.1.3.4>
    <s_s1_m1_m2_m3.1.1.2.3.4>
      <IFC>
  -4.061712400811900E-04   5.492017782318014E-05  -5.492017782317683E-05
  -5.492017782317483E-05  -4.226477589045980E-04  -9.614795871342981E-05
   5.492017782317813E-05  -9.614795871342976E-05  -4.226477589045932E-04
      </IFC>
    </s_s1_m1_m2_m3.1.1.2.3.4>
    <s_s1_m1_m2_m3.1.1.3.3.4>
      <IFC>
  -4.226477589046032E-04  -9.614795871342959E-05   5.492017782317709E-05
  -9.614795871342959E-05  -4.226477589046006E-04  -5.492017782317723E-05
  -5.492017782317777E-05   5.492017782317766E-05  -4.061712400812009E-04
      </IFC>
    </s_s1_m1_m2_m3.1.1.3.3.4>
    <s_s1_m1_m2_m3.1.1.4.3.4>
      <IFC>
  -2.928509708066585E-04  -3.612575402727603E-04  -3.612575402727649E-04
  -4.785973606326505E-04  -3.683037450664039E-04   5.169439312397277E-04
  -4.785973606326551E-04   5.169439312397278E-04  -3.683037450663957E-04
      </IFC>
    </s_s1_m1_m2_m3.1.1.4.3.4>
    <s_s1_m1_m2_m3.1.1.1.4.4>
      <IFC>
  -3.683037450664065E-04   4.785973606326540E-04  -5.169439312397296E-04
   3.612575402727636E-04  -2.928509708066511E-04  -3.612575402727624E-04
  -5.169439312397300E-04  -4.785973606326526E-04  -3.683037450664169E-04
      </IFC>
    </s_s1_m1_m2_m3.1.1.1.4.4>
    <s_s1_m1_m2_m3.1.1.2.4.4>
      <IFC>
  -4.051134190683927E-04   3.252606517456513E-19   1.355252715606881E-19
   3.252606517456513E-19  -4.114344838741981E-04   2.168404344971009E-19
   1.897353801849633E-19   2.710505431213761E-19  -4.051134190683884E-04
      </IFC>
    </s_s1_m1_m2_m3.1.1.2.4.4>
    <s_s1_m1_m2_m3.1.1.3.4.4>
      <IFC>
  -3.683037450664074E-04  -4.785973606326511E-04  -5.169439312397299E-04
  -3.612575402727610E-04  -2.928509708066615E-04   3.612575402727636E-04
  -5.169439312397299E-04   4.785973606326538E-04  -3.683037450664074E-04
      </IFC>
    </s_s1_m1_m2_m3.1.1.3.4.4>
    <s_s1_m1_m2_m3.1.1.4.4.4>
      <IFC>
  -3.031157720025405E-05  -5.421010862427522E-20   2.114194236346734E-18
   5.421010862427522E-20  -3.031157720025275E-05   2.439454888092385E-19
   2.114194236346734E-18   2.439454888092385E-19  -3.031157720026359E-05
      </IFC>
    </s_s1_m1_m2_m3.1.1.4.4.4>
    <s_s1_m1_m2_m3.1.2.1.1.1>
      <IFC>
  -6.175958037600351E-02  -3.463557471646660E-02  -3.463557471646659E-02
  -3.463557471646660E-02  -6.175958037600351E-02  -3.463557471646660E-02
  -3.463557471646660E-02  -3.463557471646660E-02  -6.175958037600352E-02
      </IFC>
    </s_s1_m1_m2_m3.1.2.1.1.1>
    <s_s1_m1_m2_m3.1.2.2.1.1>
      <IFC>
   3.758391684310262E-04   7.537848078668082E-04  -7.537848078668099E-04
   7.537848078668075E-04   4.102320842985938E-04   4.960547779710605E-04
  -7.537848078668112E-04   4.960547779710596E-04   4.102320842985870E-04
      </IFC>
    </s_s1_m1_m2_m3.1.2.2.1.1>
    <s_s1_m1_m2_m3.1.2.3.1.1>
      <IFC>
   5.538520255182256E-05   3.207771042131788E-04  -5.204719647392795E-05
   3.207771042131792E-04  -2.713862814786777E-05   3.207771042131797E-04
  -5.204719647392892E-05   3.207771042131807E-04   5.538520255182495E-05
      </IFC>
    </s_s1_m1_m2_m3.1.2.3.1.1>
    <s_s1_m1_m2_m3.1.2.4.1.1>
      <IFC>
   4.102320842985908E-04   4.960547779710686E-04  -7.537848078668084E-04
   4.960547779710680E-04   4.102320842985892E-04   7.537848078668114E-04
  -7.537848078668114E-04   7.537848078668114E-04   3.758391684310326E-04
      </IFC>
    </s_s1_m1_m2_m3.1.2.4.1.1>
    <s_s1_m1_m2_m3.1.2.1.2.1>
      <IFC>
  -6.175958037600352E-02   3.463557471646659E-02   3.463557471646660E-02
   3.463557471646660E-02  -6.175958037600353E-02  -3.463557471646658E-02
   3.463557471646660E-02  -3.463557471646658E-02  -6.175958037600353E-02
      </IFC>
    </s_s1_m1_m2_m3.1.2.1.2.1>
    <s_s1_m1_m2_m3.1.2.2.2.1>
      <IFC>
  -3.934802489902530E-04  -9.954388057677754E-04   3.418628384096931E-04
  -9.954388057677763E-04  -4.029388497450172E-03   9.954388057677639E-04
   3.418628384096942E-04   9.954388057677652E-04  -3.934802489902521E-04
      </IFC>
    </s_s1_m1_m2_m3.1.2.2.2.1>
    <s_s1_m1_m2_m3.1.2.3.2.1>
      <IFC>
  -3.934802489902516E-04   9.954388057677667E-04   3.418628384096862E-04
   9.954388057677658E-04  -4.029388497450177E-03  -9.954388057677782E-04
   3.418628384096860E-04  -9.954388057677789E-04  -3.934802489902495E-04
      </IFC>
    </s_s1_m1_m2_m3.1.2.3.2.1>
    <s_s1_m1_m2_m3.1.2.4.2.1>
      <IFC>
  -6.175958037600351E-02  -3.463557471646659E-02   3.463557471646659E-02
  -3.463557471646659E-02  -6.175958037600353E-02   3.463557471646660E-02
   3.463557471646660E-02   3.463557471646660E-02  -6.175958037600352E-02
      </IFC>
    </s_s1_m1_m2_m3.1.2.4.2.1>
    <s_s1_m1_m2_m3.1.2.1.3.1>
      <IFC>
  -4.029388497450180E-03  -9.954388057677750E-04  -9.954388057677680E-04
  -9.954388057677732E-04  -3.934802489902649E-04  -3.418628384096829E-04
  -9.954388057677697E-04  -3.418628384096820E-04  -3.934802489902649E-04
      </IFC>
    </s_s1_m1_m2_m3.1.2.1.3.1>
    <s_s1_m1_m2_m3.1.2.2.3.1>
      <IFC>
   6.439076499744028E-04   8.091888701746147E-04  -8.091888701745975E-04
   8.091888701746129E-04   6.439076499744066E-04   8.091888701746131E-04
  -8.091888701745997E-04   8.091888701746131E-04   6.439076499744074E-04
      </IFC>
    </s_s1_m1_m2_m3.1.2.2.3.1>
    <s_s1_m1_m2_m3.1.2.3.3.1>
      <IFC>
  -3.934802489902635E-04  -3.418628384096906E-04  -9.954388057677728E-04
  -3.418628384096890E-04  -3.934802489902629E-04  -9.954388057677732E-04
  -9.954388057677728E-04  -9.954388057677723E-04  -4.029388497450184E-03
      </IFC>
    </s_s1_m1_m2_m3.1.2.3.3.1>
    <s_s1_m1_m2_m3.1.2.4.3.1>
      <IFC>
   4.102320842985939E-04   7.537848078667983E-04  -4.960547779710646E-04
   7.537848078667981E-04   3.758391684310268E-04   7.537848078667936E-04
  -4.960547779710677E-04   7.537848078667927E-04   4.102320842985921E-04
      </IFC>
    </s_s1_m1_m2_m3.1.2.4.3.1>
    <s_s1_m1_m2_m3.1.2.1.4.1>
      <IFC>
  -4.029388497450168E-03   9.954388057677771E-04   9.954388057677663E-04
   9.954388057677797E-04  -3.934802489902449E-04  -3.418628384096903E-04
   9.954388057677674E-04  -3.418628384096928E-04  -3.934802489902438E-04
      </IFC>
    </s_s1_m1_m2_m3.1.2.1.4.1>
    <s_s1_m1_m2_m3.1.2.2.4.1>
      <IFC>
  -3.934802489902495E-04  -3.418628384097024E-04   9.954388057677691E-04
  -3.418628384097015E-04  -3.934802489902432E-04   9.954388057677739E-04
   9.954388057677706E-04   9.954388057677717E-04  -4.029388497450169E-03
      </IFC>
    </s_s1_m1_m2_m3.1.2.2.4.1>
    <s_s1_m1_m2_m3.1.2.3.4.1>
      <IFC>
   5.538520255182126E-05   5.204719647392247E-05  -3.207771042131665E-04
   5.204719647392204E-05   5.538520255182625E-05   3.207771042131833E-04
  -3.207771042131665E-04   3.207771042131850E-04  -2.713862814787384E-05
      </IFC>
    </s_s1_m1_m2_m3.1.2.3.4.1>
    <s_s1_m1_m2_m3.1.2.4.4.1>
      <IFC>
  -2.713862814787606E-05   3.207771042131793E-04  -3.207771042131689E-04
   3.207771042131801E-04   5.538520255181888E-05   5.204719647391824E-05
  -3.207771042131697E-04   5.204719647391651E-05   5.538520255181714E-05
      </IFC>
    </s_s1_m1_m2_m3.1.2.4.4.1>
    <s_s1_m1_m2_m3.1.2.1.1.2>
      <IFC>
   3.758391684310258E-04  -7.537848078668125E-04   7.537848078668012E-04
  -7.537848078668129E-04   4.102320842985906E-04   4.960547779710649E-04
   7.537848078668025E-04   4.960547779710662E-04   4.102320842985915E-04
      </IFC>
    </s_s1_m1_m2_m3.1.2.1.1.2>
    <s_s1_m1_m2_m3.1.2.2.1.2>
      <IFC>
   3.271204533282013E-04  -1.152339927144537E-04  -1.152339927144486E-04
  -1.152339927144541E-04   3.683316557659983E-04   9.210014296275097E-05
  -1.152339927144466E-04   9.210014296275005E-05   3.683316557659988E-04
      </IFC>
    </s_s1_m1_m2_m3.1.2.2.1.2>
    <s_s1_m1_m2_m3.1.2.3.1.2>
      <IFC>
   3.683316557660003E-04   9.210014296275222E-05  -1.152339927144506E-04
   9.210014296275200E-05   3.683316557659931E-04  -1.152339927144511E-04
  -1.152339927144505E-04  -1.152339927144502E-04   3.271204533282009E-04
      </IFC>
    </s_s1_m1_m2_m3.1.2.3.1.2>
    <s_s1_m1_m2_m3.1.2.4.1.2>
      <IFC>
   4.102320842985970E-04   4.960547779710695E-04   7.537848078668062E-04
   4.960547779710691E-04   4.102320842985907E-04  -7.537848078668151E-04
   7.537848078668062E-04  -7.537848078668155E-04   3.758391684310366E-04
      </IFC>
    </s_s1_m1_m2_m3.1.2.4.1.2>
    <s_s1_m1_m2_m3.1.2.1.2.2>
      <IFC>
  -3.934802489902536E-04   3.418628384096907E-04  -9.954388057677732E-04
   3.418628384096907E-04  -3.934802489902536E-04   9.954388057677663E-04
  -9.954388057677767E-04   9.954388057677628E-04  -4.029388497450180E-03
      </IFC>
    </s_s1_m1_m2_m3.1.2.1.2.2>
    <s_s1_m1_m2_m3.1.2.2.2.2>
      <IFC>
   6.439076499744211E-04  -8.091888701746107E-04  -8.091888701746157E-04
  -8.091888701746109E-04   6.439076499744237E-04  -8.091888701746116E-04
  -8.091888701746164E-04  -8.091888701746107E-04   6.439076499744211E-04
      </IFC>
    </s_s1_m1_m2_m3.1.2.2.2.2>
    <s_s1_m1_m2_m3.1.2.3.2.2>
      <IFC>
  -4.029388497450175E-03   9.954388057677663E-04  -9.954388057677765E-04
   9.954388057677652E-04  -3.934802489902584E-04   3.418628384096940E-04
  -9.954388057677773E-04   3.418628384096947E-04  -3.934802489902528E-04
      </IFC>
    </s_s1_m1_m2_m3.1.2.3.2.2>
    <s_s1_m1_m2_m3.1.2.4.2.2>
      <IFC>
   4.102320842985897E-04  -7.537848078668010E-04  -4.960547779710580E-04
  -7.537848078668011E-04   3.758391684310272E-04  -7.537848078668000E-04
  -4.960547779710601E-04  -7.537848078667992E-04   4.102320842985905E-04
      </IFC>
    </s_s1_m1_m2_m3.1.2.4.2.2>
    <s_s1_m1_m2_m3.1.2.1.3.2>
      <IFC>
   6.439076499744020E-04  -8.091888701746036E-04   8.091888701746131E-04
  -8.091888701746057E-04   6.439076499744111E-04   8.091888701746105E-04
   8.091888701746135E-04   8.091888701746101E-04   6.439076499744067E-04
      </IFC>
    </s_s1_m1_m2_m3.1.2.1.3.2>
    <s_s1_m1_m2_m3.1.2.2.3.2>
      <IFC>
   6.439076499743950E-04   8.091888701746097E-04   8.091888701746118E-04
   8.091888701746092E-04   6.439076499743987E-04  -8.091888701746027E-04
   8.091888701746129E-04  -8.091888701746044E-04   6.439076499743979E-04
      </IFC>
    </s_s1_m1_m2_m3.1.2.2.3.2>
    <s_s1_m1_m2_m3.1.2.3.3.2>
      <IFC>
   3.683316557660133E-04   1.152339927144620E-04  -9.210014296274431E-05
   1.152339927144627E-04   3.271204533282102E-04  -1.152339927144589E-04
  -9.210014296274376E-05  -1.152339927144593E-04   3.683316557660098E-04
      </IFC>
    </s_s1_m1_m2_m3.1.2.3.3.2>
    <s_s1_m1_m2_m3.1.2.4.3.2>
      <IFC>
   3.683316557660088E-04  -1.152339927144626E-04  -9.210014296274718E-05
  -1.152339927144638E-04   3.271204533282122E-04   1.152339927144641E-04
  -9.210014296274420E-05   1.152339927144629E-04   3.683316557660072E-04
      </IFC>
    </s_s1_m1_m2_m3.1.2.4.3.2>
    <s_s1_m1_m2_m3.1.2.1.4.2>
      <IFC>
  -3.934802489902508E-04   9.954388057677789E-04  -3.418628384096934E-04
   9.954388057677780E-04  -4.029388497450166E-03   9.954388057677754E-04
  -3.418628384096948E-04   9.954388057677754E-04  -3.934802489902444E-04
      </IFC>
    </s_s1_m1_m2_m3.1.2.1.4.2>
    <s_s1_m1_m2_m3.1.2.2.4.2>
      <IFC>
   3.271204533282058E-04   1.152339927144503E-04   1.152339927144537E-04
   1.152339927144517E-04   3.683316557660056E-04   9.210014296274235E-05
   1.152339927144528E-04   9.210014296274078E-05   3.683316557660036E-04
      </IFC>
    </s_s1_m1_m2_m3.1.2.2.4.2>
    <s_s1_m1_m2_m3.1.2.3.4.2>
      <IFC>
   5.123330278586733E-04  -1.520177205847046E-04   1.520177205846952E-04
  -1.520177205847057E-04   5.123330278586709E-04  -1.520177205847025E-04
   1.520177205846941E-04  -1.520177205847046E-04   5.123330278586674E-04
      </IFC>
    </s_s1_m1_m2_m3.1.2.3.4.2>
    <s_s1_m1_m2_m3.1.2.4.4.2>
      <IFC>
   3.683316557660037E-04   9.210014296274528E-05   1.152339927144510E-04
   9.210014296274507E-05   3.683316557660062E-04   1.152339927144527E-04
   1.152339927144495E-04   1.152339927144545E-04   3.271204533282033E-04
      </IFC>
    </s_s1_m1_m2_m3.1.2.4.4.2>
    <s_s1_m1_m2_m3.1.2.1.1.3>
      <IFC>
   5.538520255182755E-05  -5.204719647392345E-05   3.207771042131810E-04
  -5.204719647392345E-05   5.538520255182408E-05   3.207771042131706E-04
   3.207771042131775E-04   3.207771042131741E-04  -2.713862814786999E-05
      </IFC>
    </s_s1_m1_m2_m3.1.2.1.1.3>
    <s_s1_m1_m2_m3.1.2.2.1.3>
      <IFC>
   3.683316557660012E-04  -1.152339927144513E-04   9.210014296274610E-05
  -1.152339927144529E-04   3.271204533281978E-04  -1.152339927144472E-04
   9.210014296274534E-05  -1.152339927144469E-04   3.683316557659935E-04
      </IFC>
    </s_s1_m1_m2_m3.1.2.2.1.3>
    <s_s1_m1_m2_m3.1.2.3.1.3>
      <IFC>
  -2.713862814786284E-05   3.207771042131763E-04   3.207771042131788E-04
   3.207771042131780E-04   5.538520255183010E-05  -5.204719647392887E-05
   3.207771042131795E-04  -5.204719647393033E-05   5.538520255182798E-05
      </IFC>
    </s_s1_m1_m2_m3.1.2.3.1.3>
    <s_s1_m1_m2_m3.1.2.4.1.3>
      <IFC>
   2.621822934174819E-04  -1.291956959402874E-04   1.291956959402777E-04
  -1.291956959402875E-04   2.621822934174848E-04  -1.291956959402790E-04
   1.291956959402769E-04  -1.291956959402800E-04   2.621822934174883E-04
      </IFC>
    </s_s1_m1_m2_m3.1.2.4.1.3>
    <s_s1_m1_m2_m3.1.2.1.2.3>
      <IFC>
  -3.934802489902536E-04   3.418628384096872E-04   9.954388057677732E-04
   3.418628384096838E-04  -3.934802489902467E-04  -9.954388057677732E-04
   9.954388057677697E-04  -9.954388057677732E-04  -4.029388497450173E-03
      </IFC>
    </s_s1_m1_m2_m3.1.2.1.2.3>
    <s_s1_m1_m2_m3.1.2.2.2.3>
      <IFC>
  -4.029388497450177E-03  -9.954388057677758E-04   9.954388057677700E-04
  -9.954388057677763E-04  -3.934802489902560E-04   3.418628384096931E-04
   9.954388057677723E-04   3.418628384096931E-04  -3.934802489902565E-04
      </IFC>
    </s_s1_m1_m2_m3.1.2.2.2.3>
    <s_s1_m1_m2_m3.1.2.3.2.3>
      <IFC>
  -2.713862814788327E-05  -3.207771042131766E-04  -3.207771042131797E-04
  -3.207771042131757E-04   5.538520255181714E-05  -5.204719647392025E-05
  -3.207771042131794E-04  -5.204719647392030E-05   5.538520255181362E-05
      </IFC>
    </s_s1_m1_m2_m3.1.2.3.2.3>
    <s_s1_m1_m2_m3.1.2.4.2.3>
      <IFC>
   5.538520255181020E-05  -5.204719647391304E-05  -3.207771042131810E-04
  -5.204719647391304E-05   5.538520255181714E-05  -3.207771042131706E-04
  -3.207771042131775E-04  -3.207771042131706E-04  -2.713862814788387E-05
      </IFC>
    </s_s1_m1_m2_m3.1.2.4.2.3>
    <s_s1_m1_m2_m3.1.2.1.3.3>
      <IFC>
  -3.934802489902640E-04  -9.954388057677732E-04  -3.418628384096959E-04
  -9.954388057677732E-04  -4.029388497450181E-03  -9.954388057677741E-04
  -3.418628384096959E-04  -9.954388057677732E-04  -3.934802489902632E-04
      </IFC>
    </s_s1_m1_m2_m3.1.2.1.3.3>
    <s_s1_m1_m2_m3.1.2.2.3.3>
      <IFC>
   3.683316557660106E-04  -9.210014296274647E-05   1.152339927144621E-04
  -9.210014296274669E-05   3.683316557660051E-04  -1.152339927144569E-04
   1.152339927144602E-04  -1.152339927144572E-04   3.271204533282103E-04
      </IFC>
    </s_s1_m1_m2_m3.1.2.2.3.3>
    <s_s1_m1_m2_m3.1.2.3.3.3>
      <IFC>
   5.123330278586773E-04   1.520177205846968E-04   1.520177205847061E-04
   1.520177205846991E-04   5.123330278586759E-04   1.520177205846996E-04
   1.520177205847051E-04   1.520177205846985E-04   5.123330278586776E-04
      </IFC>
    </s_s1_m1_m2_m3.1.2.3.3.3>
    <s_s1_m1_m2_m3.1.2.4.3.3>
      <IFC>
   3.271204533282076E-04  -1.152339927144613E-04   1.152339927144562E-04
  -1.152339927144620E-04   3.683316557660119E-04  -9.210014296274772E-05
   1.152339927144561E-04  -9.210014296274761E-05   3.683316557660066E-04
      </IFC>
    </s_s1_m1_m2_m3.1.2.4.3.3>
    <s_s1_m1_m2_m3.1.2.1.4.3>
      <IFC>
   5.538520255181714E-05  -3.207771042131703E-04   5.204719647392171E-05
  -3.207771042131710E-04  -2.713862814788029E-05   3.207771042131744E-04
   5.204719647392280E-05   3.207771042131754E-04   5.538520255182527E-05
      </IFC>
    </s_s1_m1_m2_m3.1.2.1.4.3>
    <s_s1_m1_m2_m3.1.2.2.4.3>
      <IFC>
   5.123330278586724E-04   1.520177205846995E-04  -1.520177205847058E-04
   1.520177205846991E-04   5.123330278586631E-04  -1.520177205847001E-04
  -1.520177205847047E-04  -1.520177205847001E-04   5.123330278586720E-04
      </IFC>
    </s_s1_m1_m2_m3.1.2.2.4.3>
    <s_s1_m1_m2_m3.1.2.3.4.3>
      <IFC>
   5.123330278586645E-04  -1.520177205847009E-04  -1.520177205847052E-04
  -1.520177205847012E-04   5.123330278586607E-04   1.520177205847030E-04
  -1.520177205847048E-04   1.520177205847011E-04   5.123330278586650E-04
      </IFC>
    </s_s1_m1_m2_m3.1.2.3.4.3>
    <s_s1_m1_m2_m3.1.2.4.4.3>
      <IFC>
   5.538520255182321E-05   3.207771042131793E-04   5.204719647392692E-05
   3.207771042131784E-04  -2.713862814786999E-05  -3.207771042131741E-04
   5.204719647392952E-05  -3.207771042131741E-04   5.538520255182235E-05
      </IFC>
    </s_s1_m1_m2_m3.1.2.4.4.3>
    <s_s1_m1_m2_m3.1.2.1.1.4>
      <IFC>
   4.102320842985919E-04  -7.537848078668116E-04   4.960547779710692E-04
  -7.537848078668112E-04   3.758391684310306E-04   7.537848078668125E-04
   4.960547779710714E-04   7.537848078668112E-04   4.102320842985932E-04
      </IFC>
    </s_s1_m1_m2_m3.1.2.1.1.4>
    <s_s1_m1_m2_m3.1.2.2.1.4>
      <IFC>
   4.102320842985955E-04   7.537848078668137E-04   4.960547779710666E-04
   7.537848078668129E-04   3.758391684310344E-04  -7.537848078668112E-04
   4.960547779710685E-04  -7.537848078668107E-04   4.102320842985904E-04
      </IFC>
    </s_s1_m1_m2_m3.1.2.2.1.4>
    <s_s1_m1_m2_m3.1.2.3.1.4>
      <IFC>
   2.621822934174855E-04   1.291956959402710E-04  -1.291956959402874E-04
   1.291956959402708E-04   2.621822934174927E-04  -1.291956959402861E-04
  -1.291956959402860E-04  -1.291956959402857E-04   2.621822934174847E-04
      </IFC>
    </s_s1_m1_m2_m3.1.2.3.1.4>
    <s_s1_m1_m2_m3.1.2.4.1.4>
      <IFC>
   2.621822934174801E-04  -1.291956959402879E-04  -1.291956959402856E-04
  -1.291956959402884E-04   2.621822934174850E-04   1.291956959402759E-04
  -1.291956959402834E-04   1.291956959402728E-04   2.621822934174825E-04
      </IFC>
    </s_s1_m1_m2_m3.1.2.4.1.4>
    <s_s1_m1_m2_m3.1.2.1.2.4>
      <IFC>
  -6.175958037600352E-02   3.463557471646658E-02  -3.463557471646660E-02
   3.463557471646658E-02  -6.175958037600352E-02   3.463557471646659E-02
  -3.463557471646660E-02   3.463557471646660E-02  -6.175958037600352E-02
      </IFC>
    </s_s1_m1_m2_m3.1.2.1.2.4>
    <s_s1_m1_m2_m3.1.2.2.2.4>
      <IFC>
   4.102320842985893E-04  -4.960547779710633E-04  -7.537848078668021E-04
  -4.960547779710636E-04   4.102320842985898E-04  -7.537848078667984E-04
  -7.537848078668031E-04  -7.537848078667979E-04   3.758391684310289E-04
      </IFC>
    </s_s1_m1_m2_m3.1.2.2.2.4>
    <s_s1_m1_m2_m3.1.2.3.2.4>
      <IFC>
   5.538520255181324E-05  -3.207771042131711E-04  -5.204719647390854E-05
  -3.207771042131735E-04  -2.713862814787802E-05  -3.207771042131705E-04
  -5.204719647390941E-05  -3.207771042131710E-04   5.538520255181568E-05
      </IFC>
    </s_s1_m1_m2_m3.1.2.3.2.4>
    <s_s1_m1_m2_m3.1.2.4.2.4>
      <IFC>
   3.758391684310316E-04  -7.537848078667988E-04  -7.537848078667985E-04
  -7.537848078667987E-04   4.102320842985941E-04  -4.960547779710704E-04
  -7.537848078667999E-04  -4.960547779710711E-04   4.102320842985942E-04
      </IFC>
    </s_s1_m1_m2_m3.1.2.4.2.4>
    <s_s1_m1_m2_m3.1.2.1.3.4>
      <IFC>
   4.102320842985937E-04  -4.960547779710579E-04   7.537848078668003E-04
  -4.960547779710609E-04   4.102320842985898E-04   7.537848078667960E-04
   7.537848078668016E-04   7.537848078667982E-04   3.758391684310289E-04
      </IFC>
    </s_s1_m1_m2_m3.1.2.1.3.4>
    <s_s1_m1_m2_m3.1.2.2.3.4>
      <IFC>
   3.683316557660107E-04  -9.210014296274279E-05  -1.152339927144698E-04
  -9.210014296274366E-05   3.683316557660088E-04   1.152339927144576E-04
  -1.152339927144705E-04   1.152339927144573E-04   3.271204533282145E-04
      </IFC>
    </s_s1_m1_m2_m3.1.2.2.3.4>
    <s_s1_m1_m2_m3.1.2.3.3.4>
      <IFC>
   3.271204533282087E-04   1.152339927144534E-04  -1.152339927144706E-04
   1.152339927144540E-04   3.683316557660083E-04  -9.210014296274474E-05
  -1.152339927144705E-04  -9.210014296274474E-05   3.683316557660098E-04
      </IFC>
    </s_s1_m1_m2_m3.1.2.3.3.4>
    <s_s1_m1_m2_m3.1.2.4.3.4>
      <IFC>
   3.758391684310338E-04   7.537848078667991E-04   7.537848078668031E-04
