<?xml version="1.0" encoding="UTF-8"?>
<Root>
  <GEOMETRY_INFO>
    <NUMBER_OF_TYPES>1</NUMBER_OF_TYPES>
    <NUMBER_OF_ATOMS>2</NUMBER_OF_ATOMS>
    <BRAVAIS_LATTICE_INDEX>2</BRAVAIS_LATTICE_INDEX>
    <SPIN_COMPONENTS>1</SPIN_COMPONENTS>
    <CELL_DIMENSIONS>
   1.020000000000000E+01   0.000000000000000E+00   0.000000000000000E+00
   0.000000000000000E+00   0.000000000000000E+00   0.000000000000000E+00
    </CELL_DIMENSIONS>
    <AT>
  -5.000000000000000E-01   0.000000000000000E+00   5.000000000000000E-01
   0.000000000000000E+00   5.000000000000000E-01   5.000000000000000E-01
  -5.000000000000000E-01   5.000000000000000E-01   0.000000000000000E+00
    </AT>
    <BG>
  -1.000000000000000E+00  -1.000000000000000E+00   1.000000000000000E+00
   1.000000000000000E+00   1.000000000000000E+00   1.000000000000000E+00
  -1.000000000000000E+00   1.000000000000000E+00  -1.000000000000000E+00
    </BG>
    <UNIT_CELL_VOLUME_AU>265.30199999999996</UNIT_CELL_VOLUME_AU>
    <TYPE_NAME.1>Si</TYPE_NAME.1>
    <MASS.1>28.085999999999999</MASS.1>
    <ATOM.1 SPECIES="Si" INDEX="1" TAU="0.0000000000000000 0.0000000000000000 0.0000000000000000"/>
    <ATOM.2 SPECIES="Si" INDEX="1" TAU="0.25000000000000000 0.25000000000000000 0.25000000000000000"/>
    <NUMBER_OF_Q>6</NUMBER_OF_Q>
  </GEOMETRY_INFO>
  <DIELECTRIC_PROPERTIES epsil="true" zstar="true" raman="false">
    <EPSILON>
   2.254073753134048E+01   1.776356839400250E-15  -1.776356839400250E-15
   1.776356839400250E-15   2.254073753134048E+01   1.776356839400250E-15
  -1.776356839400250E-15   1.776356839400250E-15   2.254073753134048E+01
    </EPSILON>
    <ZSTAR>
      <Z_AT_.1>
  -2.442490654175344E-15  -1.332267629550188E-15  -1.332267629550188E-15
  -1.554312234475220E-15  -2.442490654175344E-15   1.110223024625157E-15
   0.000000000000000E+00  -4.440892098500626E-16  -1.998401444325282E-15
      </Z_AT_.1>
      <Z_AT_.2>
   2.442490654175344E-15   1.332267629550188E-15   1.332267629550188E-15
   1.554312234475220E-15   2.442490654175344E-15  -1.110223024625157E-15
   0.000000000000000E+00   4.440892098500628E-16   1.998401444325282E-15
      </Z_AT_.2>
    </ZSTAR>
  </DIELECTRIC_PROPERTIES>
  <INTERATOMIC_FORCE_CONSTANTS>
    <MESH_NQ1_NQ2_NQ3>
                 4                 4                 4
    </MESH_NQ1_NQ2_NQ3>
    <s_s1_m1_m2_m3.1.1.1.1.1>
      <IFC>
   2.766344848594801E-01   3.794707603699266E-19   0.000000000000000E+00
   3.794707603699266E-19   2.766344848594800E-01   1.775381057445014E-18
   0.000000000000000E+00   1.775381057445014E-18   2.766344848594801E-01
      </IFC>
    </s_s1_m1_m2_m3.1.1.1.1.1>
    <s_s1_m1_m2_m3.1.1.2.1.1>
      <IFC>
  -3.620277764761163E-03  -1.837945738528375E-03   4.342116279569324E-03
   1.837945738528365E-03   1.048948138350676E-02  -1.837945738528374E-03
   4.342116279569324E-03   1.837945738528367E-03  -3.620277764761160E-03
      </IFC>
    </s_s1_m1_m2_m3.1.1.2.1.1>
    <s_s1_m1_m2_m3.1.1.3.1.1>
      <IFC>
  -2.237359668058082E-05   3.239053990300444E-18   5.269219764788048E-04
   3.239053990300444E-18   4.073990460147732E-03  -3.740497495074990E-18
   5.269219764788048E-04  -3.740497495074990E-18  -2.237359668057909E-05
      </IFC>
    </s_s1_m1_m2_m3.1.1.3.1.1>
    <s_s1_m1_m2_m3.1.1.4.1.1>
      <IFC>
  -3.620277764761163E-03   1.837945738528365E-03   4.342116279569324E-03
  -1.837945738528375E-03   1.048948138350676E-02   1.837945738528367E-03
   4.342116279569324E-03  -1.837945738528374E-03  -3.620277764761160E-03
      </IFC>
    </s_s1_m1_m2_m3.1.1.4.1.1>
    <s_s1_m1_m2_m3.1.1.1.2.1>
      <IFC>
   1.048948138350676E-02   1.837945738528370E-03   1.837945738528372E-03
  -1.837945738528371E-03  -3.620277764761159E-03  -4.342116279569327E-03
  -1.837945738528369E-03  -4.342116279569327E-03  -3.620277764761159E-03
      </IFC>
    </s_s1_m1_m2_m3.1.1.1.2.1>
    <s_s1_m1_m2_m3.1.1.2.2.1>
      <IFC>
  -4.107850356698589E-04  -4.819108595636225E-04   3.546180413414372E-04
  -4.819108595636226E-04  -4.107850356698667E-04  -3.546180413414326E-04
   4.860354635430366E-04  -4.860354635430319E-04  -3.176305402899102E-04
      </IFC>
    </s_s1_m1_m2_m3.1.1.2.2.1>
    <s_s1_m1_m2_m3.1.1.3.2.1>
      <IFC>
  -3.176305402899059E-04  -4.860354635430341E-04   4.860354635430350E-04
  -3.546180413414348E-04  -4.107850356698719E-04  -4.819108595636260E-04
   3.546180413414353E-04  -4.819108595636259E-04  -4.107850356698684E-04
      </IFC>
    </s_s1_m1_m2_m3.1.1.3.2.1>
    <s_s1_m1_m2_m3.1.1.4.2.1>
      <IFC>
  -3.620277764761163E-03  -4.342116279569327E-03  -1.837945738528371E-03
  -4.342116279569327E-03  -3.620277764761164E-03  -1.837945738528373E-03
   1.837945738528370E-03   1.837945738528367E-03   1.048948138350676E-02
      </IFC>
    </s_s1_m1_m2_m3.1.1.4.2.1>
    <s_s1_m1_m2_m3.1.1.1.3.1>
      <IFC>
   4.073990460147739E-03   1.206174916890124E-18   5.204170427930421E-18
   1.206174916890124E-18  -2.237359668058603E-05  -5.269219764788072E-04
   5.204170427930421E-18  -5.269219764788072E-04  -2.237359668057909E-05
      </IFC>
    </s_s1_m1_m2_m3.1.1.1.3.1>
    <s_s1_m1_m2_m3.1.1.2.3.1>
      <IFC>
  -4.107850356698728E-04  -3.546180413414342E-04   4.819108595636244E-04
  -4.860354635430334E-04  -3.176305402899067E-04  -4.860354635430318E-04
   4.819108595636244E-04  -3.546180413414325E-04  -4.107850356698658E-04
      </IFC>
    </s_s1_m1_m2_m3.1.1.2.3.1>
    <s_s1_m1_m2_m3.1.1.3.3.1>
      <IFC>
  -2.237359668059123E-05  -5.269219764788122E-04   8.402566836762659E-18
  -5.269219764788122E-04  -2.237359668058950E-05  -4.187730891225261E-18
   8.402566836762659E-18  -4.187730891225261E-18   4.073990460147729E-03
      </IFC>
    </s_s1_m1_m2_m3.1.1.3.3.1>
    <s_s1_m1_m2_m3.1.1.4.3.1>
      <IFC>
  -4.107850356698728E-04  -4.860354635430334E-04   4.819108595636244E-04
  -3.546180413414342E-04  -3.176305402899067E-04  -3.546180413414325E-04
   4.819108595636244E-04  -4.860354635430318E-04  -4.107850356698658E-04
      </IFC>
    </s_s1_m1_m2_m3.1.1.4.3.1>
    <s_s1_m1_m2_m3.1.1.1.4.1>
      <IFC>
   1.048948138350676E-02  -1.837945738528371E-03  -1.837945738528369E-03
   1.837945738528370E-03  -3.620277764761159E-03  -4.342116279569327E-03
   1.837945738528372E-03  -4.342116279569327E-03  -3.620277764761159E-03
      </IFC>
    </s_s1_m1_m2_m3.1.1.1.4.1>
    <s_s1_m1_m2_m3.1.1.2.4.1>
      <IFC>
  -3.620277764761163E-03  -4.342116279569327E-03   1.837945738528370E-03
  -4.342116279569327E-03  -3.620277764761164E-03   1.837945738528367E-03
  -1.837945738528371E-03  -1.837945738528373E-03   1.048948138350676E-02
      </IFC>
    </s_s1_m1_m2_m3.1.1.2.4.1>
    <s_s1_m1_m2_m3.1.1.3.4.1>
      <IFC>
  -3.176305402899059E-04  -3.546180413414348E-04   3.546180413414353E-04
  -4.860354635430341E-04  -4.107850356698719E-04  -4.819108595636259E-04
   4.860354635430350E-04  -4.819108595636260E-04  -4.107850356698684E-04
      </IFC>
    </s_s1_m1_m2_m3.1.1.3.4.1>
    <s_s1_m1_m2_m3.1.1.4.4.1>
      <IFC>
  -4.107850356698589E-04  -4.819108595636226E-04   4.860354635430366E-04
  -4.819108595636225E-04  -4.107850356698667E-04  -4.860354635430319E-04
   3.546180413414372E-04  -3.546180413414326E-04  -3.176305402899102E-04
      </IFC>
    </s_s1_m1_m2_m3.1.1.4.4.1>
    <s_s1_m1_m2_m3.1.1.1.1.2>
      <IFC>
  -3.620277764761176E-03   4.342116279569328E-03  -1.837945738528369E-03
   4.342116279569328E-03  -3.620277764761162E-03   1.837945738528369E-03
   1.837945738528372E-03  -1.837945738528371E-03   1.048948138350678E-02
      </IFC>
    </s_s1_m1_m2_m3.1.1.1.1.2>
    <s_s1_m1_m2_m3.1.1.2.1.2>
      <IFC>
  -3.176305402899111E-04   4.860354635430324E-04   4.860354635430335E-04
   3.546180413414331E-04  -4.107850356698693E-04   4.819108595636229E-04
   3.546180413414342E-04   4.819108595636229E-04  -4.107850356698693E-04
      </IFC>
    </s_s1_m1_m2_m3.1.1.2.1.2>
    <s_s1_m1_m2_m3.1.1.3.1.2>
      <IFC>
  -4.107850356698754E-04   4.819108595636225E-04   3.546180413414379E-04
   4.819108595636225E-04  -4.107850356698719E-04   3.546180413414356E-04
   4.860354635430375E-04   4.860354635430350E-04  -3.176305402899093E-04
      </IFC>
    </s_s1_m1_m2_m3.1.1.3.1.2>
    <s_s1_m1_m2_m3.1.1.4.1.2>
      <IFC>
   1.048948138350676E-02  -1.837945738528367E-03   1.837945738528371E-03
   1.837945738528374E-03  -3.620277764761163E-03   4.342116279569332E-03
  -1.837945738528370E-03   4.342116279569332E-03  -3.620277764761165E-03
      </IFC>
    </s_s1_m1_m2_m3.1.1.4.1.2>
    <s_s1_m1_m2_m3.1.1.1.2.2>
      <IFC>
  -4.107850356698702E-04   3.546180413414314E-04  -4.819108595636211E-04
   4.860354635430307E-04  -3.176305402899163E-04  -4.860354635430351E-04
  -4.819108595636211E-04  -3.546180413414358E-04  -4.107850356698632E-04
      </IFC>
    </s_s1_m1_m2_m3.1.1.1.2.2>
    <s_s1_m1_m2_m3.1.1.2.2.2>
      <IFC>
  -2.960347377008350E-05   2.710505431213761E-19  -1.788933584601082E-18
   3.794707603699266E-19  -2.960347377008003E-05  -1.897353801849633E-19
  -1.788933584601082E-18  -1.355252715606881E-19  -2.960347377008610E-05
      </IFC>
    </s_s1_m1_m2_m3.1.1.2.2.2>
    <s_s1_m1_m2_m3.1.1.3.2.2>
      <IFC>
  -4.107850356698702E-04  -3.546180413414360E-04  -4.819108595636207E-04
  -4.860354635430353E-04  -3.176305402899093E-04   4.860354635430370E-04
  -4.819108595636207E-04   3.546180413414377E-04  -4.107850356698649E-04
      </IFC>
    </s_s1_m1_m2_m3.1.1.3.2.2>
    <s_s1_m1_m2_m3.1.1.4.2.2>
      <IFC>
  -3.985650749799320E-04   1.517883041479706E-18   8.131516293641283E-19
   1.301042606982605E-18  -4.142840639647597E-04   1.111307226797642E-18
   8.131516293641283E-19   1.057097118173367E-18  -3.985650749799294E-04
      </IFC>
    </s_s1_m1_m2_m3.1.1.4.2.2>
    <s_s1_m1_m2_m3.1.1.1.3.2>
      <IFC>
  -4.107850356698667E-04   4.819108595636226E-04  -3.546180413414322E-04
   4.819108595636226E-04  -4.107850356698597E-04  -3.546180413414352E-04
  -4.860354635430319E-04  -4.860354635430346E-04  -3.176305402899024E-04
      </IFC>
    </s_s1_m1_m2_m3.1.1.1.3.2>
    <s_s1_m1_m2_m3.1.1.2.3.2>
      <IFC>
  -3.176305402899024E-04  -4.860354635430317E-04  -4.860354635430362E-04
  -3.546180413414325E-04  -4.107850356698676E-04   4.819108595636220E-04
  -3.546180413414365E-04   4.819108595636220E-04  -4.107850356698623E-04
      </IFC>
    </s_s1_m1_m2_m3.1.1.2.3.2>
    <s_s1_m1_m2_m3.1.1.3.3.2>
      <IFC>
  -4.663545891494588E-04  -9.763117220179906E-05  -6.681603438403596E-05
  -9.763117220179906E-05  -4.663545891494553E-04   6.681603438403817E-05
   6.681603438404046E-05  -6.681603438403858E-05  -3.863101788731949E-04
      </IFC>
    </s_s1_m1_m2_m3.1.1.3.3.2>
    <s_s1_m1_m2_m3.1.1.4.3.2>
      <IFC>
  -3.863101788731949E-04  -6.681603438404287E-05   6.681603438403653E-05
   6.681603438403377E-05  -4.663545891494597E-04  -9.763117220179648E-05
  -6.681603438403986E-05  -9.763117220179643E-05  -4.663545891494527E-04
      </IFC>
    </s_s1_m1_m2_m3.1.1.4.3.2>
    <s_s1_m1_m2_m3.1.1.1.4.2>
      <IFC>
  -3.620277764761166E-03   1.837945738528371E-03  -4.342116279569329E-03
  -1.837945738528370E-03   1.048948138350676E-02  -1.837945738528371E-03
  -4.342116279569329E-03   1.837945738528370E-03  -3.620277764761166E-03
      </IFC>
    </s_s1_m1_m2_m3.1.1.1.4.2>
    <s_s1_m1_m2_m3.1.1.2.4.2>
      <IFC>
  -4.142840639647614E-04   1.734723475976807E-18  -2.656295322589486E-18
   1.951563910473908E-18  -3.985650749799285E-04   1.111307226797642E-18
  -2.656295322589486E-18   1.165517335421917E-18  -3.985650749799277E-04
      </IFC>
    </s_s1_m1_m2_m3.1.1.2.4.2>
    <s_s1_m1_m2_m3.1.1.3.4.2>
      <IFC>
  -4.663545891494571E-04   6.681603438403233E-05   9.763117220180009E-05
  -6.681603438404434E-05  -3.863101788731949E-04  -6.681603438403691E-05
   9.763117220180003E-05   6.681603438403978E-05  -4.663545891494484E-04
      </IFC>
    </s_s1_m1_m2_m3.1.1.3.4.2>
    <s_s1_m1_m2_m3.1.1.4.4.2>
      <IFC>
  -3.985650749799303E-04   2.547875105340935E-18  -3.523657060577889E-18
   2.439454888092385E-18  -3.985650749799285E-04  -2.791820594150174E-18
  -3.523657060577889E-18  -2.846030702774449E-18  -4.142840639647640E-04
      </IFC>
    </s_s1_m1_m2_m3.1.1.4.4.2>
    <s_s1_m1_m2_m3.1.1.1.1.3>
      <IFC>
  -2.237359668058603E-05   5.269219764787989E-04   5.041540102057596E-18
   5.269219764787989E-04  -2.237359668061378E-05  -5.000882520589389E-18
   5.041540102057596E-18  -5.000882520589389E-18   4.073990460147753E-03
      </IFC>
    </s_s1_m1_m2_m3.1.1.1.1.3>
    <s_s1_m1_m2_m3.1.1.2.1.3>
      <IFC>
  -4.107850356698710E-04   3.546180413414352E-04   4.819108595636235E-04
   4.860354635430343E-04  -3.176305402899085E-04   4.860354635430360E-04
   4.819108595636235E-04   3.546180413414367E-04  -4.107850356698710E-04
      </IFC>
    </s_s1_m1_m2_m3.1.1.2.1.3>
    <s_s1_m1_m2_m3.1.1.3.1.3>
      <IFC>
   4.073990460147737E-03   9.066640667410031E-18   6.505213034913027E-18
   9.066640667410031E-18  -2.237359668058256E-05   5.269219764788093E-04
   6.505213034913027E-18   5.269219764788093E-04  -2.237359668058603E-05
      </IFC>
    </s_s1_m1_m2_m3.1.1.3.1.3>
    <s_s1_m1_m2_m3.1.1.4.1.3>
      <IFC>
  -4.107850356698710E-04   4.860354635430343E-04   4.819108595636235E-04
   3.546180413414352E-04  -3.176305402899085E-04   3.546180413414367E-04
   4.819108595636235E-04   4.860354635430360E-04  -4.107850356698710E-04
      </IFC>
    </s_s1_m1_m2_m3.1.1.4.1.3>
    <s_s1_m1_m2_m3.1.1.1.2.3>
      <IFC>
  -3.176305402899128E-04   4.860354635430307E-04  -4.860354635430345E-04
   3.546180413414312E-04  -4.107850356698702E-04  -4.819108595636261E-04
  -3.546180413414352E-04  -4.819108595636257E-04  -4.107850356698702E-04
      </IFC>
    </s_s1_m1_m2_m3.1.1.1.2.3>
    <s_s1_m1_m2_m3.1.1.2.2.3>
      <IFC>
  -4.107850356698693E-04  -4.819108595636194E-04  -3.546180413414371E-04
  -4.819108595636196E-04  -4.107850356698667E-04   3.546180413414376E-04
  -4.860354635430367E-04   4.860354635430368E-04  -3.176305402899119E-04
      </IFC>
    </s_s1_m1_m2_m3.1.1.2.2.3>
    <s_s1_m1_m2_m3.1.1.3.2.3>
      <IFC>
  -3.863101788731983E-04   6.681603438403694E-05   6.681603438403870E-05
  -6.681603438403976E-05  -4.663545891494553E-04   9.763117220179459E-05
  -6.681603438403775E-05   9.763117220179453E-05  -4.663545891494519E-04
      </IFC>
    </s_s1_m1_m2_m3.1.1.3.2.3>
    <s_s1_m1_m2_m3.1.1.4.2.3>
      <IFC>
  -4.663545891494579E-04   9.763117220179789E-05  -6.681603438403948E-05
   9.763117220179789E-05  -4.663545891494623E-04  -6.681603438403580E-05
   6.681603438403677E-05   6.681603438404089E-05  -3.863101788731940E-04
      </IFC>
    </s_s1_m1_m2_m3.1.1.4.2.3>
    <s_s1_m1_m2_m3.1.1.1.3.3>
      <IFC>
  -2.237359668057215E-05   1.484001723589534E-17  -5.269219764788122E-04
   1.484001723589534E-17   4.073990460147739E-03  -2.818925648462312E-18
  -5.269219764788122E-04  -2.818925648462312E-18  -2.237359668057909E-05
      </IFC>
    </s_s1_m1_m2_m3.1.1.1.3.3>
    <s_s1_m1_m2_m3.1.1.2.3.3>
      <IFC>
  -4.663545891494562E-04  -6.681603438403691E-05  -9.763117220179567E-05
   6.681603438403973E-05  -3.863101788731923E-04  -6.681603438403873E-05
  -9.763117220179572E-05   6.681603438403789E-05  -4.663545891494527E-04
      </IFC>
    </s_s1_m1_m2_m3.1.1.2.3.3>
    <s_s1_m1_m2_m3.1.1.3.3.3>
      <IFC>
  -6.204629048765439E-06  -9.161508357502512E-18  -2.168404344971009E-18
  -9.161508357502512E-18  -6.204629048774113E-06   6.437450399132683E-18
  -2.168404344971009E-18   6.437450399132683E-18  -6.204629048763705E-06
      </IFC>
    </s_s1_m1_m2_m3.1.1.3.3.3>
    <s_s1_m1_m2_m3.1.1.4.3.3>
      <IFC>
  -4.663545891494562E-04   6.681603438403973E-05  -9.763117220179572E-05
  -6.681603438403691E-05  -3.863101788731923E-04   6.681603438403789E-05
  -9.763117220179567E-05  -6.681603438403873E-05  -4.663545891494527E-04
      </IFC>
    </s_s1_m1_m2_m3.1.1.4.3.3>
    <s_s1_m1_m2_m3.1.1.1.4.3>
      <IFC>
  -3.176305402899128E-04   3.546180413414312E-04  -3.546180413414352E-04
   4.860354635430307E-04  -4.107850356698702E-04  -4.819108595636257E-04
  -4.860354635430345E-04  -4.819108595636261E-04  -4.107850356698702E-04
      </IFC>
    </s_s1_m1_m2_m3.1.1.1.4.3>
    <s_s1_m1_m2_m3.1.1.2.4.3>
      <IFC>
  -4.663545891494579E-04   9.763117220179789E-05   6.681603438403677E-05
   9.763117220179789E-05  -4.663545891494623E-04   6.681603438404089E-05
  -6.681603438403948E-05  -6.681603438403580E-05  -3.863101788731940E-04
      </IFC>
    </s_s1_m1_m2_m3.1.1.2.4.3>
    <s_s1_m1_m2_m3.1.1.3.4.3>
      <IFC>
  -3.863101788731983E-04  -6.681603438403976E-05  -6.681603438403775E-05
   6.681603438403694E-05  -4.663545891494553E-04   9.763117220179453E-05
   6.681603438403870E-05   9.763117220179459E-05  -4.663545891494519E-04
      </IFC>
    </s_s1_m1_m2_m3.1.1.3.4.3>
    <s_s1_m1_m2_m3.1.1.4.4.3>
      <IFC>
  -4.107850356698693E-04  -4.819108595636196E-04  -4.860354635430367E-04
  -4.819108595636194E-04  -4.107850356698667E-04   4.860354635430368E-04
  -3.546180413414371E-04   3.546180413414376E-04  -3.176305402899119E-04
      </IFC>
    </s_s1_m1_m2_m3.1.1.4.4.3>
    <s_s1_m1_m2_m3.1.1.1.1.4>
      <IFC>
  -3.620277764761176E-03   4.342116279569328E-03   1.837945738528372E-03
   4.342116279569328E-03  -3.620277764761162E-03  -1.837945738528371E-03
  -1.837945738528369E-03   1.837945738528369E-03   1.048948138350678E-02
      </IFC>
    </s_s1_m1_m2_m3.1.1.1.1.4>
    <s_s1_m1_m2_m3.1.1.2.1.4>
      <IFC>
   1.048948138350676E-02   1.837945738528374E-03  -1.837945738528370E-03
  -1.837945738528367E-03  -3.620277764761163E-03   4.342116279569332E-03
   1.837945738528371E-03   4.342116279569332E-03  -3.620277764761165E-03
      </IFC>
    </s_s1_m1_m2_m3.1.1.2.1.4>
    <s_s1_m1_m2_m3.1.1.3.1.4>
      <IFC>
  -4.107850356698754E-04   4.819108595636225E-04   4.860354635430375E-04
   4.819108595636225E-04  -4.107850356698719E-04   4.860354635430350E-04
   3.546180413414379E-04   3.546180413414356E-04  -3.176305402899093E-04
      </IFC>
    </s_s1_m1_m2_m3.1.1.3.1.4>
    <s_s1_m1_m2_m3.1.1.4.1.4>
      <IFC>
  -3.176305402899111E-04   3.546180413414331E-04   3.546180413414342E-04
   4.860354635430324E-04  -4.107850356698693E-04   4.819108595636229E-04
   4.860354635430335E-04   4.819108595636229E-04  -4.107850356698693E-04
      </IFC>
    </s_s1_m1_m2_m3.1.1.4.1.4>
    <s_s1_m1_m2_m3.1.1.1.2.4>
      <IFC>
  -3.620277764761166E-03  -1.837945738528370E-03  -4.342116279569329E-03
   1.837945738528371E-03   1.048948138350676E-02   1.837945738528370E-03
  -4.342116279569329E-03  -1.837945738528371E-03  -3.620277764761166E-03
      </IFC>
    </s_s1_m1_m2_m3.1.1.1.2.4>
    <s_s1_m1_m2_m3.1.1.2.2.4>
      <IFC>
  -3.985650749799303E-04   2.439454888092385E-18  -3.523657060577889E-18
   2.547875105340935E-18  -3.985650749799285E-04  -2.846030702774449E-18
  -3.523657060577889E-18  -2.791820594150174E-18  -4.142840639647640E-04
      </IFC>
    </s_s1_m1_m2_m3.1.1.2.2.4>
    <s_s1_m1_m2_m3.1.1.3.2.4>
      <IFC>
  -4.663545891494571E-04  -6.681603438404434E-05   9.763117220180003E-05
   6.681603438403233E-05  -3.863101788731949E-04   6.681603438403978E-05
   9.763117220180009E-05  -6.681603438403691E-05  -4.663545891494484E-04
      </IFC>
    </s_s1_m1_m2_m3.1.1.3.2.4>
    <s_s1_m1_m2_m3.1.1.4.2.4>
      <IFC>
  -4.142840639647614E-04   1.951563910473908E-18  -2.656295322589486E-18
   1.734723475976807E-18  -3.985650749799285E-04   1.165517335421917E-18
  -2.656295322589486E-18   1.111307226797642E-18  -3.985650749799277E-04
      </IFC>
    </s_s1_m1_m2_m3.1.1.4.2.4>
    <s_s1_m1_m2_m3.1.1.1.3.4>
      <IFC>
  -4.107850356698667E-04   4.819108595636226E-04  -4.860354635430319E-04
   4.819108595636226E-04  -4.107850356698597E-04  -4.860354635430346E-04
  -3.546180413414322E-04  -3.546180413414352E-04  -3.176305402899024E-04
      </IFC>
    </s_s1_m1_m2_m3.1.1.1.3.4>
    <s_s1_m1_m2_m3.1.1.2.3.4>
      <IFC>
  -3.863101788731949E-04   6.681603438403377E-05  -6.681603438403986E-05
  -6.681603438404287E-05  -4.663545891494597E-04  -9.763117220179643E-05
   6.681603438403653E-05  -9.763117220179648E-05  -4.663545891494527E-04
      </IFC>
    </s_s1_m1_m2_m3.1.1.2.3.4>
    <s_s1_m1_m2_m3.1.1.3.3.4>
      <IFC>
  -4.663545891494588E-04  -9.763117220179906E-05   6.681603438404046E-05
  -9.763117220179906E-05  -4.663545891494553E-04  -6.681603438403858E-05
  -6.681603438403596E-05   6.681603438403817E-05  -3.863101788731949E-04
      </IFC>
    </s_s1_m1_m2_m3.1.1.3.3.4>
    <s_s1_m1_m2_m3.1.1.4.3.4>
      <IFC>
  -3.176305402899024E-04  -3.546180413414325E-04  -3.546180413414365E-04
  -4.860354635430317E-04  -4.107850356698676E-04   4.819108595636220E-04
  -4.860354635430362E-04   4.819108595636220E-04  -4.107850356698623E-04
      </IFC>
    </s_s1_m1_m2_m3.1.1.4.3.4>
    <s_s1_m1_m2_m3.1.1.1.4.4>
      <IFC>
  -4.107850356698702E-04   4.860354635430307E-04  -4.819108595636211E-04
   3.546180413414314E-04  -3.176305402899163E-04  -3.546180413414358E-04
  -4.819108595636211E-04  -4.860354635430351E-04  -4.107850356698632E-04
      </IFC>
    </s_s1_m1_m2_m3.1.1.1.4.4>
    <s_s1_m1_m2_m3.1.1.2.4.4>
      <IFC>
  -3.985650749799320E-04   1.301042606982605E-18   8.131516293641283E-19
   1.517883041479706E-18  -4.142840639647597E-04   1.057097118173367E-18
   8.131516293641283E-19   1.111307226797642E-18  -3.985650749799294E-04
      </IFC>
    </s_s1_m1_m2_m3.1.1.2.4.4>
    <s_s1_m1_m2_m3.1.1.3.4.4>
      <IFC>
  -4.107850356698702E-04  -4.860354635430353E-04  -4.819108595636207E-04
  -3.546180413414360E-04  -3.176305402899093E-04   3.546180413414377E-04
  -4.819108595636207E-04   4.860354635430370E-04  -4.107850356698649E-04
      </IFC>
    </s_s1_m1_m2_m3.1.1.3.4.4>
    <s_s1_m1_m2_m3.1.1.4.4.4>
      <IFC>
  -2.960347377008350E-05   3.794707603699266E-19  -1.788933584601082E-18
   2.710505431213761E-19  -2.960347377008003E-05  -1.355252715606881E-19
  -1.788933584601082E-18  -1.897353801849633E-19  -2.960347377008610E-05
      </IFC>
    </s_s1_m1_m2_m3.1.1.4.4.4>
    <s_s1_m1_m2_m3.1.2.1.1.1>
      <IFC>
  -6.908331885967961E-02  -4.388818430753312E-02  -4.388818430753312E-02
  -4.388818430753312E-02  -6.908331885967961E-02  -4.388818430753312E-02
  -4.388818430753312E-02  -4.388818430753312E-02  -6.908331885967961E-02
      </IFC>
    </s_s1_m1_m2_m3.1.2.1.1.1>
    <s_s1_m1_m2_m3.1.2.2.1.1>
      <IFC>
   3.766371065916283E-04   8.486558640341077E-04  -8.486558640341068E-04
   8.486558640341074E-04   4.713788405796492E-04   3.866807800260587E-04
  -8.486558640341057E-04   3.866807800260572E-04   4.713788405796534E-04
      </IFC>
    </s_s1_m1_m2_m3.1.2.2.1.1>
    <s_s1_m1_m2_m3.1.2.3.1.1>
      <IFC>
   2.471277799562298E-05   3.564518645641049E-04   3.700245689268553E-06
   3.564518645641046E-04  -4.806683520292715E-05   3.564518645641024E-04
   3.700245689265626E-06   3.564518645641026E-04   2.471277799562233E-05
      </IFC>
    </s_s1_m1_m2_m3.1.2.3.1.1>
    <s_s1_m1_m2_m3.1.2.4.1.1>
      <IFC>
   4.713788405796490E-04   3.866807800260538E-04  -8.486558640341070E-04
   3.866807800260531E-04   4.713788405796502E-04   8.486558640341083E-04
  -8.486558640341072E-04   8.486558640341087E-04   3.766371065916317E-04
      </IFC>
    </s_s1_m1_m2_m3.1.2.4.1.1>
    <s_s1_m1_m2_m3.1.2.1.2.1>
      <IFC>
  -6.908331885967961E-02   4.388818430753312E-02   4.388818430753313E-02
   4.388818430753312E-02  -6.908331885967961E-02  -4.388818430753312E-02
   4.388818430753312E-02  -4.388818430753312E-02  -6.908331885967961E-02
      </IFC>
    </s_s1_m1_m2_m3.1.2.1.2.1>
    <s_s1_m1_m2_m3.1.2.2.2.1>
      <IFC>
  -4.697062187129929E-04  -1.136225745981903E-03   5.806009139976657E-04
  -1.136225745981903E-03  -4.022715022373880E-03   1.136225745981909E-03
   5.806009139976650E-04   1.136225745981908E-03  -4.697062187129964E-04
      </IFC>
    </s_s1_m1_m2_m3.1.2.2.2.1>
    <s_s1_m1_m2_m3.1.2.3.2.1>
      <IFC>
  -4.697062187129942E-04   1.136225745981900E-03   5.806009139976614E-04
   1.136225745981901E-03  -4.022715022373883E-03  -1.136225745981899E-03
   5.806009139976620E-04  -1.136225745981898E-03  -4.697062187129954E-04
      </IFC>
    </s_s1_m1_m2_m3.1.2.3.2.1>
    <s_s1_m1_m2_m3.1.2.4.2.1>
      <IFC>
  -6.908331885967961E-02  -4.388818430753312E-02   4.388818430753312E-02
  -4.388818430753312E-02  -6.908331885967961E-02   4.388818430753312E-02
   4.388818430753312E-02   4.388818430753312E-02  -6.908331885967961E-02
      </IFC>
    </s_s1_m1_m2_m3.1.2.4.2.1>
    <s_s1_m1_m2_m3.1.2.1.3.1>
      <IFC>
  -4.022715022373878E-03  -1.136225745981903E-03  -1.136225745981904E-03
  -1.136225745981902E-03  -4.697062187129925E-04  -5.806009139976637E-04
  -1.136225745981907E-03  -5.806009139976646E-04  -4.697062187129925E-04
      </IFC>
    </s_s1_m1_m2_m3.1.2.1.3.1>
    <s_s1_m1_m2_m3.1.2.2.3.1>
      <IFC>
   7.013060442550806E-04   8.365402219300785E-04  -8.365402219300846E-04
   8.365402219300784E-04   7.013060442550835E-04   8.365402219300823E-04
  -8.365402219300840E-04   8.365402219300825E-04   7.013060442550801E-04
      </IFC>
    </s_s1_m1_m2_m3.1.2.2.3.1>
    <s_s1_m1_m2_m3.1.2.3.3.1>
      <IFC>
  -4.697062187129893E-04  -5.806009139976588E-04  -1.136225745981898E-03
  -5.806009139976587E-04  -4.697062187129891E-04  -1.136225745981902E-03
  -1.136225745981900E-03  -1.136225745981902E-03  -4.022715022373875E-03
      </IFC>
    </s_s1_m1_m2_m3.1.2.3.3.1>
    <s_s1_m1_m2_m3.1.2.4.3.1>
      <IFC>
   4.713788405796473E-04   8.486558640341090E-04  -3.866807800260568E-04
   8.486558640341089E-04   3.766371065916311E-04   8.486558640341102E-04
  -3.866807800260566E-04   8.486558640341089E-04   4.713788405796530E-04
      </IFC>
    </s_s1_m1_m2_m3.1.2.4.3.1>
    <s_s1_m1_m2_m3.1.2.1.4.1>
      <IFC>
  -4.022715022373884E-03   1.136225745981900E-03   1.136225745981902E-03
   1.136225745981902E-03  -4.697062187129990E-04  -5.806009139976596E-04
   1.136225745981903E-03  -5.806009139976576E-04  -4.697062187129971E-04
      </IFC>
    </s_s1_m1_m2_m3.1.2.1.4.1>
    <s_s1_m1_m2_m3.1.2.2.4.1>
      <IFC>
  -4.697062187129929E-04  -5.806009139976546E-04   1.136225745981903E-03
  -5.806009139976583E-04  -4.697062187129912E-04   1.136225745981904E-03
   1.136225745981903E-03   1.136225745981903E-03  -4.022715022373882E-03
      </IFC>
    </s_s1_m1_m2_m3.1.2.2.4.1>
    <s_s1_m1_m2_m3.1.2.3.4.1>
      <IFC>
   2.471277799562049E-05  -3.700245689268187E-06  -3.564518645641058E-04
  -3.700245689270085E-06   2.471277799561696E-05   3.564518645641089E-04
  -3.564518645641044E-04   3.564518645641090E-04  -4.806683520292595E-05
      </IFC>
    </s_s1_m1_m2_m3.1.2.3.4.1>
    <s_s1_m1_m2_m3.1.2.4.4.1>
      <IFC>
  -4.806683520291836E-05   3.564518645641076E-04  -3.564518645641007E-04
   3.564518645641068E-04   2.471277799562764E-05  -3.700245689266385E-06
  -3.564518645641042E-04  -3.700245689266385E-06   2.471277799562417E-05
      </IFC>
    </s_s1_m1_m2_m3.1.2.4.4.1>
    <s_s1_m1_m2_m3.1.2.1.1.2>
      <IFC>
   3.766371065916322E-04  -8.486558640341097E-04   8.486558640341036E-04
  -8.486558640341119E-04   4.713788405796516E-04   3.866807800260563E-04
   8.486558640341101E-04   3.866807800260576E-04   4.713788405796473E-04
      </IFC>
    </s_s1_m1_m2_m3.1.2.1.1.2>
    <s_s1_m1_m2_m3.1.2.2.1.2>
      <IFC>
   3.407482847151494E-04  -1.652804404770608E-04  -1.652804404770597E-04
  -1.652804404770610E-04   3.613885227383430E-04   1.317562928326759E-04
  -1.652804404770606E-04   1.317562928326769E-04   3.613885227383421E-04
      </IFC>
    </s_s1_m1_m2_m3.1.2.2.1.2>
    <s_s1_m1_m2_m3.1.2.3.1.2>
      <IFC>
   3.613885227383429E-04   1.317562928326783E-04  -1.652804404770603E-04
   1.317562928326778E-04   3.613885227383442E-04  -1.652804404770627E-04
  -1.652804404770611E-04  -1.652804404770611E-04   3.407482847151426E-04
      </IFC>
    </s_s1_m1_m2_m3.1.2.3.1.2>
    <s_s1_m1_m2_m3.1.2.4.1.2>
      <IFC>
   4.713788405796522E-04   3.866807800260578E-04   8.486558640341105E-04
   3.866807800260577E-04   4.713788405796536E-04  -8.486558640341093E-04
   8.486558640341068E-04  -8.486558640341070E-04   3.766371065916295E-04
      </IFC>
    </s_s1_m1_m2_m3.1.2.4.1.2>
    <s_s1_m1_m2_m3.1.2.1.2.2>
      <IFC>
  -4.697062187129994E-04   5.806009139976663E-04  -1.136225745981906E-03
   5.806009139976628E-04  -4.697062187129994E-04   1.136225745981909E-03
  -1.136225745981906E-03   1.136225745981909E-03  -4.022715022373891E-03
      </IFC>
    </s_s1_m1_m2_m3.1.2.1.2.2>
    <s_s1_m1_m2_m3.1.2.2.2.2>
      <IFC>
   7.013060442550798E-04  -8.365402219300813E-04  -8.365402219300808E-04
  -8.365402219300804E-04   7.013060442550785E-04  -8.365402219300777E-04
  -8.365402219300839E-04  -8.365402219300765E-04   7.013060442550730E-04
      </IFC>
    </s_s1_m1_m2_m3.1.2.2.2.2>
    <s_s1_m1_m2_m3.1.2.3.2.2>
      <IFC>
  -4.022715022373882E-03   1.136225745981906E-03  -1.136225745981903E-03
   1.136225745981906E-03  -4.697062187129890E-04   5.806009139976555E-04
  -1.136225745981904E-03   5.806009139976572E-04  -4.697062187129937E-04
      </IFC>
    </s_s1_m1_m2_m3.1.2.3.2.2>
    <s_s1_m1_m2_m3.1.2.4.2.2>
      <IFC>
   4.713788405796502E-04  -8.486558640341080E-04  -3.866807800260571E-04
  -8.486558640341080E-04   3.766371065916273E-04  -8.486558640341094E-04
  -3.866807800260576E-04  -8.486558640341077E-04   4.713788405796544E-04
      </IFC>
    </s_s1_m1_m2_m3.1.2.4.2.2>
    <s_s1_m1_m2_m3.1.2.1.3.2>
      <IFC>
   7.013060442550810E-04  -8.365402219300852E-04   8.365402219300782E-04
  -8.365402219300856E-04   7.013060442550784E-04   8.365402219300830E-04
   8.365402219300804E-04   8.365402219300835E-04   7.013060442550827E-04
      </IFC>
    </s_s1_m1_m2_m3.1.2.1.3.2>
    <s_s1_m1_m2_m3.1.2.2.3.2>
      <IFC>
   7.013060442550831E-04   8.365402219300850E-04   8.365402219300833E-04
   8.365402219300862E-04   7.013060442550814E-04  -8.365402219300845E-04
   8.365402219300829E-04  -8.365402219300823E-04   7.013060442550851E-04
      </IFC>
    </s_s1_m1_m2_m3.1.2.2.3.2>
    <s_s1_m1_m2_m3.1.2.3.3.2>
      <IFC>
   3.613885227383429E-04   1.652804404770620E-04  -1.317562928326783E-04
   1.652804404770629E-04   3.407482847151470E-04  -1.652804404770640E-04
  -1.317562928326783E-04  -1.652804404770633E-04   3.613885227383494E-04
      </IFC>
    </s_s1_m1_m2_m3.1.2.3.3.2>
    <s_s1_m1_m2_m3.1.2.4.3.2>
      <IFC>
   3.613885227383460E-04  -1.652804404770599E-04  -1.317562928326769E-04
  -1.652804404770584E-04   3.407482847151482E-04   1.652804404770590E-04
  -1.317562928326784E-04   1.652804404770596E-04   3.613885227383526E-04
      </IFC>
    </s_s1_m1_m2_m3.1.2.4.3.2>
    <s_s1_m1_m2_m3.1.2.1.4.2>
      <IFC>
  -4.697062187129952E-04   1.136225745981908E-03  -5.806009139976608E-04
   1.136225745981905E-03  -4.022715022373877E-03   1.136225745981902E-03
  -5.806009139976582E-04   1.136225745981903E-03  -4.697062187129913E-04
      </IFC>
    </s_s1_m1_m2_m3.1.2.1.4.2>
    <s_s1_m1_m2_m3.1.2.2.4.2>
      <IFC>
   3.407482847151479E-04   1.652804404770657E-04   1.652804404770672E-04
   1.652804404770657E-04   3.613885227383447E-04   1.317562928326799E-04
   1.652804404770646E-04   1.317562928326790E-04   3.613885227383457E-04
      </IFC>
    </s_s1_m1_m2_m3.1.2.2.4.2>
    <s_s1_m1_m2_m3.1.2.3.4.2>
      <IFC>
   5.827340202028284E-04  -1.865861768048999E-04   1.865861768049012E-04
  -1.865861768049000E-04   5.827340202028295E-04  -1.865861768048996E-04
   1.865861768049003E-04  -1.865861768049000E-04   5.827340202028317E-04
      </IFC>
    </s_s1_m1_m2_m3.1.2.3.4.2>
    <s_s1_m1_m2_m3.1.2.4.4.2>
      <IFC>
   3.613885227383441E-04   1.317562928326819E-04   1.652804404770633E-04
   1.317562928326806E-04   3.613885227383458E-04   1.652804404770621E-04
   1.652804404770646E-04   1.652804404770637E-04   3.407482847151436E-04
      </IFC>
    </s_s1_m1_m2_m3.1.2.4.4.2>
    <s_s1_m1_m2_m3.1.2.1.1.3>
      <IFC>
   2.471277799562244E-05   3.700245689269854E-06   3.564518645641085E-04
   3.700245689269854E-06   2.471277799562244E-05   3.564518645641016E-04
   3.564518645641050E-04   3.564518645641085E-04  -4.806683520292704E-05
      </IFC>
    </s_s1_m1_m2_m3.1.2.1.1.3>
    <s_s1_m1_m2_m3.1.2.2.1.3>
      <IFC>
   3.613885227383416E-04  -1.652804404770628E-04   1.317562928326799E-04
  -1.652804404770610E-04   3.407482847151467E-04  -1.652804404770610E-04
   1.317562928326805E-04  -1.652804404770613E-04   3.613885227383434E-04
      </IFC>
    </s_s1_m1_m2_m3.1.2.2.1.3>
    <s_s1_m1_m2_m3.1.2.3.1.3>
      <IFC>
  -4.806683520292498E-05   3.564518645641030E-04   3.564518645641068E-04
   3.564518645641037E-04   2.471277799562688E-05   3.700245689265951E-06
   3.564518645641049E-04   3.700245689266656E-06   2.471277799562341E-05
      </IFC>
    </s_s1_m1_m2_m3.1.2.3.1.3>
    <s_s1_m1_m2_m3.1.2.4.1.3>
      <IFC>
   3.140137775131703E-04  -1.524627146530127E-04   1.524627146530154E-04
  -1.524627146530113E-04   3.140137775131723E-04  -1.524627146530182E-04
   1.524627146530169E-04  -1.524627146530186E-04   3.140137775131694E-04
      </IFC>
    </s_s1_m1_m2_m3.1.2.4.1.3>
    <s_s1_m1_m2_m3.1.2.1.2.3>
      <IFC>
  -4.697062187129925E-04   5.806009139976663E-04   1.136225745981899E-03
   5.806009139976698E-04  -4.697062187129994E-04  -1.136225745981902E-03
   1.136225745981902E-03  -1.136225745981899E-03  -4.022715022373891E-03
      </IFC>
    </s_s1_m1_m2_m3.1.2.1.2.3>
    <s_s1_m1_m2_m3.1.2.2.2.3>
      <IFC>
  -4.022715022373882E-03  -1.136225745981903E-03   1.136225745981903E-03
  -1.136225745981904E-03  -4.697062187129946E-04   5.806009139976596E-04
   1.136225745981902E-03   5.806009139976598E-04  -4.697062187129964E-04
      </IFC>
    </s_s1_m1_m2_m3.1.2.2.2.3>
    <s_s1_m1_m2_m3.1.2.3.2.3>
      <IFC>
  -4.806683520292422E-05  -3.564518645641054E-04  -3.564518645641064E-04
  -3.564518645641052E-04   2.471277799562504E-05   3.700245689267686E-06
  -3.564518645641057E-04   3.700245689271155E-06   2.471277799562135E-05
      </IFC>
    </s_s1_m1_m2_m3.1.2.3.2.3>
    <s_s1_m1_m2_m3.1.2.4.2.3>
      <IFC>
   2.471277799562938E-05   3.700245689266385E-06  -3.564518645641050E-04
   3.700245689266385E-06   2.471277799562244E-05  -3.564518645641050E-04
  -3.564518645641085E-04  -3.564518645641085E-04  -4.806683520292010E-05
      </IFC>
    </s_s1_m1_m2_m3.1.2.4.2.3>
    <s_s1_m1_m2_m3.1.2.1.3.3>
      <IFC>
  -4.697062187129872E-04  -1.136225745981905E-03  -5.806009139976559E-04
  -1.136225745981906E-03  -4.022715022373877E-03  -1.136225745981903E-03
  -5.806009139976602E-04  -1.136225745981902E-03  -4.697062187129925E-04
      </IFC>
    </s_s1_m1_m2_m3.1.2.1.3.3>
    <s_s1_m1_m2_m3.1.2.2.3.3>
      <IFC>
   3.613885227383433E-04  -1.317562928326787E-04   1.652804404770634E-04
  -1.317562928326775E-04   3.613885227383445E-04  -1.652804404770634E-04
   1.652804404770636E-04  -1.652804404770636E-04   3.407482847151452E-04
      </IFC>
    </s_s1_m1_m2_m3.1.2.2.3.3>
    <s_s1_m1_m2_m3.1.2.3.3.3>
      <IFC>
   5.827340202028299E-04   1.865861768049047E-04   1.865861768049035E-04
   1.865861768049050E-04   5.827340202028314E-04   1.865861768049018E-04
   1.865861768049025E-04   1.865861768049028E-04   5.827340202028308E-04
      </IFC>
    </s_s1_m1_m2_m3.1.2.3.3.3>
    <s_s1_m1_m2_m3.1.2.4.3.3>
      <IFC>
   3.407482847151474E-04  -1.652804404770598E-04   1.652804404770615E-04
  -1.652804404770587E-04   3.613885227383391E-04  -1.317562928326784E-04
   1.652804404770634E-04  -1.317562928326788E-04   3.613885227383421E-04
      </IFC>
    </s_s1_m1_m2_m3.1.2.4.3.3>
    <s_s1_m1_m2_m3.1.2.1.4.3>
      <IFC>
   2.471277799561463E-05  -3.564518645641041E-04  -3.700245689268662E-06
  -3.564518645641043E-04  -4.806683520292660E-05   3.564518645641065E-04
  -3.700245689266060E-06   3.564518645641068E-04   2.471277799561783E-05
      </IFC>
    </s_s1_m1_m2_m3.1.2.1.4.3>
    <s_s1_m1_m2_m3.1.2.2.4.3>
      <IFC>
   5.827340202028326E-04   1.865861768049039E-04  -1.865861768048998E-04
   1.865861768049059E-04   5.827340202028334E-04  -1.865861768049024E-04
  -1.865861768049013E-04  -1.865861768049039E-04   5.827340202028326E-04
      </IFC>
    </s_s1_m1_m2_m3.1.2.2.4.3>
    <s_s1_m1_m2_m3.1.2.3.4.3>
      <IFC>
   5.827340202028261E-04  -1.865861768049040E-04  -1.865861768049047E-04
  -1.865861768049039E-04   5.827340202028272E-04   1.865861768049044E-04
  -1.865861768049048E-04   1.865861768049043E-04   5.827340202028299E-04
      </IFC>
    </s_s1_m1_m2_m3.1.2.3.4.3>
    <s_s1_m1_m2_m3.1.2.4.4.3>
      <IFC>
   2.471277799562417E-05   3.564518645641024E-04  -3.700245689263783E-06
   3.564518645641016E-04  -4.806683520292183E-05  -3.564518645641050E-04
  -3.700245689263783E-06  -3.564518645641068E-04   2.471277799562417E-05
      </IFC>
    </s_s1_m1_m2_m3.1.2.4.4.3>
    <s_s1_m1_m2_m3.1.2.1.1.4>
      <IFC>
   4.713788405796542E-04  -8.486558640341106E-04   3.866807800260489E-04
  -8.486558640341084E-04   3.766371065916279E-04   8.486558640341067E-04
   3.866807800260528E-04   8.486558640341088E-04   4.713788405796508E-04
      </IFC>
    </s_s1_m1_m2_m3.1.2.1.1.4>
    <s_s1_m1_m2_m3.1.2.2.1.4>
      <IFC>
   4.713788405796504E-04   8.486558640341112E-04   3.866807800260585E-04
   8.486558640341126E-04   3.766371065916274E-04  -8.486558640341073E-04
   3.866807800260568E-04  -8.486558640341065E-04   4.713788405796553E-04
      </IFC>
    </s_s1_m1_m2_m3.1.2.2.1.4>
    <s_s1_m1_m2_m3.1.2.3.1.4>
      <IFC>
   3.140137775131677E-04   1.524627146530187E-04  -1.524627146530127E-04
   1.524627146530179E-04   3.140137775131681E-04  -1.524627146530155E-04
  -1.524627146530122E-04  -1.524627146530153E-04   3.140137775131725E-04
      </IFC>
    </s_s1_m1_m2_m3.1.2.3.1.4>
    <s_s1_m1_m2_m3.1.2.4.1.4>
      <IFC>
   3.140137775131741E-04  -1.524627146530135E-04  -1.524627146530102E-04
  -1.524627146530124E-04   3.140137775131730E-04   1.524627146530135E-04
  -1.524627146530104E-04   1.524627146530156E-04   3.140137775131744E-04
      </IFC>
    </s_s1_m1_m2_m3.1.2.4.1.4>
    <s_s1_m1_m2_m3.1.2.1.2.4>
      <IFC>
  -6.908331885967961E-02   4.388818430753313E-02  -4.388818430753312E-02
   4.388818430753313E-02  -6.908331885967961E-02   4.388818430753312E-02
  -4.388818430753312E-02   4.388818430753312E-02  -6.908331885967961E-02
      </IFC>
    </s_s1_m1_m2_m3.1.2.1.2.4>
    <s_s1_m1_m2_m3.1.2.2.2.4>
      <IFC>
   4.713788405796502E-04  -3.866807800260576E-04  -8.486558640341093E-04
  -3.866807800260576E-04   4.713788405796489E-04  -8.486558640341085E-04
  -8.486558640341097E-04  -8.486558640341075E-04   3.766371065916272E-04
      </IFC>
    </s_s1_m1_m2_m3.1.2.2.2.4>
    <s_s1_m1_m2_m3.1.2.3.2.4>
      <IFC>
   2.471277799562634E-05  -3.564518645641032E-04   3.700245689261289E-06
  -3.564518645641039E-04  -4.806683520292010E-05  -3.564518645641063E-04
   3.700245689260855E-06  -3.564518645641046E-04   2.471277799562596E-05
      </IFC>
    </s_s1_m1_m2_m3.1.2.3.2.4>
    <s_s1_m1_m2_m3.1.2.4.2.4>
      <IFC>
   3.766371065916293E-04  -8.486558640341088E-04  -8.486558640341058E-04
  -8.486558640341088E-04   4.713788405796452E-04  -3.866807800260535E-04
  -8.486558640341088E-04  -3.866807800260516E-04   4.713788405796506E-04
      </IFC>
    </s_s1_m1_m2_m3.1.2.4.2.4>
    <s_s1_m1_m2_m3.1.2.1.3.4>
      <IFC>
   4.713788405796490E-04  -3.866807800260584E-04   8.486558640341071E-04
  -3.866807800260580E-04   4.713788405796481E-04   8.486558640341093E-04
   8.486558640341084E-04   8.486558640341088E-04   3.766371065916253E-04
      </IFC>
    </s_s1_m1_m2_m3.1.2.1.3.4>
    <s_s1_m1_m2_m3.1.2.2.3.4>
      <IFC>
   3.613885227383460E-04  -1.317562928326804E-04  -1.652804404770552E-04
  -1.317562928326801E-04   3.613885227383470E-04   1.652804404770557E-04
  -1.652804404770582E-04   1.652804404770587E-04   3.407482847151464E-04
      </IFC>
    </s_s1_m1_m2_m3.1.2.2.3.4>
    <s_s1_m1_m2_m3.1.2.3.3.4>
      <IFC>
   3.407482847151465E-04   1.652804404770637E-04  -1.652804404770629E-04
   1.652804404770616E-04   3.613885227383442E-04  -1.317562928326815E-04
  -1.652804404770616E-04  -1.317562928326796E-04   3.613885227383407E-04
      </IFC>
    </s_s1_m1_m2_m3.1.2.3.3.4>
    <s_s1_m1_m2_m3.1.2.4.3.4>
      <IFC>
   3.766371065916308E-04   8.486558640341129E-04   8.486558640341107E-04
