<?xml version="1.0" encoding="UTF-8"?>
<Root>
  <GEOMETRY_INFO>
    <NUMBER_OF_TYPES>1</NUMBER_OF_TYPES>
    <NUMBER_OF_ATOMS>2</NUMBER_OF_ATOMS>
    <BRAVAIS_LATTICE_INDEX>2</BRAVAIS_LATTICE_INDEX>
    <SPIN_COMPONENTS>1</SPIN_COMPONENTS>
    <CELL_DIMENSIONS>
   1.035000000000000E+01   0.000000000000000E+00   0.000000000000000E+00
   0.000000000000000E+00   0.000000000000000E+00   0.000000000000000E+00
    </CELL_DIMENSIONS>
    <AT>
  -5.000000000000000E-01   0.000000000000000E+00   5.000000000000000E-01
   0.000000000000000E+00   5.000000000000000E-01   5.000000000000000E-01
  -5.000000000000000E-01   5.000000000000000E-01   0.000000000000000E+00
    </AT>
    <BG>
  -1.000000000000000E+00  -1.000000000000000E+00   1.000000000000000E+00
   1.000000000000000E+00   1.000000000000000E+00   1.000000000000000E+00
  -1.000000000000000E+00   1.000000000000000E+00  -1.000000000000000E+00
    </BG>
    <UNIT_CELL_VOLUME_AU>277.17946874999996</UNIT_CELL_VOLUME_AU>
    <TYPE_NAME.1>Si</TYPE_NAME.1>
    <MASS.1>28.085999999999999</MASS.1>
    <ATOM.1 SPECIES="Si" INDEX="1" TAU="0.0000000000000000 0.0000000000000000 0.0000000000000000"/>
    <ATOM.2 SPECIES="Si" INDEX="1" TAU="0.25000000000000000 0.25000000000000000 0.25000000000000000"/>
    <NUMBER_OF_Q>6</NUMBER_OF_Q>
  </GEOMETRY_INFO>
  <DIELECTRIC_PROPERTIES epsil="true" zstar="true" raman="false">
    <EPSILON>
   2.354526949913593E+01   1.776356839400250E-15   3.552713678800501E-15
  -1.776356839400250E-15   2.354526949913593E+01   1.776356839400250E-15
   1.776356839400250E-15   8.881784197001252E-15   2.354526949913593E+01
    </EPSILON>
    <ZSTAR>
      <Z_AT_.1>
  -1.554312234475219E-15  -8.881784197001252E-16   2.220446049250317E-16
  -1.110223024625157E-15  -1.110223024625157E-15   2.220446049250313E-16
   2.220446049250317E-16  -2.220446049250313E-16  -6.661338147750939E-16
      </Z_AT_.1>
      <Z_AT_.2>
   1.554312234475219E-15   8.881784197001252E-16  -2.220446049250313E-16
   1.110223024625157E-15   8.881784197001252E-16  -2.220446049250313E-16
  -2.220446049250313E-16   2.220446049250313E-16   4.440892098500626E-16
      </Z_AT_.2>
    </ZSTAR>
  </DIELECTRIC_PROPERTIES>
  <INTERATOMIC_FORCE_CONSTANTS>
    <MESH_NQ1_NQ2_NQ3>
                 4                 4                 4
    </MESH_NQ1_NQ2_NQ3>
    <s_s1_m1_m2_m3.1.1.1.1.1>
      <IFC>
   2.520194619764758E-01   4.878909776184770E-18   6.071532165918825E-18
   4.878909776184770E-18   2.520194619764757E-01  -1.951563910473908E-18
   6.071532165918825E-18  -1.951563910473908E-18   2.520194619764758E-01
      </IFC>
    </s_s1_m1_m2_m3.1.1.1.1.1>
    <s_s1_m1_m2_m3.1.1.2.1.1>
      <IFC>
  -3.241259854930334E-03  -1.769992678923000E-03   3.915592023621650E-03
   1.769992678922999E-03   1.014596360486675E-02  -1.769992678922999E-03
   3.915592023621650E-03   1.769992678923000E-03  -3.241259854930339E-03
      </IFC>
    </s_s1_m1_m2_m3.1.1.2.1.1>
    <s_s1_m1_m2_m3.1.1.3.1.1>
      <IFC>
  -3.384744191748529E-07  -2.547875105340935E-18   5.612354389740951E-04
  -2.547875105340935E-18   3.999348347214758E-03   7.155734338404329E-18
   5.612354389740951E-04   7.155734338404329E-18  -3.384744191765876E-07
      </IFC>
    </s_s1_m1_m2_m3.1.1.3.1.1>
    <s_s1_m1_m2_m3.1.1.4.1.1>
      <IFC>
  -3.241259854930334E-03   1.769992678922999E-03   3.915592023621650E-03
  -1.769992678923000E-03   1.014596360486675E-02   1.769992678923000E-03
   3.915592023621650E-03  -1.769992678922999E-03  -3.241259854930339E-03
      </IFC>
    </s_s1_m1_m2_m3.1.1.4.1.1>
    <s_s1_m1_m2_m3.1.1.1.2.1>
      <IFC>
   1.014596360486676E-02   1.769992678922997E-03   1.769992678922997E-03
  -1.769992678923001E-03  -3.241259854930342E-03  -3.915592023621649E-03
  -1.769992678923001E-03  -3.915592023621649E-03  -3.241259854930345E-03
      </IFC>
    </s_s1_m1_m2_m3.1.1.1.2.1>
    <s_s1_m1_m2_m3.1.1.2.2.1>
      <IFC>
  -3.808842620636231E-04  -5.101789449281736E-04   3.578238599759827E-04
  -5.101789449281736E-04  -3.808842620636240E-04  -3.578238599759844E-04
   4.777341572375633E-04  -4.777341572375647E-04  -2.989998272025299E-04
      </IFC>
    </s_s1_m1_m2_m3.1.1.2.2.1>
    <s_s1_m1_m2_m3.1.1.3.2.1>
      <IFC>
  -2.989998272025420E-04  -4.777341572375672E-04   4.777341572375629E-04
  -3.578238599759866E-04  -3.808842620636266E-04  -5.101789449281772E-04
   3.578238599759823E-04  -5.101789449281770E-04  -3.808842620636275E-04
      </IFC>
    </s_s1_m1_m2_m3.1.1.3.2.1>
    <s_s1_m1_m2_m3.1.1.4.2.1>
      <IFC>
  -3.241259854930342E-03  -3.915592023621646E-03  -1.769992678923000E-03
  -3.915592023621646E-03  -3.241259854930336E-03  -1.769992678923000E-03
   1.769992678922999E-03   1.769992678922999E-03   1.014596360486676E-02
      </IFC>
    </s_s1_m1_m2_m3.1.1.4.2.1>
    <s_s1_m1_m2_m3.1.1.1.3.1>
      <IFC>
   3.999348347214743E-03  -5.529431079676073E-18  -2.385244779468110E-18
  -5.529431079676073E-18  -3.384744191731182E-07  -5.612354389740947E-04
  -2.385244779468110E-18  -5.612354389740947E-04  -3.384744191835265E-07
      </IFC>
    </s_s1_m1_m2_m3.1.1.1.3.1>
    <s_s1_m1_m2_m3.1.1.2.3.1>
      <IFC>
  -3.808842620636318E-04  -3.578238599759856E-04   5.101789449281737E-04
  -4.777341572375661E-04  -2.989998272025464E-04  -4.777341572375648E-04
   5.101789449281737E-04  -3.578238599759845E-04  -3.808842620636266E-04
      </IFC>
    </s_s1_m1_m2_m3.1.1.2.3.1>
    <s_s1_m1_m2_m3.1.1.3.3.1>
      <IFC>
  -3.384744191748529E-07  -5.612354389740793E-04  -1.951563910473908E-18
  -5.612354389740793E-04  -3.384744191757202E-07   3.035766082959412E-18
  -1.951563910473908E-18   3.035766082959412E-18   3.999348347214746E-03
      </IFC>
    </s_s1_m1_m2_m3.1.1.3.3.1>
    <s_s1_m1_m2_m3.1.1.4.3.1>
      <IFC>
  -3.808842620636318E-04  -4.777341572375661E-04   5.101789449281737E-04
  -3.578238599759856E-04  -2.989998272025464E-04  -3.578238599759845E-04
   5.101789449281737E-04  -4.777341572375648E-04  -3.808842620636266E-04
      </IFC>
    </s_s1_m1_m2_m3.1.1.4.3.1>
    <s_s1_m1_m2_m3.1.1.1.4.1>
      <IFC>
   1.014596360486676E-02  -1.769992678923001E-03  -1.769992678923001E-03
   1.769992678922997E-03  -3.241259854930342E-03  -3.915592023621649E-03
   1.769992678922997E-03  -3.915592023621649E-03  -3.241259854930345E-03
      </IFC>
    </s_s1_m1_m2_m3.1.1.1.4.1>
    <s_s1_m1_m2_m3.1.1.2.4.1>
      <IFC>
  -3.241259854930342E-03  -3.915592023621646E-03   1.769992678922999E-03
  -3.915592023621646E-03  -3.241259854930336E-03   1.769992678922999E-03
  -1.769992678923000E-03  -1.769992678923000E-03   1.014596360486676E-02
      </IFC>
    </s_s1_m1_m2_m3.1.1.2.4.1>
    <s_s1_m1_m2_m3.1.1.3.4.1>
      <IFC>
  -2.989998272025420E-04  -3.578238599759866E-04   3.578238599759823E-04
  -4.777341572375672E-04  -3.808842620636266E-04  -5.101789449281770E-04
   4.777341572375629E-04  -5.101789449281772E-04  -3.808842620636275E-04
      </IFC>
    </s_s1_m1_m2_m3.1.1.3.4.1>
    <s_s1_m1_m2_m3.1.1.4.4.1>
      <IFC>
  -3.808842620636231E-04  -5.101789449281736E-04   4.777341572375633E-04
  -5.101789449281736E-04  -3.808842620636240E-04  -4.777341572375647E-04
   3.578238599759827E-04  -3.578238599759844E-04  -2.989998272025299E-04
      </IFC>
    </s_s1_m1_m2_m3.1.1.4.4.1>
    <s_s1_m1_m2_m3.1.1.1.1.2>
      <IFC>
  -3.241259854930331E-03   3.915592023621647E-03  -1.769992678922999E-03
   3.915592023621647E-03  -3.241259854930331E-03   1.769992678923002E-03
   1.769992678922999E-03  -1.769992678922997E-03   1.014596360486675E-02
      </IFC>
    </s_s1_m1_m2_m3.1.1.1.1.2>
    <s_s1_m1_m2_m3.1.1.2.1.2>
      <IFC>
  -2.989998272025368E-04   4.777341572375658E-04   4.777341572375644E-04
   3.578238599759854E-04  -3.808842620636257E-04   5.101789449281767E-04
   3.578238599759837E-04   5.101789449281767E-04  -3.808842620636266E-04
      </IFC>
    </s_s1_m1_m2_m3.1.1.2.1.2>
    <s_s1_m1_m2_m3.1.1.3.1.2>
      <IFC>
  -3.808842620636240E-04   5.101789449281754E-04   3.578238599759834E-04
   5.101789449281754E-04  -3.808842620636214E-04   3.578238599759859E-04
   4.777341572375640E-04   4.777341572375664E-04  -2.989998272025368E-04
      </IFC>
    </s_s1_m1_m2_m3.1.1.3.1.2>
    <s_s1_m1_m2_m3.1.1.4.1.2>
      <IFC>
   1.014596360486676E-02  -1.769992678922997E-03   1.769992678922998E-03
   1.769992678923001E-03  -3.241259854930335E-03   3.915592023621645E-03
  -1.769992678923000E-03   3.915592023621645E-03  -3.241259854930346E-03
      </IFC>
    </s_s1_m1_m2_m3.1.1.4.1.2>
    <s_s1_m1_m2_m3.1.1.1.2.2>
      <IFC>
  -3.808842620636257E-04   3.578238599759830E-04  -5.101789449281733E-04
   4.777341572375637E-04  -2.989998272025351E-04  -4.777341572375633E-04
  -5.101789449281733E-04  -3.578238599759824E-04  -3.808842620636240E-04
      </IFC>
    </s_s1_m1_m2_m3.1.1.1.2.2>
    <s_s1_m1_m2_m3.1.1.2.2.2>
      <IFC>
  -3.100005511201889E-05  -3.794707603699266E-19  -2.764715539838036E-18
  -3.794707603699266E-19  -3.100005511201456E-05   1.897353801849633E-18
  -2.764715539838036E-18   1.897353801849633E-18  -3.100005511201022E-05
      </IFC>
    </s_s1_m1_m2_m3.1.1.2.2.2>
    <s_s1_m1_m2_m3.1.1.3.2.2>
      <IFC>
  -3.808842620636309E-04  -3.578238599759839E-04  -5.101789449281723E-04
  -4.777341572375646E-04  -2.989998272025516E-04   4.777341572375657E-04
  -5.101789449281723E-04   3.578238599759851E-04  -3.808842620636240E-04
      </IFC>
    </s_s1_m1_m2_m3.1.1.3.2.2>
    <s_s1_m1_m2_m3.1.1.4.2.2>
      <IFC>
  -4.021356159618957E-04  -5.746271514173174E-18  -1.897353801849633E-18
  -5.746271514173174E-18  -4.063313166646236E-04  -5.421010862427522E-20
  -1.897353801849633E-18  -5.421010862427522E-20  -4.021356159618905E-04
      </IFC>
    </s_s1_m1_m2_m3.1.1.4.2.2>
    <s_s1_m1_m2_m3.1.1.1.3.2>
      <IFC>
  -3.808842620636223E-04   5.101789449281754E-04  -3.578238599759831E-04
   5.101789449281754E-04  -3.808842620636223E-04  -3.578238599759801E-04
  -4.777341572375638E-04  -4.777341572375609E-04  -2.989998272025368E-04
      </IFC>
    </s_s1_m1_m2_m3.1.1.1.3.2>
    <s_s1_m1_m2_m3.1.1.2.3.2>
      <IFC>
  -2.989998272025368E-04  -4.777341572375621E-04  -4.777341572375631E-04
  -3.578238599759815E-04  -3.808842620636292E-04   5.101789449281778E-04
  -3.578238599759828E-04   5.101789449281778E-04  -3.808842620636266E-04
      </IFC>
    </s_s1_m1_m2_m3.1.1.2.3.2>
    <s_s1_m1_m2_m3.1.1.3.3.2>
      <IFC>
  -4.278649211476564E-04  -9.904897521808878E-05  -5.625341707225516E-05
  -9.904897521808873E-05  -4.278649211476504E-04   5.625341707225719E-05
   5.625341707225450E-05  -5.625341707225242E-05  -3.938031086314145E-04
      </IFC>
    </s_s1_m1_m2_m3.1.1.3.3.2>
    <s_s1_m1_m2_m3.1.1.4.3.2>
      <IFC>
  -3.938031086314093E-04  -5.625341707225231E-05   5.625341707225486E-05
   5.625341707225708E-05  -4.278649211476582E-04  -9.904897521808908E-05
  -5.625341707225464E-05  -9.904897521808908E-05  -4.278649211476590E-04
      </IFC>
    </s_s1_m1_m2_m3.1.1.4.3.2>
    <s_s1_m1_m2_m3.1.1.1.4.2>
      <IFC>
  -3.241259854930335E-03   1.769992678923001E-03  -3.915592023621649E-03
  -1.769992678922997E-03   1.014596360486676E-02  -1.769992678922999E-03
  -3.915592023621649E-03   1.769992678923000E-03  -3.241259854930333E-03
      </IFC>
    </s_s1_m1_m2_m3.1.1.1.4.2>
    <s_s1_m1_m2_m3.1.1.2.4.2>
      <IFC>
  -4.063313166646140E-04  -9.757819552369540E-19   5.421010862427522E-20
  -9.757819552369540E-19  -4.021356159618949E-04   1.463672932855431E-18
   5.421010862427522E-20   1.463672932855431E-18  -4.021356159618905E-04
      </IFC>
    </s_s1_m1_m2_m3.1.1.2.4.2>
    <s_s1_m1_m2_m3.1.1.3.4.2>
      <IFC>
  -4.278649211476564E-04   5.625341707225703E-05   9.904897521808699E-05
  -5.625341707225266E-05  -3.938031086314154E-04  -5.625341707225255E-05
   9.904897521808694E-05   5.625341707225713E-05  -4.278649211476564E-04
      </IFC>
    </s_s1_m1_m2_m3.1.1.3.4.2>
    <s_s1_m1_m2_m3.1.1.4.4.2>
      <IFC>
  -4.021356159618922E-04  -1.680513367352532E-18  -3.794707603699266E-19
  -1.680513367352532E-18  -4.021356159618983E-04   3.794707603699266E-19
  -3.794707603699266E-19   3.794707603699266E-19  -4.063313166646088E-04
      </IFC>
    </s_s1_m1_m2_m3.1.1.4.4.2>
    <s_s1_m1_m2_m3.1.1.1.1.3>
      <IFC>
  -3.384744192147515E-07   5.612354389740981E-04  -3.252606517456513E-18
   5.612354389740981E-04  -3.384744191869959E-07   4.987329993433320E-18
  -3.252606517456513E-18   4.987329993433320E-18   3.999348347214771E-03
      </IFC>
    </s_s1_m1_m2_m3.1.1.1.1.3>
    <s_s1_m1_m2_m3.1.1.2.1.3>
      <IFC>
  -3.808842620636283E-04   3.578238599759813E-04   5.101789449281739E-04
   4.777341572375616E-04  -2.989998272025429E-04   4.777341572375633E-04
   5.101789449281739E-04   3.578238599759825E-04  -3.808842620636266E-04
      </IFC>
    </s_s1_m1_m2_m3.1.1.2.1.3>
    <s_s1_m1_m2_m3.1.1.3.1.3>
      <IFC>
   3.999348347214755E-03  -4.499439015814843E-18  -1.951563910473908E-18
  -4.499439015814843E-18  -3.384744191826591E-07   5.612354389740815E-04
  -1.951563910473908E-18   5.612354389740815E-04  -3.384744191696487E-07
      </IFC>
    </s_s1_m1_m2_m3.1.1.3.1.3>
    <s_s1_m1_m2_m3.1.1.4.1.3>
      <IFC>
  -3.808842620636283E-04   4.777341572375616E-04   5.101789449281739E-04
   3.578238599759813E-04  -2.989998272025429E-04   3.578238599759825E-04
   5.101789449281739E-04   4.777341572375633E-04  -3.808842620636266E-04
      </IFC>
    </s_s1_m1_m2_m3.1.1.4.1.3>
    <s_s1_m1_m2_m3.1.1.1.2.3>
      <IFC>
  -2.989998272025351E-04   4.777341572375625E-04  -4.777341572375646E-04
   3.578238599759819E-04  -3.808842620636257E-04  -5.101789449281761E-04
  -3.578238599759837E-04  -5.101789449281761E-04  -3.808842620636257E-04
      </IFC>
    </s_s1_m1_m2_m3.1.1.1.2.3>
    <s_s1_m1_m2_m3.1.1.2.2.3>
      <IFC>
  -3.808842620636266E-04  -5.101789449281742E-04  -3.578238599759844E-04
  -5.101789449281742E-04  -3.808842620636240E-04   3.578238599759847E-04
  -4.777341572375647E-04   4.777341572375653E-04  -2.989998272025438E-04
      </IFC>
    </s_s1_m1_m2_m3.1.1.2.2.3>
    <s_s1_m1_m2_m3.1.1.3.2.3>
      <IFC>
  -3.938031086314058E-04   5.625341707225274E-05   5.625341707225301E-05
  -5.625341707225686E-05  -4.278649211476556E-04   9.904897521808916E-05
  -5.625341707225667E-05   9.904897521808911E-05  -4.278649211476599E-04
      </IFC>
    </s_s1_m1_m2_m3.1.1.3.2.3>
    <s_s1_m1_m2_m3.1.1.4.2.3>
      <IFC>
  -4.278649211476590E-04   9.904897521808859E-05  -5.625341707225437E-05
   9.904897521808859E-05  -4.278649211476564E-04  -5.625341707225643E-05
   5.625341707225502E-05   5.625341707225318E-05  -3.938031086314128E-04
      </IFC>
    </s_s1_m1_m2_m3.1.1.4.2.3>
    <s_s1_m1_m2_m3.1.1.1.3.3>
      <IFC>
  -3.384744191661793E-07  -1.409462824231156E-18  -5.612354389740834E-04
  -1.409462824231156E-18   3.999348347214750E-03   3.469446951953614E-18
  -5.612354389740834E-04   3.469446951953614E-18  -3.384744191627098E-07
      </IFC>
    </s_s1_m1_m2_m3.1.1.1.3.3>
    <s_s1_m1_m2_m3.1.1.2.3.3>
      <IFC>
  -4.278649211476573E-04  -5.625341707225697E-05  -9.904897521808637E-05
   5.625341707225242E-05  -3.938031086314154E-04  -5.625341707225345E-05
  -9.904897521808642E-05   5.625341707225600E-05  -4.278649211476521E-04
      </IFC>
    </s_s1_m1_m2_m3.1.1.2.3.3>
    <s_s1_m1_m2_m3.1.1.3.3.3>
      <IFC>
   1.064870408923162E-05   7.752045533271357E-18   5.637851296924623E-18
   7.752045533271357E-18   1.064870408922034E-05  -6.938893903907228E-18
   5.637851296924623E-18  -6.938893903907228E-18   1.064870408921600E-05
      </IFC>
    </s_s1_m1_m2_m3.1.1.3.3.3>
    <s_s1_m1_m2_m3.1.1.4.3.3>
      <IFC>
  -4.278649211476573E-04   5.625341707225242E-05  -9.904897521808642E-05
  -5.625341707225697E-05  -3.938031086314154E-04   5.625341707225600E-05
  -9.904897521808637E-05  -5.625341707225345E-05  -4.278649211476521E-04
      </IFC>
    </s_s1_m1_m2_m3.1.1.4.3.3>
    <s_s1_m1_m2_m3.1.1.1.4.3>
      <IFC>
  -2.989998272025351E-04   3.578238599759819E-04  -3.578238599759837E-04
   4.777341572375625E-04  -3.808842620636257E-04  -5.101789449281761E-04
  -4.777341572375646E-04  -5.101789449281761E-04  -3.808842620636257E-04
      </IFC>
    </s_s1_m1_m2_m3.1.1.1.4.3>
    <s_s1_m1_m2_m3.1.1.2.4.3>
      <IFC>
  -4.278649211476590E-04   9.904897521808859E-05   5.625341707225502E-05
   9.904897521808859E-05  -4.278649211476564E-04   5.625341707225318E-05
  -5.625341707225437E-05  -5.625341707225643E-05  -3.938031086314128E-04
      </IFC>
    </s_s1_m1_m2_m3.1.1.2.4.3>
    <s_s1_m1_m2_m3.1.1.3.4.3>
      <IFC>
  -3.938031086314058E-04  -5.625341707225686E-05  -5.625341707225667E-05
   5.625341707225274E-05  -4.278649211476556E-04   9.904897521808911E-05
   5.625341707225301E-05   9.904897521808916E-05  -4.278649211476599E-04
      </IFC>
    </s_s1_m1_m2_m3.1.1.3.4.3>
    <s_s1_m1_m2_m3.1.1.4.4.3>
      <IFC>
  -3.808842620636266E-04  -5.101789449281742E-04  -4.777341572375647E-04
  -5.101789449281742E-04  -3.808842620636240E-04   4.777341572375653E-04
  -3.578238599759844E-04   3.578238599759847E-04  -2.989998272025438E-04
      </IFC>
    </s_s1_m1_m2_m3.1.1.4.4.3>
    <s_s1_m1_m2_m3.1.1.1.1.4>
      <IFC>
  -3.241259854930331E-03   3.915592023621647E-03   1.769992678922999E-03
   3.915592023621647E-03  -3.241259854930331E-03  -1.769992678922997E-03
  -1.769992678922999E-03   1.769992678923002E-03   1.014596360486675E-02
      </IFC>
    </s_s1_m1_m2_m3.1.1.1.1.4>
    <s_s1_m1_m2_m3.1.1.2.1.4>
      <IFC>
   1.014596360486676E-02   1.769992678923001E-03  -1.769992678923000E-03
  -1.769992678922997E-03  -3.241259854930335E-03   3.915592023621645E-03
   1.769992678922998E-03   3.915592023621645E-03  -3.241259854930346E-03
      </IFC>
    </s_s1_m1_m2_m3.1.1.2.1.4>
    <s_s1_m1_m2_m3.1.1.3.1.4>
      <IFC>
  -3.808842620636240E-04   5.101789449281754E-04   4.777341572375640E-04
   5.101789449281754E-04  -3.808842620636214E-04   4.777341572375664E-04
   3.578238599759834E-04   3.578238599759859E-04  -2.989998272025368E-04
      </IFC>
    </s_s1_m1_m2_m3.1.1.3.1.4>
    <s_s1_m1_m2_m3.1.1.4.1.4>
      <IFC>
  -2.989998272025368E-04   3.578238599759854E-04   3.578238599759837E-04
   4.777341572375658E-04  -3.808842620636257E-04   5.101789449281767E-04
   4.777341572375644E-04   5.101789449281767E-04  -3.808842620636266E-04
      </IFC>
    </s_s1_m1_m2_m3.1.1.4.1.4>
    <s_s1_m1_m2_m3.1.1.1.2.4>
      <IFC>
  -3.241259854930335E-03  -1.769992678922997E-03  -3.915592023621649E-03
   1.769992678923001E-03   1.014596360486676E-02   1.769992678923000E-03
  -3.915592023621649E-03  -1.769992678922999E-03  -3.241259854930333E-03
      </IFC>
    </s_s1_m1_m2_m3.1.1.1.2.4>
    <s_s1_m1_m2_m3.1.1.2.2.4>
      <IFC>
  -4.021356159618922E-04  -1.680513367352532E-18  -3.794707603699266E-19
  -1.680513367352532E-18  -4.021356159618983E-04   3.794707603699266E-19
  -3.794707603699266E-19   3.794707603699266E-19  -4.063313166646088E-04
      </IFC>
    </s_s1_m1_m2_m3.1.1.2.2.4>
    <s_s1_m1_m2_m3.1.1.3.2.4>
      <IFC>
  -4.278649211476564E-04  -5.625341707225266E-05   9.904897521808694E-05
   5.625341707225703E-05  -3.938031086314154E-04   5.625341707225713E-05
   9.904897521808699E-05  -5.625341707225255E-05  -4.278649211476564E-04
      </IFC>
    </s_s1_m1_m2_m3.1.1.3.2.4>
    <s_s1_m1_m2_m3.1.1.4.2.4>
      <IFC>
  -4.063313166646140E-04  -9.757819552369540E-19   5.421010862427522E-20
  -9.757819552369540E-19  -4.021356159618949E-04   1.463672932855431E-18
   5.421010862427522E-20   1.463672932855431E-18  -4.021356159618905E-04
      </IFC>
    </s_s1_m1_m2_m3.1.1.4.2.4>
    <s_s1_m1_m2_m3.1.1.1.3.4>
      <IFC>
  -3.808842620636223E-04   5.101789449281754E-04  -4.777341572375638E-04
   5.101789449281754E-04  -3.808842620636223E-04  -4.777341572375609E-04
  -3.578238599759831E-04  -3.578238599759801E-04  -2.989998272025368E-04
      </IFC>
    </s_s1_m1_m2_m3.1.1.1.3.4>
    <s_s1_m1_m2_m3.1.1.2.3.4>
      <IFC>
  -3.938031086314093E-04   5.625341707225708E-05  -5.625341707225464E-05
  -5.625341707225231E-05  -4.278649211476582E-04  -9.904897521808908E-05
   5.625341707225486E-05  -9.904897521808908E-05  -4.278649211476590E-04
      </IFC>
    </s_s1_m1_m2_m3.1.1.2.3.4>
    <s_s1_m1_m2_m3.1.1.3.3.4>
      <IFC>
  -4.278649211476564E-04  -9.904897521808873E-05   5.625341707225450E-05
  -9.904897521808878E-05  -4.278649211476504E-04  -5.625341707225242E-05
  -5.625341707225516E-05   5.625341707225719E-05  -3.938031086314145E-04
      </IFC>
    </s_s1_m1_m2_m3.1.1.3.3.4>
    <s_s1_m1_m2_m3.1.1.4.3.4>
      <IFC>
  -2.989998272025368E-04  -3.578238599759815E-04  -3.578238599759828E-04
  -4.777341572375621E-04  -3.808842620636292E-04   5.101789449281778E-04
  -4.777341572375631E-04   5.101789449281778E-04  -3.808842620636266E-04
      </IFC>
    </s_s1_m1_m2_m3.1.1.4.3.4>
    <s_s1_m1_m2_m3.1.1.1.4.4>
      <IFC>
  -3.808842620636257E-04   4.777341572375637E-04  -5.101789449281733E-04
   3.578238599759830E-04  -2.989998272025351E-04  -3.578238599759824E-04
  -5.101789449281733E-04  -4.777341572375633E-04  -3.808842620636240E-04
      </IFC>
    </s_s1_m1_m2_m3.1.1.1.4.4>
    <s_s1_m1_m2_m3.1.1.2.4.4>
      <IFC>
  -4.021356159618957E-04  -5.746271514173174E-18  -1.897353801849633E-18
  -5.746271514173174E-18  -4.063313166646236E-04  -5.421010862427522E-20
  -1.897353801849633E-18  -5.421010862427522E-20  -4.021356159618905E-04
      </IFC>
    </s_s1_m1_m2_m3.1.1.2.4.4>
    <s_s1_m1_m2_m3.1.1.3.4.4>
      <IFC>
  -3.808842620636309E-04  -4.777341572375646E-04  -5.101789449281723E-04
  -3.578238599759839E-04  -2.989998272025516E-04   3.578238599759851E-04
  -5.101789449281723E-04   4.777341572375657E-04  -3.808842620636240E-04
      </IFC>
    </s_s1_m1_m2_m3.1.1.3.4.4>
    <s_s1_m1_m2_m3.1.1.4.4.4>
      <IFC>
  -3.100005511201889E-05  -3.794707603699266E-19  -2.764715539838036E-18
  -3.794707603699266E-19  -3.100005511201456E-05   1.897353801849633E-18
  -2.764715539838036E-18   1.897353801849633E-18  -3.100005511201022E-05
      </IFC>
    </s_s1_m1_m2_m3.1.1.4.4.4>
    <s_s1_m1_m2_m3.1.2.1.1.1>
      <IFC>
  -6.350789903418123E-02  -3.679923542629202E-02  -3.679923542629202E-02
  -3.679923542629202E-02  -6.350789903418123E-02  -3.679923542629202E-02
  -3.679923542629202E-02  -3.679923542629202E-02  -6.350789903418123E-02
      </IFC>
    </s_s1_m1_m2_m3.1.2.1.1.1>
    <s_s1_m1_m2_m3.1.2.2.1.1>
      <IFC>
   3.759092960626445E-04   7.737254718923954E-04  -7.737254718923939E-04
   7.737254718923940E-04   4.230272146556499E-04   4.709140049048490E-04
  -7.737254718923933E-04   4.709140049048501E-04   4.230272146556512E-04
      </IFC>
    </s_s1_m1_m2_m3.1.2.2.1.1>
    <s_s1_m1_m2_m3.1.2.3.1.1>
      <IFC>
   5.138360137745370E-05   3.269569942338111E-04  -3.641091044134608E-05
   3.269569942338085E-04  -3.122313531635739E-05   3.269569942338092E-04
  -3.641091044134624E-05   3.269569942338101E-04   5.138360137745066E-05
      </IFC>
    </s_s1_m1_m2_m3.1.2.3.1.1>
    <s_s1_m1_m2_m3.1.2.4.1.1>
      <IFC>
   4.230272146556549E-04   4.709140049048449E-04  -7.737254718923939E-04
   4.709140049048459E-04   4.230272146556525E-04   7.737254718923969E-04
  -7.737254718923941E-04   7.737254718923964E-04   3.759092960626496E-04
      </IFC>
    </s_s1_m1_m2_m3.1.2.4.1.1>
    <s_s1_m1_m2_m3.1.2.1.2.1>
      <IFC>
  -6.350789903418123E-02   3.679923542629202E-02   3.679923542629202E-02
   3.679923542629202E-02  -6.350789903418122E-02  -3.679923542629202E-02
   3.679923542629202E-02  -3.679923542629203E-02  -6.350789903418123E-02
      </IFC>
    </s_s1_m1_m2_m3.1.2.1.2.1>
    <s_s1_m1_m2_m3.1.2.2.2.1>
      <IFC>
  -4.130614236912201E-04  -1.031126212944916E-03   3.917649412895053E-04
  -1.031126212944914E-03  -4.030281997686323E-03   1.031126212944922E-03
   3.917649412895053E-04   1.031126212944920E-03  -4.130614236912233E-04
      </IFC>
    </s_s1_m1_m2_m3.1.2.2.2.1>
    <s_s1_m1_m2_m3.1.2.3.2.1>
      <IFC>
  -4.130614236912198E-04   1.031126212944917E-03   3.917649412895074E-04
   1.031126212944917E-03  -4.030281997686326E-03  -1.031126212944918E-03
   3.917649412895052E-04  -1.031126212944919E-03  -4.130614236912207E-04
      </IFC>
    </s_s1_m1_m2_m3.1.2.3.2.1>
    <s_s1_m1_m2_m3.1.2.4.2.1>
      <IFC>
  -6.350789903418123E-02  -3.679923542629202E-02   3.679923542629202E-02
  -3.679923542629202E-02  -6.350789903418123E-02   3.679923542629202E-02
   3.679923542629202E-02   3.679923542629202E-02  -6.350789903418123E-02
      </IFC>
    </s_s1_m1_m2_m3.1.2.4.2.1>
    <s_s1_m1_m2_m3.1.2.1.3.1>
      <IFC>
  -4.030281997686320E-03  -1.031126212944917E-03  -1.031126212944917E-03
  -1.031126212944919E-03  -4.130614236912220E-04  -3.917649412895101E-04
  -1.031126212944914E-03  -3.917649412895109E-04  -4.130614236912203E-04
      </IFC>
    </s_s1_m1_m2_m3.1.2.1.3.1>
    <s_s1_m1_m2_m3.1.2.2.3.1>
      <IFC>
   6.557251947657400E-04   8.149180326682260E-04  -8.149180326682279E-04
   8.149180326682252E-04   6.557251947657411E-04   8.149180326682317E-04
  -8.149180326682281E-04   8.149180326682311E-04   6.557251947657415E-04
      </IFC>
    </s_s1_m1_m2_m3.1.2.2.3.1>
    <s_s1_m1_m2_m3.1.2.3.3.1>
      <IFC>
  -4.130614236912209E-04  -3.917649412895024E-04  -1.031126212944915E-03
  -3.917649412895048E-04  -4.130614236912225E-04  -1.031126212944918E-03
  -1.031126212944917E-03  -1.031126212944918E-03  -4.030281997686321E-03
      </IFC>
    </s_s1_m1_m2_m3.1.2.3.3.1>
    <s_s1_m1_m2_m3.1.2.4.3.1>
      <IFC>
   4.230272146556544E-04   7.737254718923971E-04  -4.709140049048471E-04
   7.737254718923970E-04   3.759092960626503E-04   7.737254718923979E-04
  -4.709140049048479E-04   7.737254718923992E-04   4.230272146556506E-04
      </IFC>
    </s_s1_m1_m2_m3.1.2.4.3.1>
    <s_s1_m1_m2_m3.1.2.1.4.1>
      <IFC>
  -4.030281997686324E-03   1.031126212944917E-03   1.031126212944916E-03
   1.031126212944916E-03  -4.130614236912221E-04  -3.917649412895062E-04
   1.031126212944918E-03  -3.917649412895121E-04  -4.130614236912183E-04
      </IFC>
    </s_s1_m1_m2_m3.1.2.1.4.1>
    <s_s1_m1_m2_m3.1.2.2.4.1>
      <IFC>
  -4.130614236912259E-04  -3.917649412895029E-04   1.031126212944920E-03
  -3.917649412895029E-04  -4.130614236912220E-04   1.031126212944920E-03
   1.031126212944918E-03   1.031126212944919E-03  -4.030281997686325E-03
      </IFC>
    </s_s1_m1_m2_m3.1.2.2.4.1>
    <s_s1_m1_m2_m3.1.2.3.4.1>
      <IFC>
   5.138360137744974E-05   3.641091044135275E-05  -3.269569942338090E-04
   3.641091044135058E-05   5.138360137745001E-05   3.269569942338076E-04
  -3.269569942338093E-04   3.269569942338076E-04  -3.122313531635619E-05
      </IFC>
    </s_s1_m1_m2_m3.1.2.3.4.1>
    <s_s1_m1_m2_m3.1.2.4.4.1>
      <IFC>
  -3.122313531635744E-05   3.269569942338070E-04  -3.269569942338105E-04
   3.269569942338096E-04   5.138360137745251E-05   3.641091044135486E-05
  -3.269569942338105E-04   3.641091044135226E-05   5.138360137744991E-05
      </IFC>
    </s_s1_m1_m2_m3.1.2.4.4.1>
    <s_s1_m1_m2_m3.1.2.1.1.2>
      <IFC>
   3.759092960626460E-04  -7.737254718923957E-04   7.737254718923983E-04
  -7.737254718923983E-04   4.230272146556495E-04   4.709140049048493E-04
   7.737254718923987E-04   4.709140049048493E-04   4.230272146556451E-04
      </IFC>
    </s_s1_m1_m2_m3.1.2.1.1.2>
    <s_s1_m1_m2_m3.1.2.2.1.2>
      <IFC>
   3.337566848359557E-04  -1.252666305552046E-04  -1.252666305552029E-04
  -1.252666305552038E-04   3.644216045751153E-04   1.048036162409325E-04
  -1.252666305552037E-04   1.048036162409321E-04   3.644216045751171E-04
      </IFC>
    </s_s1_m1_m2_m3.1.2.2.1.2>
    <s_s1_m1_m2_m3.1.2.3.1.2>
      <IFC>
   3.644216045751185E-04   1.048036162409308E-04  -1.252666305552028E-04
   1.048036162409316E-04   3.644216045751115E-04  -1.252666305552057E-04
  -1.252666305552031E-04  -1.252666305552059E-04   3.337566848359542E-04
      </IFC>
    </s_s1_m1_m2_m3.1.2.3.1.2>
    <s_s1_m1_m2_m3.1.2.4.1.2>
      <IFC>
   4.230272146556505E-04   4.709140049048448E-04   7.737254718924020E-04
   4.709140049048461E-04   4.230272146556502E-04  -7.737254718923981E-04
   7.737254718924004E-04  -7.737254718923983E-04   3.759092960626495E-04
      </IFC>
    </s_s1_m1_m2_m3.1.2.4.1.2>
    <s_s1_m1_m2_m3.1.2.1.2.2>
      <IFC>
  -4.130614236912272E-04   3.917649412895075E-04  -1.031126212944919E-03
   3.917649412895075E-04  -4.130614236912203E-04   1.031126212944919E-03
  -1.031126212944919E-03   1.031126212944922E-03  -4.030281997686319E-03
      </IFC>
    </s_s1_m1_m2_m3.1.2.1.2.2>
    <s_s1_m1_m2_m3.1.2.2.2.2>
      <IFC>
   6.557251947657426E-04  -8.149180326682283E-04  -8.149180326682256E-04
  -8.149180326682275E-04   6.557251947657407E-04  -8.149180326682254E-04
  -8.149180326682268E-04  -8.149180326682251E-04   6.557251947657420E-04
      </IFC>
    </s_s1_m1_m2_m3.1.2.2.2.2>
    <s_s1_m1_m2_m3.1.2.3.2.2>
      <IFC>
  -4.030281997686323E-03   1.031126212944918E-03  -1.031126212944915E-03
   1.031126212944918E-03  -4.130614236912227E-04   3.917649412895006E-04
  -1.031126212944916E-03   3.917649412895020E-04  -4.130614236912240E-04
      </IFC>
    </s_s1_m1_m2_m3.1.2.3.2.2>
    <s_s1_m1_m2_m3.1.2.4.2.2>
      <IFC>
   4.230272146556502E-04  -7.737254718923994E-04  -4.709140049048485E-04
  -7.737254718923957E-04   3.759092960626520E-04  -7.737254718924003E-04
  -4.709140049048491E-04  -7.737254718923985E-04   4.230272146556448E-04
      </IFC>
    </s_s1_m1_m2_m3.1.2.4.2.2>
    <s_s1_m1_m2_m3.1.2.1.3.2>
      <IFC>
   6.557251947657441E-04  -8.149180326682292E-04   8.149180326682292E-04
  -8.149180326682292E-04   6.557251947657454E-04   8.149180326682314E-04
   8.149180326682305E-04   8.149180326682322E-04   6.557251947657463E-04
      </IFC>
    </s_s1_m1_m2_m3.1.2.1.3.2>
    <s_s1_m1_m2_m3.1.2.2.3.2>
      <IFC>
   6.557251947657480E-04   8.149180326682309E-04   8.149180326682329E-04
   8.149180326682303E-04   6.557251947657486E-04  -8.149180326682296E-04
   8.149180326682335E-04  -8.149180326682307E-04   6.557251947657489E-04
      </IFC>
    </s_s1_m1_m2_m3.1.2.2.3.2>
    <s_s1_m1_m2_m3.1.2.3.3.2>
      <IFC>
   3.644216045751206E-04   1.252666305552046E-04  -1.048036162409316E-04
   1.252666305552046E-04   3.337566848359555E-04  -1.252666305552065E-04
  -1.048036162409314E-04  -1.252666305552055E-04   3.644216045751150E-04
      </IFC>
    </s_s1_m1_m2_m3.1.2.3.3.2>
    <s_s1_m1_m2_m3.1.2.4.3.2>
      <IFC>
   3.644216045751158E-04  -1.252666305552014E-04  -1.048036162409333E-04
  -1.252666305552020E-04   3.337566848359551E-04   1.252666305552018E-04
  -1.048036162409316E-04   1.252666305552034E-04   3.644216045751136E-04
      </IFC>
    </s_s1_m1_m2_m3.1.2.4.3.2>
    <s_s1_m1_m2_m3.1.2.1.4.2>
      <IFC>
  -4.130614236912247E-04   1.031126212944918E-03  -3.917649412895056E-04
   1.031126212944918E-03  -4.030281997686321E-03   1.031126212944918E-03
  -3.917649412895027E-04   1.031126212944920E-03  -4.130614236912180E-04
      </IFC>
    </s_s1_m1_m2_m3.1.2.1.4.2>
    <s_s1_m1_m2_m3.1.2.2.4.2>
      <IFC>
   3.337566848359536E-04   1.252666305552028E-04   1.252666305552063E-04
   1.252666305552040E-04   3.644216045751155E-04   1.048036162409344E-04
   1.252666305552056E-04   1.048036162409345E-04   3.644216045751137E-04
      </IFC>
    </s_s1_m1_m2_m3.1.2.2.4.2>
    <s_s1_m1_m2_m3.1.2.3.4.2>
      <IFC>
   5.452571044392596E-04  -1.685964321618822E-04   1.685964321618875E-04
  -1.685964321618804E-04   5.452571044392586E-04  -1.685964321618850E-04
   1.685964321618863E-04  -1.685964321618846E-04   5.452571044392578E-04
      </IFC>
    </s_s1_m1_m2_m3.1.2.3.4.2>
    <s_s1_m1_m2_m3.1.2.4.4.2>
      <IFC>
   3.644216045751098E-04   1.048036162409344E-04   1.252666305552062E-04
   1.048036162409324E-04   3.644216045751159E-04   1.252666305552023E-04
   1.252666305552060E-04   1.252666305552043E-04   3.337566848359540E-04
      </IFC>
    </s_s1_m1_m2_m3.1.2.4.4.2>
    <s_s1_m1_m2_m3.1.2.1.1.3>
      <IFC>
   5.138360137744991E-05  -3.641091044134792E-05   3.269569942338096E-04
  -3.641091044134792E-05   5.138360137744991E-05   3.269569942338166E-04
   3.269569942338096E-04   3.269569942338166E-04  -3.122313531635224E-05
      </IFC>
    </s_s1_m1_m2_m3.1.2.1.1.3>
    <s_s1_m1_m2_m3.1.2.2.1.3>
      <IFC>
   3.644216045751175E-04  -1.252666305552047E-04   1.048036162409328E-04
  -1.252666305552057E-04   3.337566848359530E-04  -1.252666305552082E-04
   1.048036162409327E-04  -1.252666305552073E-04   3.644216045751129E-04
      </IFC>
    </s_s1_m1_m2_m3.1.2.2.1.3>
    <s_s1_m1_m2_m3.1.2.3.1.3>
      <IFC>
  -3.122313531635646E-05   3.269569942338108E-04   3.269569942338091E-04
   3.269569942338090E-04   5.138360137744942E-05  -3.641091044134835E-05
   3.269569942338097E-04  -3.641091044134841E-05   5.138360137745218E-05
      </IFC>
    </s_s1_m1_m2_m3.1.2.3.1.3>
    <s_s1_m1_m2_m3.1.2.4.1.3>
      <IFC>
   2.770498387937637E-04  -1.359135921952790E-04   1.359135921952784E-04
  -1.359135921952793E-04   2.770498387937626E-04  -1.359135921952832E-04
   1.359135921952787E-04  -1.359135921952830E-04   2.770498387937609E-04
      </IFC>
    </s_s1_m1_m2_m3.1.2.4.1.3>
    <s_s1_m1_m2_m3.1.2.1.2.3>
      <IFC>
  -4.130614236912272E-04   3.917649412895075E-04   1.031126212944915E-03
   3.917649412895075E-04  -4.130614236912203E-04  -1.031126212944912E-03
   1.031126212944919E-03  -1.031126212944915E-03  -4.030281997686319E-03
      </IFC>
    </s_s1_m1_m2_m3.1.2.1.2.3>
    <s_s1_m1_m2_m3.1.2.2.2.3>
      <IFC>
  -4.030281997686321E-03  -1.031126212944914E-03   1.031126212944918E-03
  -1.031126212944914E-03  -4.130614236912164E-04   3.917649412894994E-04
   1.031126212944918E-03   3.917649412894999E-04  -4.130614236912246E-04
      </IFC>
    </s_s1_m1_m2_m3.1.2.2.2.3>
    <s_s1_m1_m2_m3.1.2.3.2.3>
      <IFC>
  -3.122313531635467E-05  -3.269569942338093E-04  -3.269569942338107E-04
  -3.269569942338114E-04   5.138360137745034E-05  -3.641091044134760E-05
  -3.269569942338095E-04  -3.641091044134890E-05   5.138360137745126E-05
      </IFC>
    </s_s1_m1_m2_m3.1.2.3.2.3>
    <s_s1_m1_m2_m3.1.2.4.2.3>
      <IFC>
   5.138360137744991E-05  -3.641091044135139E-05  -3.269569942338096E-04
  -3.641091044135486E-05   5.138360137744991E-05  -3.269569942338166E-04
  -3.269569942338131E-04  -3.269569942338166E-04  -3.122313531635224E-05
      </IFC>
    </s_s1_m1_m2_m3.1.2.4.2.3>
    <s_s1_m1_m2_m3.1.2.1.3.3>
      <IFC>
  -4.130614236912159E-04  -1.031126212944915E-03  -3.917649412895057E-04
  -1.031126212944917E-03  -4.030281997686317E-03  -1.031126212944920E-03
  -3.917649412895022E-04  -1.031126212944917E-03  -4.130614236912203E-04
      </IFC>
    </s_s1_m1_m2_m3.1.2.1.3.3>
    <s_s1_m1_m2_m3.1.2.2.3.3>
      <IFC>
   3.644216045751172E-04  -1.048036162409350E-04   1.252666305552047E-04
  -1.048036162409353E-04   3.644216045751153E-04  -1.252666305552079E-04
   1.252666305552062E-04  -1.252666305552075E-04   3.337566848359502E-04
      </IFC>
    </s_s1_m1_m2_m3.1.2.2.3.3>
    <s_s1_m1_m2_m3.1.2.3.3.3>
      <IFC>
   5.452571044392599E-04   1.685964321618837E-04   1.685964321618853E-04
   1.685964321618818E-04   5.452571044392571E-04   1.685964321618855E-04
   1.685964321618846E-04   1.685964321618851E-04   5.452571044392578E-04
      </IFC>
    </s_s1_m1_m2_m3.1.2.3.3.3>
    <s_s1_m1_m2_m3.1.2.4.3.3>
      <IFC>
   3.337566848359525E-04  -1.252666305552028E-04   1.252666305552043E-04
  -1.252666305552034E-04   3.644216045751166E-04  -1.048036162409370E-04
   1.252666305552049E-04  -1.048036162409346E-04   3.644216045751122E-04
      </IFC>
    </s_s1_m1_m2_m3.1.2.4.3.3>
    <s_s1_m1_m2_m3.1.2.1.4.3>
      <IFC>
   5.138360137744991E-05  -3.269569942338080E-04   3.641091044135237E-05
  -3.269569942338087E-04  -3.122313531634714E-05   3.269569942338127E-04
   3.641091044135269E-05   3.269569942338084E-04   5.138360137745365E-05
      </IFC>
    </s_s1_m1_m2_m3.1.2.1.4.3>
    <s_s1_m1_m2_m3.1.2.2.4.3>
      <IFC>
   5.452571044392597E-04   1.685964321618842E-04  -1.685964321618818E-04
   1.685964321618846E-04   5.452571044392580E-04  -1.685964321618842E-04
  -1.685964321618831E-04  -1.685964321618859E-04   5.452571044392552E-04
      </IFC>
    </s_s1_m1_m2_m3.1.2.2.4.3>
    <s_s1_m1_m2_m3.1.2.3.4.3>
      <IFC>
   5.452571044392558E-04  -1.685964321618844E-04  -1.685964321618813E-04
  -1.685964321618833E-04   5.452571044392555E-04   1.685964321618895E-04
  -1.685964321618835E-04   1.685964321618880E-04   5.452571044392567E-04
      </IFC>
    </s_s1_m1_m2_m3.1.2.3.4.3>
    <s_s1_m1_m2_m3.1.2.4.4.3>
      <IFC>
   5.138360137745164E-05   3.269569942338088E-04   3.641091044135226E-05
   3.269569942338096E-04  -3.122313531634963E-05  -3.269569942338131E-04
   3.641091044135226E-05  -3.269569942338140E-04   5.138360137744991E-05
      </IFC>
    </s_s1_m1_m2_m3.1.2.4.4.3>
    <s_s1_m1_m2_m3.1.2.1.1.4>
      <IFC>
   4.230272146556551E-04  -7.737254718923965E-04   4.709140049048480E-04
  -7.737254718923974E-04   3.759092960626516E-04   7.737254718923970E-04
   4.709140049048476E-04   7.737254718923970E-04   4.230272146556486E-04
      </IFC>
    </s_s1_m1_m2_m3.1.2.1.1.4>
    <s_s1_m1_m2_m3.1.2.2.1.4>
      <IFC>
   4.230272146556511E-04   7.737254718923978E-04   4.709140049048474E-04
   7.737254718923967E-04   3.759092960626541E-04  -7.737254718923991E-04
   4.709140049048489E-04  -7.737254718923976E-04   4.230272146556511E-04
      </IFC>
    </s_s1_m1_m2_m3.1.2.2.1.4>
    <s_s1_m1_m2_m3.1.2.3.1.4>
      <IFC>
   2.770498387937629E-04   1.359135921952808E-04  -1.359135921952760E-04
   1.359135921952799E-04   2.770498387937646E-04  -1.359135921952814E-04
  -1.359135921952762E-04  -1.359135921952821E-04   2.770498387937642E-04
      </IFC>
    </s_s1_m1_m2_m3.1.2.3.1.4>
    <s_s1_m1_m2_m3.1.2.4.1.4>
      <IFC>
   2.770498387937686E-04  -1.359135921952753E-04  -1.359135921952782E-04
  -1.359135921952755E-04   2.770498387937662E-04   1.359135921952818E-04
  -1.359135921952773E-04   1.359135921952802E-04   2.770498387937664E-04
      </IFC>
    </s_s1_m1_m2_m3.1.2.4.1.4>
    <s_s1_m1_m2_m3.1.2.1.2.4>
      <IFC>
  -6.350789903418123E-02   3.679923542629202E-02  -3.679923542629202E-02
   3.679923542629202E-02  -6.350789903418122E-02   3.679923542629202E-02
  -3.679923542629202E-02   3.679923542629202E-02  -6.350789903418123E-02
      </IFC>
    </s_s1_m1_m2_m3.1.2.1.2.4>
    <s_s1_m1_m2_m3.1.2.2.2.4>
      <IFC>
   4.230272146556501E-04  -4.709140049048481E-04  -7.737254718923949E-04
  -4.709140049048484E-04   4.230272146556551E-04  -7.737254718923995E-04
  -7.737254718923954E-04  -7.737254718923981E-04   3.759092960626469E-04
      </IFC>
    </s_s1_m1_m2_m3.1.2.2.2.4>
    <s_s1_m1_m2_m3.1.2.3.2.4>
      <IFC>
   5.138360137745554E-05  -3.269569942338102E-04  -3.641091044135020E-05
  -3.269569942338097E-04  -3.122313531635218E-05  -3.269569942338110E-04
  -3.641091044134987E-05  -3.269569942338118E-04   5.138360137744915E-05
      </IFC>
    </s_s1_m1_m2_m3.1.2.3.2.4>
    <s_s1_m1_m2_m3.1.2.4.2.4>
      <IFC>
   3.759092960626509E-04  -7.737254718923998E-04  -7.737254718923944E-04
  -7.737254718923965E-04   4.230272146556560E-04  -4.709140049048494E-04
  -7.737254718923937E-04  -4.709140049048478E-04   4.230272146556489E-04
      </IFC>
    </s_s1_m1_m2_m3.1.2.4.2.4>
    <s_s1_m1_m2_m3.1.2.1.3.4>
      <IFC>
   4.230272146556542E-04  -4.709140049048498E-04   7.737254718924009E-04
  -4.709140049048498E-04   4.230272146556495E-04   7.737254718923987E-04
   7.737254718924030E-04   7.737254718923996E-04   3.759092960626560E-04
      </IFC>
    </s_s1_m1_m2_m3.1.2.1.3.4>
    <s_s1_m1_m2_m3.1.2.2.3.4>
      <IFC>
   3.644216045751147E-04  -1.048036162409372E-04  -1.252666305552006E-04
  -1.048036162409346E-04   3.644216045751134E-04   1.252666305552015E-04
  -1.252666305552020E-04   1.252666305552015E-04   3.337566848359542E-04
      </IFC>
    </s_s1_m1_m2_m3.1.2.2.3.4>
    <s_s1_m1_m2_m3.1.2.3.3.4>
      <IFC>
   3.337566848359520E-04   1.252666305552028E-04  -1.252666305551989E-04
   1.252666305552028E-04   3.644216045751111E-04  -1.048036162409349E-04
  -1.252666305551987E-04  -1.048036162409343E-04   3.644216045751172E-04
      </IFC>
    </s_s1_m1_m2_m3.1.2.3.3.4>
    <s_s1_m1_m2_m3.1.2.4.3.4>
      <IFC>
   3.759092960626506E-04   7.737254718923989E-04   7.737254718924015E-04
