<?xml version="1.0" encoding="UTF-8"?>
<Root>
  <GEOMETRY_INFO>
    <NUMBER_OF_TYPES>1</NUMBER_OF_TYPES>
    <NUMBER_OF_ATOMS>2</NUMBER_OF_ATOMS>
    <BRAVAIS_LATTICE_INDEX>2</BRAVAIS_LATTICE_INDEX>
    <SPIN_COMPONENTS>1</SPIN_COMPONENTS>
    <CELL_DIMENSIONS>
   1.010000000000000E+01   0.000000000000000E+00   0.000000000000000E+00
   0.000000000000000E+00   0.000000000000000E+00   0.000000000000000E+00
    </CELL_DIMENSIONS>
    <AT>
  -5.000000000000000E-01   0.000000000000000E+00   5.000000000000000E-01
   0.000000000000000E+00   5.000000000000000E-01   5.000000000000000E-01
  -5.000000000000000E-01   5.000000000000000E-01   0.000000000000000E+00
    </AT>
    <BG>
  -1.000000000000000E+00  -1.000000000000000E+00   1.000000000000000E+00
   1.000000000000000E+00   1.000000000000000E+00   1.000000000000000E+00
  -1.000000000000000E+00   1.000000000000000E+00  -1.000000000000000E+00
    </BG>
    <UNIT_CELL_VOLUME_AU>257.57524999999998</UNIT_CELL_VOLUME_AU>
    <TYPE_NAME.1>Si</TYPE_NAME.1>
    <MASS.1>28.085999999999999</MASS.1>
    <ATOM.1 SPECIES="Si" INDEX="1" TAU="0.0000000000000000 0.0000000000000000 0.0000000000000000"/>
    <ATOM.2 SPECIES="Si" INDEX="1" TAU="0.25000000000000000 0.25000000000000000 0.25000000000000000"/>
    <NUMBER_OF_Q>6</NUMBER_OF_Q>
  </GEOMETRY_INFO>
  <DIELECTRIC_PROPERTIES epsil="true" zstar="true" raman="false">
    <EPSILON>
   2.205047468822357E+01  -1.776356839400250E-15   1.421085471520200E-14
   1.776356839400250E-15   2.205047468822357E+01  -1.776356839400250E-15
   1.243449787580175E-14  -1.776356839400250E-15   2.205047468822357E+01
    </EPSILON>
    <ZSTAR>
      <Z_AT_.1>
   1.998401444325282E-15   0.000000000000000E+00   1.332267629550188E-15
   0.000000000000000E+00   1.998401444325282E-15  -8.881784197001252E-16
   0.000000000000000E+00  -6.661338147750940E-16   8.881784197001252E-16
      </Z_AT_.1>
      <Z_AT_.2>
  -1.998401444325282E-15   0.000000000000000E+00  -1.332267629550188E-15
   0.000000000000000E+00  -1.998401444325282E-15   8.881784197001252E-16
   0.000000000000000E+00   6.661338147750940E-16  -1.110223024625157E-15
      </Z_AT_.2>
    </ZSTAR>
  </DIELECTRIC_PROPERTIES>
  <INTERATOMIC_FORCE_CONSTANTS>
    <MESH_NQ1_NQ2_NQ3>
                 4                 4                 4
    </MESH_NQ1_NQ2_NQ3>
    <s_s1_m1_m2_m3.1.1.1.1.1>
      <IFC>
   2.939566478678486E-01  -9.757819552369540E-19  -7.860465750519907E-19
  -9.757819552369540E-19   2.939566478678486E-01  -1.992221491942114E-18
  -7.860465750519907E-19  -1.992221491942114E-18   2.939566478678486E-01
      </IFC>
    </s_s1_m1_m2_m3.1.1.1.1.1>
    <s_s1_m1_m2_m3.1.1.2.1.1>
      <IFC>
  -3.848884814427266E-03  -1.887670913979951E-03   4.620458911846448E-03
   1.887670913979947E-03   1.073719813049489E-02  -1.887670913979953E-03
   4.620458911846448E-03   1.887670913979944E-03  -3.848884814427266E-03
      </IFC>
    </s_s1_m1_m2_m3.1.1.2.1.1>
    <s_s1_m1_m2_m3.1.1.3.1.1>
      <IFC>
  -3.869661991222524E-05  -2.263272035063491E-18   4.942583345434731E-04
  -2.263272035063491E-18   4.111512754962231E-03  -1.084202172485504E-19
   4.942583345434731E-04  -1.084202172485504E-19  -3.869661991223565E-05
      </IFC>
    </s_s1_m1_m2_m3.1.1.3.1.1>
    <s_s1_m1_m2_m3.1.1.4.1.1>
      <IFC>
  -3.848884814427266E-03   1.887670913979947E-03   4.620458911846448E-03
  -1.887670913979951E-03   1.073719813049489E-02   1.887670913979944E-03
   4.620458911846448E-03  -1.887670913979953E-03  -3.848884814427266E-03
      </IFC>
    </s_s1_m1_m2_m3.1.1.4.1.1>
    <s_s1_m1_m2_m3.1.1.1.2.1>
      <IFC>
   1.073719813049490E-02   1.887670913979946E-03   1.887670913979952E-03
  -1.887670913979951E-03  -3.848884814427272E-03  -4.620458911846446E-03
  -1.887670913979945E-03  -4.620458911846446E-03  -3.848884814427279E-03
      </IFC>
    </s_s1_m1_m2_m3.1.1.1.2.1>
    <s_s1_m1_m2_m3.1.1.2.2.1>
      <IFC>
  -4.340632832112732E-04  -4.697506083101075E-04   3.497923787246424E-04
  -4.697506083101075E-04  -4.340632832112732E-04  -3.497923787246442E-04
   4.874785024146101E-04  -4.874785024146120E-04  -3.242633751686175E-04
      </IFC>
    </s_s1_m1_m2_m3.1.1.2.2.1>
    <s_s1_m1_m2_m3.1.1.3.2.1>
      <IFC>
  -3.242633751686218E-04  -4.874785024146088E-04   4.874785024146071E-04
  -3.497923787246409E-04  -4.340632832112792E-04  -4.697506083101070E-04
   3.497923787246390E-04  -4.697506083101071E-04  -4.340632832112810E-04
      </IFC>
    </s_s1_m1_m2_m3.1.1.3.2.1>
    <s_s1_m1_m2_m3.1.1.4.2.1>
      <IFC>
  -3.848884814427263E-03  -4.620458911846443E-03  -1.887670913979949E-03
  -4.620458911846443E-03  -3.848884814427263E-03  -1.887670913979948E-03
   1.887670913979949E-03   1.887670913979949E-03   1.073719813049489E-02
      </IFC>
    </s_s1_m1_m2_m3.1.1.4.2.1>
    <s_s1_m1_m2_m3.1.1.1.3.1>
      <IFC>
   4.111512754962222E-03  -6.925341376751160E-18  -3.848917712323541E-18
  -6.925341376751160E-18  -3.869661991223738E-05  -4.942583345434784E-04
  -3.848917712323541E-18  -4.942583345434784E-04  -3.869661991225126E-05
      </IFC>
    </s_s1_m1_m2_m3.1.1.1.3.1>
    <s_s1_m1_m2_m3.1.1.2.3.1>
      <IFC>
  -4.340632832112766E-04  -3.497923787246399E-04   4.697506083101060E-04
  -4.874785024146076E-04  -3.242633751686140E-04  -4.874785024146105E-04
   4.697506083101059E-04  -3.497923787246424E-04  -4.340632832112801E-04
      </IFC>
    </s_s1_m1_m2_m3.1.1.2.3.1>
    <s_s1_m1_m2_m3.1.1.3.3.1>
      <IFC>
  -3.869661991222524E-05  -4.942583345434717E-04  -5.014435047745458E-18
  -4.942583345434717E-04  -3.869661991222524E-05  -3.659182332138577E-19
  -5.014435047745458E-18  -3.659182332138577E-19   4.111512754962217E-03
      </IFC>
    </s_s1_m1_m2_m3.1.1.3.3.1>
    <s_s1_m1_m2_m3.1.1.4.3.1>
      <IFC>
  -4.340632832112766E-04  -4.874785024146076E-04   4.697506083101059E-04
  -3.497923787246399E-04  -3.242633751686140E-04  -3.497923787246424E-04
   4.697506083101060E-04  -4.874785024146105E-04  -4.340632832112801E-04
      </IFC>
    </s_s1_m1_m2_m3.1.1.4.3.1>
    <s_s1_m1_m2_m3.1.1.1.4.1>
      <IFC>
   1.073719813049490E-02  -1.887670913979951E-03  -1.887670913979945E-03
   1.887670913979946E-03  -3.848884814427272E-03  -4.620458911846446E-03
   1.887670913979952E-03  -4.620458911846446E-03  -3.848884814427279E-03
      </IFC>
    </s_s1_m1_m2_m3.1.1.1.4.1>
    <s_s1_m1_m2_m3.1.1.2.4.1>
      <IFC>
  -3.848884814427263E-03  -4.620458911846443E-03   1.887670913979949E-03
  -4.620458911846443E-03  -3.848884814427263E-03   1.887670913979949E-03
  -1.887670913979949E-03  -1.887670913979948E-03   1.073719813049489E-02
      </IFC>
    </s_s1_m1_m2_m3.1.1.2.4.1>
    <s_s1_m1_m2_m3.1.1.3.4.1>
      <IFC>
  -3.242633751686218E-04  -3.497923787246409E-04   3.497923787246390E-04
  -4.874785024146088E-04  -4.340632832112792E-04  -4.697506083101071E-04
   4.874785024146071E-04  -4.697506083101070E-04  -4.340632832112810E-04
      </IFC>
    </s_s1_m1_m2_m3.1.1.3.4.1>
    <s_s1_m1_m2_m3.1.1.4.4.1>
      <IFC>
  -4.340632832112732E-04  -4.697506083101075E-04   4.874785024146101E-04
  -4.697506083101075E-04  -4.340632832112732E-04  -4.874785024146120E-04
   3.497923787246424E-04  -3.497923787246442E-04  -3.242633751686175E-04
      </IFC>
    </s_s1_m1_m2_m3.1.1.4.4.1>
    <s_s1_m1_m2_m3.1.1.1.1.2>
      <IFC>
  -3.848884814427286E-03   4.620458911846446E-03  -1.887670913979944E-03
   4.620458911846446E-03  -3.848884814427272E-03   1.887670913979948E-03
   1.887670913979953E-03  -1.887670913979949E-03   1.073719813049490E-02
      </IFC>
    </s_s1_m1_m2_m3.1.1.1.1.2>
    <s_s1_m1_m2_m3.1.1.2.1.2>
      <IFC>
  -3.242633751686192E-04   4.874785024146089E-04   4.874785024146090E-04
   3.497923787246408E-04  -4.340632832112784E-04   4.697506083101090E-04
   3.497923787246411E-04   4.697506083101094E-04  -4.340632832112749E-04
      </IFC>
    </s_s1_m1_m2_m3.1.1.2.1.2>
    <s_s1_m1_m2_m3.1.1.3.1.2>
      <IFC>
  -4.340632832112792E-04   4.697506083101056E-04   3.497923787246414E-04
   4.697506083101056E-04  -4.340632832112810E-04   3.497923787246363E-04
   4.874785024146094E-04   4.874785024146041E-04  -3.242633751686132E-04
      </IFC>
    </s_s1_m1_m2_m3.1.1.3.1.2>
    <s_s1_m1_m2_m3.1.1.4.1.2>
      <IFC>
   1.073719813049489E-02  -1.887670913979949E-03   1.887670913979946E-03
   1.887670913979948E-03  -3.848884814427272E-03   4.620458911846449E-03
  -1.887670913979950E-03   4.620458911846448E-03  -3.848884814427272E-03
      </IFC>
    </s_s1_m1_m2_m3.1.1.4.1.2>
    <s_s1_m1_m2_m3.1.1.1.2.2>
      <IFC>
  -4.340632832112688E-04   3.497923787246407E-04  -4.697506083101077E-04
   4.874785024146087E-04  -3.242633751686132E-04  -4.874785024146105E-04
  -4.697506083101077E-04  -3.497923787246424E-04  -4.340632832112723E-04
      </IFC>
    </s_s1_m1_m2_m3.1.1.1.2.2>
    <s_s1_m1_m2_m3.1.1.2.2.2>
      <IFC>
  -2.858699342537293E-05  -2.168404344971009E-18  -2.114194236346734E-18
  -2.168404344971009E-18  -2.858699342537293E-05   3.035766082959412E-18
  -2.005774019098183E-18   2.981555974335137E-18  -2.858699342539028E-05
      </IFC>
    </s_s1_m1_m2_m3.1.1.2.2.2>
    <s_s1_m1_m2_m3.1.1.3.2.2>
      <IFC>
  -4.340632832112758E-04  -3.497923787246398E-04  -4.697506083101117E-04
  -4.874785024146078E-04  -3.242633751686132E-04   4.874785024146083E-04
  -4.697506083101117E-04   3.497923787246404E-04  -4.340632832112758E-04
      </IFC>
    </s_s1_m1_m2_m3.1.1.3.2.2>
    <s_s1_m1_m2_m3.1.1.4.2.2>
      <IFC>
  -4.092481637515471E-04  -4.336808689942018E-19  -3.848917712323541E-18
  -4.336808689942018E-19  -4.061341772247260E-04   3.306816626080789E-18
  -3.848917712323541E-18   3.523657060577889E-18  -4.092481637515506E-04
      </IFC>
    </s_s1_m1_m2_m3.1.1.4.2.2>
    <s_s1_m1_m2_m3.1.1.1.3.2>
      <IFC>
  -4.340632832112792E-04   4.697506083101036E-04  -3.497923787246361E-04
   4.697506083101036E-04  -4.340632832112723E-04  -3.497923787246422E-04
  -4.874785024146038E-04  -4.874785024146103E-04  -3.242633751686097E-04
      </IFC>
    </s_s1_m1_m2_m3.1.1.1.3.2>
    <s_s1_m1_m2_m3.1.1.2.3.2>
      <IFC>
  -3.242633751686192E-04  -4.874785024146087E-04  -4.874785024146116E-04
  -3.497923787246410E-04  -4.340632832112784E-04   4.697506083101119E-04
  -3.497923787246434E-04   4.697506083101120E-04  -4.340632832112749E-04
      </IFC>
    </s_s1_m1_m2_m3.1.1.2.3.2>
    <s_s1_m1_m2_m3.1.1.3.3.2>
      <IFC>
  -5.012374868748580E-04  -1.005580315284811E-04  -8.293697613539083E-05
  -1.005580315284810E-04  -5.012374868748597E-04   8.293697613539222E-05
   8.293697613539424E-05  -8.293697613539309E-05  -3.882864160481801E-04
      </IFC>
    </s_s1_m1_m2_m3.1.1.3.3.2>
    <s_s1_m1_m2_m3.1.1.4.3.2>
      <IFC>
  -3.882864160481758E-04  -8.293697613538986E-05   8.293697613539480E-05
   8.293697613539577E-05  -5.012374868748606E-04  -1.005580315284827E-04
  -8.293697613539049E-05  -1.005580315284828E-04  -5.012374868748606E-04
      </IFC>
    </s_s1_m1_m2_m3.1.1.4.3.2>
    <s_s1_m1_m2_m3.1.1.1.4.2>
      <IFC>
  -3.848884814427269E-03   1.887670913979945E-03  -4.620458911846446E-03
  -1.887670913979952E-03   1.073719813049490E-02  -1.887670913979949E-03
  -4.620458911846446E-03   1.887670913979949E-03  -3.848884814427266E-03
      </IFC>
    </s_s1_m1_m2_m3.1.1.1.4.2>
    <s_s1_m1_m2_m3.1.1.2.4.2>
      <IFC>
  -4.061341772247226E-04   2.168404344971009E-18   1.626303258728257E-19
   2.168404344971009E-18  -4.092481637515437E-04   7.968885967768458E-18
  -5.421010862427522E-20   7.535205098774256E-18  -4.092481637515471E-04
      </IFC>
    </s_s1_m1_m2_m3.1.1.2.4.2>
    <s_s1_m1_m2_m3.1.1.3.4.2>
      <IFC>
  -5.012374868748545E-04   8.293697613539483E-05   1.005580315284833E-04
  -8.293697613539062E-05  -3.882864160481732E-04  -8.293697613539732E-05
   1.005580315284835E-04   8.293697613538810E-05  -5.012374868748511E-04
      </IFC>
    </s_s1_m1_m2_m3.1.1.3.4.2>
    <s_s1_m1_m2_m3.1.1.4.4.2>
      <IFC>
  -4.092481637515471E-04  -3.903127820947816E-18  -5.963111948670274E-19
  -3.903127820947816E-18  -4.092481637515471E-04   1.138412281109780E-18
  -9.215718466126788E-19   1.409462824231156E-18  -4.061341772247226E-04
      </IFC>
    </s_s1_m1_m2_m3.1.1.4.4.2>
    <s_s1_m1_m2_m3.1.1.1.1.3>
      <IFC>
  -3.869661991223738E-05   4.942583345434755E-04  -3.930232875259954E-18
   4.942583345434755E-04  -3.869661991226514E-05   1.992221491942114E-18
  -3.930232875259954E-18   1.992221491942114E-18   4.111512754962215E-03
      </IFC>
    </s_s1_m1_m2_m3.1.1.1.1.3>
    <s_s1_m1_m2_m3.1.1.2.1.3>
      <IFC>
  -4.340632832112766E-04   3.497923787246405E-04   4.697506083101047E-04
   4.874785024146087E-04  -3.242633751686140E-04   4.874785024146038E-04
   4.697506083101047E-04   3.497923787246361E-04  -4.340632832112732E-04
      </IFC>
    </s_s1_m1_m2_m3.1.1.2.1.3>
    <s_s1_m1_m2_m3.1.1.3.1.3>
      <IFC>
   4.111512754962224E-03  -1.856696220381426E-18  -6.830473686658678E-18
  -1.856696220381426E-18  -3.869661991222871E-05   4.942583345434673E-04
  -6.830473686658678E-18   4.942583345434673E-04  -3.869661991222524E-05
      </IFC>
    </s_s1_m1_m2_m3.1.1.3.1.3>
    <s_s1_m1_m2_m3.1.1.4.1.3>
      <IFC>
  -4.340632832112766E-04   4.874785024146087E-04   4.697506083101047E-04
   3.497923787246405E-04  -3.242633751686140E-04   3.497923787246361E-04
   4.697506083101047E-04   4.874785024146038E-04  -4.340632832112732E-04
      </IFC>
    </s_s1_m1_m2_m3.1.1.4.1.3>
    <s_s1_m1_m2_m3.1.1.1.2.3>
      <IFC>
  -3.242633751686201E-04   4.874785024146053E-04  -4.874785024146071E-04
   3.497923787246374E-04  -4.340632832112723E-04  -4.697506083101068E-04
  -3.497923787246394E-04  -4.697506083101068E-04  -4.340632832112723E-04
      </IFC>
    </s_s1_m1_m2_m3.1.1.1.2.3>
    <s_s1_m1_m2_m3.1.1.2.2.3>
      <IFC>
  -4.340632832112732E-04  -4.697506083101070E-04  -3.497923787246415E-04
  -4.697506083101070E-04  -4.340632832112732E-04   3.497923787246371E-04
  -4.874785024146095E-04   4.874785024146051E-04  -3.242633751686106E-04
      </IFC>
    </s_s1_m1_m2_m3.1.1.2.2.3>
    <s_s1_m1_m2_m3.1.1.3.2.3>
      <IFC>
  -3.882864160481749E-04   8.293697613539417E-05   8.293697613539184E-05
  -8.293697613539125E-05  -5.012374868748615E-04   1.005580315284822E-04
  -8.293697613539325E-05   1.005580315284823E-04  -5.012374868748528E-04
      </IFC>
    </s_s1_m1_m2_m3.1.1.3.2.3>
    <s_s1_m1_m2_m3.1.1.4.2.3>
      <IFC>
  -5.012374868748519E-04   1.005580315284887E-04  -8.293697613539108E-05
   1.005580315284887E-04  -5.012374868748519E-04  -8.293697613539499E-05
   8.293697613539412E-05   8.293697613539022E-05  -3.882864160481741E-04
      </IFC>
    </s_s1_m1_m2_m3.1.1.4.2.3>
    <s_s1_m1_m2_m3.1.1.1.3.3>
      <IFC>
  -3.869661991223045E-05  -1.314595134138674E-18  -4.942583345434758E-04
  -1.314595134138674E-18   4.111512754962215E-03  -2.602085213965211E-18
  -4.942583345434758E-04  -2.602085213965211E-18  -3.869661991222351E-05
      </IFC>
    </s_s1_m1_m2_m3.1.1.1.3.3>
    <s_s1_m1_m2_m3.1.1.2.3.3>
      <IFC>
  -5.012374868748554E-04  -8.293697613539268E-05  -1.005580315284840E-04
   8.293697613539295E-05  -3.882864160481741E-04  -8.293697613539710E-05
  -1.005580315284840E-04   8.293697613538805E-05  -5.012374868748485E-04
      </IFC>
    </s_s1_m1_m2_m3.1.1.2.3.3>
    <s_s1_m1_m2_m3.1.1.3.3.3>
      <IFC>
   1.803340590432485E-04   1.301042606982605E-18  -5.448115916739660E-18
   1.301042606982605E-18   1.803340590432519E-04   3.659182332138577E-19
  -5.448115916739660E-18   3.659182332138577E-19   1.803340590432728E-04
      </IFC>
    </s_s1_m1_m2_m3.1.1.3.3.3>
    <s_s1_m1_m2_m3.1.1.4.3.3>
      <IFC>
  -5.012374868748554E-04   8.293697613539295E-05  -1.005580315284840E-04
  -8.293697613539268E-05  -3.882864160481741E-04   8.293697613538805E-05
  -1.005580315284840E-04  -8.293697613539710E-05  -5.012374868748485E-04
      </IFC>
    </s_s1_m1_m2_m3.1.1.4.3.3>
    <s_s1_m1_m2_m3.1.1.1.4.3>
      <IFC>
  -3.242633751686201E-04   3.497923787246374E-04  -3.497923787246394E-04
   4.874785024146053E-04  -4.340632832112723E-04  -4.697506083101068E-04
  -4.874785024146071E-04  -4.697506083101068E-04  -4.340632832112723E-04
      </IFC>
    </s_s1_m1_m2_m3.1.1.1.4.3>
    <s_s1_m1_m2_m3.1.1.2.4.3>
      <IFC>
  -5.012374868748519E-04   1.005580315284887E-04   8.293697613539412E-05
   1.005580315284887E-04  -5.012374868748519E-04   8.293697613539022E-05
  -8.293697613539108E-05  -8.293697613539499E-05  -3.882864160481741E-04
      </IFC>
    </s_s1_m1_m2_m3.1.1.2.4.3>
    <s_s1_m1_m2_m3.1.1.3.4.3>
      <IFC>
  -3.882864160481749E-04  -8.293697613539125E-05  -8.293697613539325E-05
   8.293697613539417E-05  -5.012374868748615E-04   1.005580315284823E-04
   8.293697613539184E-05   1.005580315284822E-04  -5.012374868748528E-04
      </IFC>
    </s_s1_m1_m2_m3.1.1.3.4.3>
    <s_s1_m1_m2_m3.1.1.4.4.3>
      <IFC>
  -4.340632832112732E-04  -4.697506083101070E-04  -4.874785024146095E-04
  -4.697506083101070E-04  -4.340632832112732E-04   4.874785024146051E-04
  -3.497923787246415E-04   3.497923787246371E-04  -3.242633751686106E-04
      </IFC>
    </s_s1_m1_m2_m3.1.1.4.4.3>
    <s_s1_m1_m2_m3.1.1.1.1.4>
      <IFC>
  -3.848884814427286E-03   4.620458911846446E-03   1.887670913979953E-03
   4.620458911846446E-03  -3.848884814427272E-03  -1.887670913979949E-03
  -1.887670913979944E-03   1.887670913979948E-03   1.073719813049490E-02
      </IFC>
    </s_s1_m1_m2_m3.1.1.1.1.4>
    <s_s1_m1_m2_m3.1.1.2.1.4>
      <IFC>
   1.073719813049489E-02   1.887670913979948E-03  -1.887670913979950E-03
  -1.887670913979949E-03  -3.848884814427272E-03   4.620458911846448E-03
   1.887670913979946E-03   4.620458911846449E-03  -3.848884814427272E-03
      </IFC>
    </s_s1_m1_m2_m3.1.1.2.1.4>
    <s_s1_m1_m2_m3.1.1.3.1.4>
      <IFC>
  -4.340632832112792E-04   4.697506083101056E-04   4.874785024146094E-04
   4.697506083101056E-04  -4.340632832112810E-04   4.874785024146041E-04
   3.497923787246414E-04   3.497923787246363E-04  -3.242633751686132E-04
      </IFC>
    </s_s1_m1_m2_m3.1.1.3.1.4>
    <s_s1_m1_m2_m3.1.1.4.1.4>
      <IFC>
  -3.242633751686192E-04   3.497923787246408E-04   3.497923787246411E-04
   4.874785024146089E-04  -4.340632832112784E-04   4.697506083101094E-04
   4.874785024146090E-04   4.697506083101090E-04  -4.340632832112749E-04
      </IFC>
    </s_s1_m1_m2_m3.1.1.4.1.4>
    <s_s1_m1_m2_m3.1.1.1.2.4>
      <IFC>
  -3.848884814427269E-03  -1.887670913979952E-03  -4.620458911846446E-03
   1.887670913979945E-03   1.073719813049490E-02   1.887670913979949E-03
  -4.620458911846446E-03  -1.887670913979949E-03  -3.848884814427266E-03
      </IFC>
    </s_s1_m1_m2_m3.1.1.1.2.4>
    <s_s1_m1_m2_m3.1.1.2.2.4>
      <IFC>
  -4.092481637515471E-04  -3.903127820947816E-18  -9.215718466126788E-19
  -3.903127820947816E-18  -4.092481637515471E-04   1.409462824231156E-18
  -5.963111948670274E-19   1.138412281109780E-18  -4.061341772247226E-04
      </IFC>
    </s_s1_m1_m2_m3.1.1.2.2.4>
    <s_s1_m1_m2_m3.1.1.3.2.4>
      <IFC>
  -5.012374868748545E-04  -8.293697613539062E-05   1.005580315284835E-04
   8.293697613539483E-05  -3.882864160481732E-04   8.293697613538810E-05
   1.005580315284833E-04  -8.293697613539732E-05  -5.012374868748511E-04
      </IFC>
    </s_s1_m1_m2_m3.1.1.3.2.4>
    <s_s1_m1_m2_m3.1.1.4.2.4>
      <IFC>
  -4.061341772247226E-04   2.168404344971009E-18  -5.421010862427522E-20
   2.168404344971009E-18  -4.092481637515437E-04   7.535205098774256E-18
   1.626303258728257E-19   7.968885967768458E-18  -4.092481637515471E-04
      </IFC>
    </s_s1_m1_m2_m3.1.1.4.2.4>
    <s_s1_m1_m2_m3.1.1.1.3.4>
      <IFC>
  -4.340632832112792E-04   4.697506083101036E-04  -4.874785024146038E-04
   4.697506083101036E-04  -4.340632832112723E-04  -4.874785024146103E-04
  -3.497923787246361E-04  -3.497923787246422E-04  -3.242633751686097E-04
      </IFC>
    </s_s1_m1_m2_m3.1.1.1.3.4>
    <s_s1_m1_m2_m3.1.1.2.3.4>
      <IFC>
  -3.882864160481758E-04   8.293697613539577E-05  -8.293697613539049E-05
  -8.293697613538986E-05  -5.012374868748606E-04  -1.005580315284828E-04
   8.293697613539480E-05  -1.005580315284827E-04  -5.012374868748606E-04
      </IFC>
    </s_s1_m1_m2_m3.1.1.2.3.4>
    <s_s1_m1_m2_m3.1.1.3.3.4>
      <IFC>
  -5.012374868748580E-04  -1.005580315284810E-04   8.293697613539424E-05
  -1.005580315284811E-04  -5.012374868748597E-04  -8.293697613539309E-05
  -8.293697613539083E-05   8.293697613539222E-05  -3.882864160481801E-04
      </IFC>
    </s_s1_m1_m2_m3.1.1.3.3.4>
    <s_s1_m1_m2_m3.1.1.4.3.4>
      <IFC>
  -3.242633751686192E-04  -3.497923787246410E-04  -3.497923787246434E-04
  -4.874785024146087E-04  -4.340632832112784E-04   4.697506083101120E-04
  -4.874785024146116E-04   4.697506083101119E-04  -4.340632832112749E-04
      </IFC>
    </s_s1_m1_m2_m3.1.1.4.3.4>
    <s_s1_m1_m2_m3.1.1.1.4.4>
      <IFC>
  -4.340632832112688E-04   4.874785024146087E-04  -4.697506083101077E-04
   3.497923787246407E-04  -3.242633751686132E-04  -3.497923787246424E-04
  -4.697506083101077E-04  -4.874785024146105E-04  -4.340632832112723E-04
      </IFC>
    </s_s1_m1_m2_m3.1.1.1.4.4>
    <s_s1_m1_m2_m3.1.1.2.4.4>
      <IFC>
  -4.092481637515471E-04  -4.336808689942018E-19  -3.848917712323541E-18
  -4.336808689942018E-19  -4.061341772247260E-04   3.523657060577889E-18
  -3.848917712323541E-18   3.306816626080789E-18  -4.092481637515506E-04
      </IFC>
    </s_s1_m1_m2_m3.1.1.2.4.4>
    <s_s1_m1_m2_m3.1.1.3.4.4>
      <IFC>
  -4.340632832112758E-04  -4.874785024146078E-04  -4.697506083101117E-04
  -3.497923787246398E-04  -3.242633751686132E-04   3.497923787246404E-04
  -4.697506083101117E-04   4.874785024146083E-04  -4.340632832112758E-04
      </IFC>
    </s_s1_m1_m2_m3.1.1.3.4.4>
    <s_s1_m1_m2_m3.1.1.4.4.4>
      <IFC>
  -2.858699342537293E-05  -2.168404344971009E-18  -2.005774019098183E-18
  -2.168404344971009E-18  -2.858699342537293E-05   2.981555974335137E-18
  -2.114194236346734E-18   3.035766082959412E-18  -2.858699342539028E-05
      </IFC>
    </s_s1_m1_m2_m3.1.1.4.4.4>
    <s_s1_m1_m2_m3.1.2.1.1.1>
      <IFC>
  -7.316800800492404E-02  -4.919034555638326E-02  -4.919034555638326E-02
  -4.919034555638326E-02  -7.316800800492404E-02  -4.919034555638326E-02
  -4.919034555638326E-02  -4.919034555638326E-02  -7.316800800492404E-02
      </IFC>
    </s_s1_m1_m2_m3.1.2.1.1.1>
    <s_s1_m1_m2_m3.1.2.2.1.1>
      <IFC>
   3.802587885028699E-04   9.034634765148820E-04  -9.034634765148820E-04
   9.034634765148808E-04   5.020112676118048E-04   3.294734541386692E-04
  -9.034634765148809E-04   3.294734541386689E-04   5.020112676117979E-04
      </IFC>
    </s_s1_m1_m2_m3.1.2.2.1.1>
    <s_s1_m1_m2_m3.1.2.3.1.1>
      <IFC>
   1.059059010004889E-05   3.753316741909468E-04   4.078952327059754E-05
   3.753316741909458E-04  -6.390737528439491E-05   3.753316741909478E-04
   4.078952327059917E-05   3.753316741909486E-04   1.059059010004499E-05
      </IFC>
    </s_s1_m1_m2_m3.1.2.3.1.1>
    <s_s1_m1_m2_m3.1.2.4.1.1>
      <IFC>
   5.020112676118052E-04   3.294734541386650E-04  -9.034634765148811E-04
   3.294734541386643E-04   5.020112676118053E-04   9.034634765148837E-04
  -9.034634765148820E-04   9.034634765148856E-04   3.802587885028725E-04
      </IFC>
    </s_s1_m1_m2_m3.1.2.4.1.1>
    <s_s1_m1_m2_m3.1.2.1.2.1>
      <IFC>
  -7.316800800492404E-02   4.919034555638326E-02   4.919034555638326E-02
   4.919034555638326E-02  -7.316800800492404E-02  -4.919034555638326E-02
   4.919034555638326E-02  -4.919034555638327E-02  -7.316800800492404E-02
      </IFC>
    </s_s1_m1_m2_m3.1.2.1.2.1>
    <s_s1_m1_m2_m3.1.2.2.2.1>
      <IFC>
  -5.072841287100211E-04  -1.223705512582106E-03   7.127108070805110E-04
  -1.223705512582106E-03  -4.021887748958872E-03   1.223705512582110E-03
   7.127108070805127E-04   1.223705512582111E-03  -5.072841287100211E-04
      </IFC>
    </s_s1_m1_m2_m3.1.2.2.2.1>
    <s_s1_m1_m2_m3.1.2.3.2.1>
      <IFC>
  -5.072841287100248E-04   1.223705512582105E-03   7.127108070805116E-04
   1.223705512582106E-03  -4.021887748958878E-03  -1.223705512582106E-03
   7.127108070805117E-04  -1.223705512582106E-03  -5.072841287100292E-04
      </IFC>
    </s_s1_m1_m2_m3.1.2.3.2.1>
    <s_s1_m1_m2_m3.1.2.4.2.1>
      <IFC>
  -7.316800800492404E-02  -4.919034555638326E-02   4.919034555638326E-02
  -4.919034555638326E-02  -7.316800800492404E-02   4.919034555638326E-02
   4.919034555638326E-02   4.919034555638326E-02  -7.316800800492404E-02
      </IFC>
    </s_s1_m1_m2_m3.1.2.4.2.1>
    <s_s1_m1_m2_m3.1.2.1.3.1>
      <IFC>
  -4.021887748958878E-03  -1.223705512582110E-03  -1.223705512582104E-03
  -1.223705512582111E-03  -5.072841287100185E-04  -7.127108070805153E-04
  -1.223705512582106E-03  -7.127108070805162E-04  -5.072841287100237E-04
      </IFC>
    </s_s1_m1_m2_m3.1.2.1.3.1>
    <s_s1_m1_m2_m3.1.2.2.3.1>
      <IFC>
   7.419888808557593E-04   8.608330770114095E-04  -8.608330770114151E-04
   8.608330770114085E-04   7.419888808557584E-04   8.608330770114143E-04
  -8.608330770114158E-04   8.608330770114163E-04   7.419888808557619E-04
      </IFC>
    </s_s1_m1_m2_m3.1.2.2.3.1>
    <s_s1_m1_m2_m3.1.2.3.3.1>
      <IFC>
  -5.072841287100217E-04  -7.127108070805106E-04  -1.223705512582108E-03
  -7.127108070805116E-04  -5.072841287100197E-04  -1.223705512582109E-03
  -1.223705512582108E-03  -1.223705512582108E-03  -4.021887748958876E-03
      </IFC>
    </s_s1_m1_m2_m3.1.2.3.3.1>
    <s_s1_m1_m2_m3.1.2.4.3.1>
      <IFC>
   5.020112676118052E-04   9.034634765148844E-04  -3.294734541386684E-04
   9.034634765148834E-04   3.802587885028710E-04   9.034634765148872E-04
  -3.294734541386675E-04   9.034634765148871E-04   5.020112676118005E-04
      </IFC>
    </s_s1_m1_m2_m3.1.2.4.3.1>
    <s_s1_m1_m2_m3.1.2.1.4.1>
      <IFC>
  -4.021887748958878E-03   1.223705512582107E-03   1.223705512582107E-03
   1.223705512582106E-03  -5.072841287100203E-04  -7.127108070805149E-04
   1.223705512582109E-03  -7.127108070805106E-04  -5.072841287100207E-04
      </IFC>
    </s_s1_m1_m2_m3.1.2.1.4.1>
    <s_s1_m1_m2_m3.1.2.2.4.1>
      <IFC>
  -5.072841287100281E-04  -7.127108070805099E-04   1.223705512582106E-03
  -7.127108070805097E-04  -5.072841287100246E-04   1.223705512582111E-03
   1.223705512582109E-03   1.223705512582111E-03  -4.021887748958875E-03
      </IFC>
    </s_s1_m1_m2_m3.1.2.2.4.1>
    <s_s1_m1_m2_m3.1.2.3.4.1>
      <IFC>
   1.059059010004841E-05  -4.078952327059095E-05  -3.753316741909512E-04
  -4.078952327059112E-05   1.059059010005535E-05   3.753316741909458E-04
  -3.753316741909494E-04   3.753316741909442E-04  -6.390737528439691E-05
      </IFC>
    </s_s1_m1_m2_m3.1.2.3.4.1>
    <s_s1_m1_m2_m3.1.2.4.4.1>
      <IFC>
  -6.390737528439230E-05   3.753316741909474E-04  -3.753316741909535E-04
   3.753316741909492E-04   1.059059010005345E-05  -4.078952327059380E-05
  -3.753316741909500E-04  -4.078952327059293E-05   1.059059010005692E-05
      </IFC>
    </s_s1_m1_m2_m3.1.2.4.4.1>
    <s_s1_m1_m2_m3.1.2.1.1.2>
      <IFC>
   3.802587885028651E-04  -9.034634765148837E-04   9.034634765148807E-04
  -9.034634765148842E-04   5.020112676118061E-04   3.294734541386675E-04
   9.034634765148816E-04   3.294734541386670E-04   5.020112676118044E-04
      </IFC>
    </s_s1_m1_m2_m3.1.2.1.1.2>
    <s_s1_m1_m2_m3.1.2.2.1.2>
      <IFC>
   3.512439832029592E-04  -1.901464605847048E-04  -1.901464605847065E-04
  -1.901464605847050E-04   3.568604830053236E-04   1.587680961630507E-04
  -1.901464605847040E-04   1.587680961630489E-04   3.568604830053175E-04
      </IFC>
    </s_s1_m1_m2_m3.1.2.2.1.2>
    <s_s1_m1_m2_m3.1.2.3.1.2>
      <IFC>
   3.568604830053181E-04   1.587680961630466E-04  -1.901464605847086E-04
   1.587680961630464E-04   3.568604830053190E-04  -1.901464605847060E-04
  -1.901464605847071E-04  -1.901464605847064E-04   3.512439832029520E-04
      </IFC>
    </s_s1_m1_m2_m3.1.2.3.1.2>
    <s_s1_m1_m2_m3.1.2.4.1.2>
      <IFC>
   5.020112676118050E-04   3.294734541386644E-04   9.034634765148834E-04
   3.294734541386643E-04   5.020112676118045E-04  -9.034634765148835E-04
   9.034634765148842E-04  -9.034634765148823E-04   3.802587885028748E-04
      </IFC>
    </s_s1_m1_m2_m3.1.2.4.1.2>
    <s_s1_m1_m2_m3.1.2.1.2.2>
      <IFC>
  -5.072841287100185E-04   7.127108070805119E-04  -1.223705512582107E-03
   7.127108070805119E-04  -5.072841287100185E-04   1.223705512582111E-03
  -1.223705512582107E-03   1.223705512582111E-03  -4.021887748958876E-03
      </IFC>
    </s_s1_m1_m2_m3.1.2.1.2.2>
    <s_s1_m1_m2_m3.1.2.2.2.2>
      <IFC>
   7.419888808557556E-04  -8.608330770114139E-04  -8.608330770114127E-04
  -8.608330770114143E-04   7.419888808557556E-04  -8.608330770114084E-04
  -8.608330770114110E-04  -8.608330770114091E-04   7.419888808557517E-04
      </IFC>
    </s_s1_m1_m2_m3.1.2.2.2.2>
    <s_s1_m1_m2_m3.1.2.3.2.2>
      <IFC>
  -4.021887748958877E-03   1.223705512582107E-03  -1.223705512582106E-03
   1.223705512582106E-03  -5.072841287100231E-04   7.127108070805091E-04
  -1.223705512582107E-03   7.127108070805098E-04  -5.072841287100277E-04
      </IFC>
    </s_s1_m1_m2_m3.1.2.3.2.2>
    <s_s1_m1_m2_m3.1.2.4.2.2>
      <IFC>
   5.020112676118034E-04  -9.034634765148836E-04  -3.294734541386625E-04
  -9.034634765148835E-04   3.802587885028706E-04  -9.034634765148848E-04
  -3.294734541386640E-04  -9.034634765148865E-04   5.020112676118012E-04
      </IFC>
    </s_s1_m1_m2_m3.1.2.4.2.2>
    <s_s1_m1_m2_m3.1.2.1.3.2>
      <IFC>
   7.419888808557606E-04  -8.608330770114177E-04   8.608330770114104E-04
  -8.608330770114173E-04   7.419888808557571E-04   8.608330770114151E-04
   8.608330770114138E-04   8.608330770114156E-04   7.419888808557606E-04
      </IFC>
    </s_s1_m1_m2_m3.1.2.1.3.2>
    <s_s1_m1_m2_m3.1.2.2.3.2>
      <IFC>
   7.419888808557599E-04   8.608330770114106E-04   8.608330770114100E-04
   8.608330770114100E-04   7.419888808557617E-04  -8.608330770114138E-04
   8.608330770114117E-04  -8.608330770114139E-04   7.419888808557604E-04
      </IFC>
    </s_s1_m1_m2_m3.1.2.2.3.2>
    <s_s1_m1_m2_m3.1.2.3.3.2>
      <IFC>
   3.568604830053129E-04   1.901464605847060E-04  -1.587680961630522E-04
   1.901464605847058E-04   3.512439832029546E-04  -1.901464605847069E-04
  -1.587680961630498E-04  -1.901464605847069E-04   3.568604830053164E-04
      </IFC>
    </s_s1_m1_m2_m3.1.2.3.3.2>
    <s_s1_m1_m2_m3.1.2.4.3.2>
      <IFC>
   3.568604830053222E-04  -1.901464605847046E-04  -1.587680961630515E-04
  -1.901464605847052E-04   3.512439832029600E-04   1.901464605847038E-04
  -1.587680961630490E-04   1.901464605847037E-04   3.568604830053187E-04
      </IFC>
    </s_s1_m1_m2_m3.1.2.4.3.2>
    <s_s1_m1_m2_m3.1.2.1.4.2>
      <IFC>
  -5.072841287100227E-04   1.223705512582109E-03  -7.127108070805075E-04
   1.223705512582106E-03  -4.021887748958878E-03   1.223705512582109E-03
  -7.127108070805091E-04   1.223705512582108E-03  -5.072841287100268E-04
      </IFC>
    </s_s1_m1_m2_m3.1.2.1.4.2>
    <s_s1_m1_m2_m3.1.2.2.4.2>
      <IFC>
   3.512439832029530E-04   1.901464605847096E-04   1.901464605847093E-04
   1.901464605847092E-04   3.568604830053208E-04   1.587680961630488E-04
   1.901464605847107E-04   1.587680961630479E-04   3.568604830053200E-04
      </IFC>
    </s_s1_m1_m2_m3.1.2.2.4.2>
    <s_s1_m1_m2_m3.1.2.3.4.2>
      <IFC>
   6.495124247082478E-04  -2.042915291569565E-04   2.042915291569602E-04
  -2.042915291569570E-04   6.495124247082546E-04  -2.042915291569603E-04
   2.042915291569615E-04  -2.042915291569607E-04   6.495124247082539E-04
      </IFC>
    </s_s1_m1_m2_m3.1.2.3.4.2>
    <s_s1_m1_m2_m3.1.2.4.4.2>
      <IFC>
   3.568604830053153E-04   1.587680961630474E-04   1.901464605847076E-04
   1.587680961630466E-04   3.568604830053175E-04   1.901464605847112E-04
   1.901464605847070E-04   1.901464605847092E-04   3.512439832029526E-04
      </IFC>
    </s_s1_m1_m2_m3.1.2.4.4.2>
    <s_s1_m1_m2_m3.1.2.1.1.3>
      <IFC>
   1.059059010005692E-05   4.078952327059987E-05   3.753316741909457E-04
   4.078952327059640E-05   1.059059010004998E-05   3.753316741909526E-04
   3.753316741909492E-04   3.753316741909526E-04  -6.390737528438883E-05
      </IFC>
    </s_s1_m1_m2_m3.1.2.1.1.3>
    <s_s1_m1_m2_m3.1.2.2.1.3>
      <IFC>
   3.568604830053211E-04  -1.901464605847079E-04   1.587680961630481E-04
  -1.901464605847091E-04   3.512439832029549E-04  -1.901464605847084E-04
   1.587680961630492E-04  -1.901464605847085E-04   3.568604830053155E-04
      </IFC>
    </s_s1_m1_m2_m3.1.2.2.1.3>
    <s_s1_m1_m2_m3.1.2.3.1.3>
      <IFC>
  -6.390737528439816E-05   3.753316741909485E-04   3.753316741909485E-04
   3.753316741909482E-04   1.059059010005692E-05   4.078952327059564E-05
   3.753316741909460E-04   4.078952327059608E-05   1.059059010005063E-05
      </IFC>
    </s_s1_m1_m2_m3.1.2.3.1.3>
    <s_s1_m1_m2_m3.1.2.4.1.3>
      <IFC>
   3.563537082649924E-04  -1.744693512889205E-04   1.744693512889224E-04
  -1.744693512889213E-04   3.563537082649916E-04  -1.744693512889250E-04
   1.744693512889216E-04  -1.744693512889230E-04   3.563537082649907E-04
      </IFC>
    </s_s1_m1_m2_m3.1.2.4.1.3>
    <s_s1_m1_m2_m3.1.2.1.2.3>
      <IFC>
  -5.072841287100185E-04   7.127108070805153E-04   1.223705512582107E-03
   7.127108070805188E-04  -5.072841287100185E-04  -1.223705512582097E-03
   1.223705512582107E-03  -1.223705512582104E-03  -4.021887748958876E-03
      </IFC>
    </s_s1_m1_m2_m3.1.2.1.2.3>
    <s_s1_m1_m2_m3.1.2.2.2.3>
      <IFC>
  -4.021887748958872E-03  -1.223705512582107E-03   1.223705512582106E-03
  -1.223705512582106E-03  -5.072841287100246E-04   7.127108070805099E-04
   1.223705512582108E-03   7.127108070805101E-04  -5.072841287100229E-04
      </IFC>
    </s_s1_m1_m2_m3.1.2.2.2.3>
    <s_s1_m1_m2_m3.1.2.3.2.3>
      <IFC>
  -6.390737528439247E-05  -3.753316741909503E-04  -3.753316741909519E-04
  -3.753316741909515E-04   1.059059010005605E-05   4.078952327058805E-05
  -3.753316741909511E-04   4.078952327058968E-05   1.059059010005372E-05
      </IFC>
    </s_s1_m1_m2_m3.1.2.3.2.3>
    <s_s1_m1_m2_m3.1.2.4.2.3>
      <IFC>
   1.059059010005692E-05   4.078952327059293E-05  -3.753316741909526E-04
   4.078952327059640E-05   1.059059010004998E-05  -3.753316741909526E-04
  -3.753316741909492E-04  -3.753316741909561E-04  -6.390737528438883E-05
      </IFC>
    </s_s1_m1_m2_m3.1.2.4.2.3>
    <s_s1_m1_m2_m3.1.2.1.3.3>
      <IFC>
  -5.072841287100203E-04  -1.223705512582110E-03  -7.127108070805119E-04
  -1.223705512582109E-03  -4.021887748958876E-03  -1.223705512582111E-03
  -7.127108070805110E-04  -1.223705512582110E-03  -5.072841287100168E-04
      </IFC>
    </s_s1_m1_m2_m3.1.2.1.3.3>
    <s_s1_m1_m2_m3.1.2.2.3.3>
      <IFC>
   3.568604830053212E-04  -1.587680961630495E-04   1.901464605847079E-04
  -1.587680961630504E-04   3.568604830053230E-04  -1.901464605847110E-04
   1.901464605847073E-04  -1.901464605847091E-04   3.512439832029590E-04
      </IFC>
    </s_s1_m1_m2_m3.1.2.2.3.3>
    <s_s1_m1_m2_m3.1.2.3.3.3>
      <IFC>
   6.495124247082471E-04   2.042915291569610E-04   2.042915291569605E-04
   2.042915291569607E-04   6.495124247082547E-04   2.042915291569572E-04
   2.042915291569586E-04   2.042915291569574E-04   6.495124247082487E-04
      </IFC>
    </s_s1_m1_m2_m3.1.2.3.3.3>
    <s_s1_m1_m2_m3.1.2.4.3.3>
      <IFC>
   3.512439832029590E-04  -1.901464605847072E-04   1.901464605847054E-04
  -1.901464605847083E-04   3.568604830053207E-04  -1.587680961630490E-04
   1.901464605847063E-04  -1.587680961630493E-04   3.568604830053182E-04
      </IFC>
    </s_s1_m1_m2_m3.1.2.4.3.3>
    <s_s1_m1_m2_m3.1.2.1.4.3>
      <IFC>
   1.059059010005432E-05  -3.753316741909496E-04  -4.078952327059640E-05
  -3.753316741909473E-04  -6.390737528439751E-05   3.753316741909496E-04
  -4.078952327059445E-05   3.753316741909505E-04   1.059059010005475E-05
      </IFC>
    </s_s1_m1_m2_m3.1.2.1.4.3>
    <s_s1_m1_m2_m3.1.2.2.4.3>
      <IFC>
   6.495124247082543E-04   2.042915291569573E-04  -2.042915291569592E-04
   2.042915291569575E-04   6.495124247082569E-04  -2.042915291569625E-04
  -2.042915291569579E-04  -2.042915291569618E-04   6.495124247082552E-04
      </IFC>
    </s_s1_m1_m2_m3.1.2.2.4.3>
    <s_s1_m1_m2_m3.1.2.3.4.3>
      <IFC>
   6.495124247082450E-04  -2.042915291569579E-04  -2.042915291569602E-04
  -2.042915291569583E-04   6.495124247082552E-04   2.042915291569600E-04
  -2.042915291569586E-04   2.042915291569577E-04   6.495124247082554E-04
      </IFC>
    </s_s1_m1_m2_m3.1.2.3.4.3>
    <s_s1_m1_m2_m3.1.2.4.4.3>
      <IFC>
   1.059059010005345E-05   3.753316741909474E-04  -4.078952327059553E-05
   3.753316741909474E-04  -6.390737528439230E-05  -3.753316741909500E-04
  -4.078952327059380E-05  -3.753316741909509E-04   1.059059010005692E-05
      </IFC>
    </s_s1_m1_m2_m3.1.2.4.4.3>
    <s_s1_m1_m2_m3.1.2.1.1.4>
      <IFC>
   5.020112676118009E-04  -9.034634765148863E-04   3.294734541386601E-04
  -9.034634765148859E-04   3.802587885028668E-04   9.034634765148837E-04
   3.294734541386627E-04   9.034634765148842E-04   5.020112676118044E-04
      </IFC>
    </s_s1_m1_m2_m3.1.2.1.1.4>
    <s_s1_m1_m2_m3.1.2.2.1.4>
      <IFC>
   5.020112676118042E-04   9.034634765148831E-04   3.294734541386622E-04
   9.034634765148814E-04   3.802587885028727E-04  -9.034634765148842E-04
   3.294734541386644E-04  -9.034634765148845E-04   5.020112676118011E-04
      </IFC>
    </s_s1_m1_m2_m3.1.2.2.1.4>
    <s_s1_m1_m2_m3.1.2.3.1.4>
      <IFC>
   3.563537082649820E-04   1.744693512889209E-04  -1.744693512889240E-04
   1.744693512889207E-04   3.563537082649872E-04  -1.744693512889205E-04
  -1.744693512889211E-04  -1.744693512889205E-04   3.563537082649829E-04
      </IFC>
    </s_s1_m1_m2_m3.1.2.3.1.4>
    <s_s1_m1_m2_m3.1.2.4.1.4>
      <IFC>
   3.563537082649884E-04  -1.744693512889205E-04  -1.744693512889208E-04
  -1.744693512889199E-04   3.563537082649896E-04   1.744693512889231E-04
  -1.744693512889190E-04   1.744693512889232E-04   3.563537082649901E-04
      </IFC>
    </s_s1_m1_m2_m3.1.2.4.1.4>
    <s_s1_m1_m2_m3.1.2.1.2.4>
      <IFC>
  -7.316800800492404E-02   4.919034555638326E-02  -4.919034555638326E-02
   4.919034555638326E-02  -7.316800800492404E-02   4.919034555638326E-02
  -4.919034555638326E-02   4.919034555638326E-02  -7.316800800492404E-02
      </IFC>
    </s_s1_m1_m2_m3.1.2.1.2.4>
    <s_s1_m1_m2_m3.1.2.2.2.4>
      <IFC>
   5.020112676118050E-04  -3.294734541386661E-04  -9.034634765148844E-04
  -3.294734541386662E-04   5.020112676118059E-04  -9.034634765148857E-04
  -9.034634765148852E-04  -9.034634765148868E-04   3.802587885028688E-04
      </IFC>
    </s_s1_m1_m2_m3.1.2.2.2.4>
    <s_s1_m1_m2_m3.1.2.3.2.4>
      <IFC>
   1.059059010005258E-05  -3.753316741909509E-04   4.078952327059467E-05
  -3.753316741909516E-04  -6.390737528439377E-05  -3.753316741909516E-04
   4.078952327059467E-05  -3.753316741909510E-04   1.059059010005047E-05
      </IFC>
    </s_s1_m1_m2_m3.1.2.3.2.4>
    <s_s1_m1_m2_m3.1.2.4.2.4>
      <IFC>
   3.802587885028695E-04  -9.034634765148864E-04  -9.034634765148818E-04
  -9.034634765148865E-04   5.020112676118023E-04  -3.294734541386629E-04
  -9.034634765148803E-04  -3.294734541386647E-04   5.020112676118006E-04
      </IFC>
    </s_s1_m1_m2_m3.1.2.4.2.4>
    <s_s1_m1_m2_m3.1.2.1.3.4>
      <IFC>
   5.020112676118026E-04  -3.294734541386683E-04   9.034634765148859E-04
  -3.294734541386688E-04   5.020112676118026E-04   9.034634765148846E-04
   9.034634765148876E-04   9.034634765148842E-04   3.802587885028668E-04
      </IFC>
    </s_s1_m1_m2_m3.1.2.1.3.4>
    <s_s1_m1_m2_m3.1.2.2.3.4>
      <IFC>
   3.568604830053213E-04  -1.587680961630512E-04  -1.901464605847033E-04
  -1.587680961630515E-04   3.568604830053203E-04   1.901464605847045E-04
  -1.901464605847019E-04   1.901464605847050E-04   3.512439832029621E-04
      </IFC>
    </s_s1_m1_m2_m3.1.2.2.3.4>
    <s_s1_m1_m2_m3.1.2.3.3.4>
      <IFC>
   3.512439832029511E-04   1.901464605847077E-04  -1.901464605847077E-04
   1.901464605847075E-04   3.568604830053172E-04  -1.587680961630470E-04
  -1.901464605847066E-04  -1.587680961630475E-04   3.568604830053164E-04
      </IFC>
    </s_s1_m1_m2_m3.1.2.3.3.4>
    <s_s1_m1_m2_m3.1.2.4.3.4>
      <IFC>
   3.802587885028697E-04   9.034634765148859E-04   9.034634765148840E-04
