<?xml version="1.0" encoding="UTF-8"?>
<Root>
  <GEOMETRY_INFO>
    <NUMBER_OF_TYPES>1</NUMBER_OF_TYPES>
    <NUMBER_OF_ATOMS>2</NUMBER_OF_ATOMS>
    <BRAVAIS_LATTICE_INDEX>2</BRAVAIS_LATTICE_INDEX>
    <SPIN_COMPONENTS>1</SPIN_COMPONENTS>
    <CELL_DIMENSIONS>
   1.025000000000000E+01   0.000000000000000E+00   0.000000000000000E+00
   0.000000000000000E+00   0.000000000000000E+00   0.000000000000000E+00
    </CELL_DIMENSIONS>
    <AT>
  -5.000000000000000E-01   0.000000000000000E+00   5.000000000000000E-01
   0.000000000000000E+00   5.000000000000000E-01   5.000000000000000E-01
  -5.000000000000000E-01   5.000000000000000E-01   0.000000000000000E+00
    </AT>
    <BG>
  -1.000000000000000E+00  -1.000000000000000E+00   1.000000000000000E+00
   1.000000000000000E+00   1.000000000000000E+00   1.000000000000000E+00
  -1.000000000000000E+00   1.000000000000000E+00  -1.000000000000000E+00
    </BG>
    <UNIT_CELL_VOLUME_AU>269.22265625000000</UNIT_CELL_VOLUME_AU>
    <TYPE_NAME.1>Si</TYPE_NAME.1>
    <MASS.1>28.085999999999999</MASS.1>
    <ATOM.1 SPECIES="Si" INDEX="1" TAU="0.0000000000000000 0.0000000000000000 0.0000000000000000"/>
    <ATOM.2 SPECIES="Si" INDEX="1" TAU="0.25000000000000000 0.25000000000000000 0.25000000000000000"/>
    <NUMBER_OF_Q>6</NUMBER_OF_Q>
  </GEOMETRY_INFO>
  <DIELECTRIC_PROPERTIES epsil="true" zstar="true" raman="false">
    <EPSILON>
   2.284021354571946E+01  -5.329070518200751E-15  -1.243449787580175E-14
  -5.329070518200751E-15   2.284021354571946E+01   1.243449787580175E-14
  -1.243449787580175E-14   1.421085471520200E-14   2.284021354571946E+01
    </EPSILON>
    <ZSTAR>
      <Z_AT_.1>
  -4.440892098500626E-16  -1.332267629550188E-15   4.440892098500626E-16
  -1.776356839400250E-15  -1.554312234475219E-15   8.881784197001252E-16
   8.881784197001252E-16   2.220446049250313E-15  -1.554312234475219E-15
      </Z_AT_.1>
      <Z_AT_.2>
   6.661338147750939E-16   1.332267629550188E-15  -4.440892098500628E-16
   1.776356839400250E-15   1.554312234475219E-15  -8.881784197001252E-16
  -8.881784197001252E-16  -2.220446049250313E-15   1.554312234475219E-15
      </Z_AT_.2>
    </ZSTAR>
  </DIELECTRIC_PROPERTIES>
  <INTERATOMIC_FORCE_CONSTANTS>
    <MESH_NQ1_NQ2_NQ3>
                 4                 4                 4
    </MESH_NQ1_NQ2_NQ3>
    <s_s1_m1_m2_m3.1.1.1.1.1>
      <IFC>
   2.681517630677231E-01  -1.734723475976807E-18   1.721170948820738E-18
  -1.734723475976807E-18   2.681517630677231E-01  -3.089976191583688E-18
   1.721170948820738E-18  -3.089976191583688E-18   2.681517630677231E-01
      </IFC>
    </s_s1_m1_m2_m3.1.1.1.1.1>
    <s_s1_m1_m2_m3.1.1.2.1.1>
      <IFC>
  -3.492297809743744E-03  -1.812403845725521E-03   4.194535515042511E-03
   1.812403845725518E-03   1.038124353422068E-02  -1.812403845725518E-03
   4.194535515042511E-03   1.812403845725520E-03  -3.492297809743740E-03
      </IFC>
    </s_s1_m1_m2_m3.1.1.2.1.1>
    <s_s1_m1_m2_m3.1.1.3.1.1>
      <IFC>
  -1.685651612683657E-05  -3.821812658011403E-18   5.406792574919898E-04
  -3.821812658011403E-18   4.051694872756919E-03  -3.361026734705064E-18
   5.406792574919898E-04  -3.361026734705064E-18  -1.685651612682443E-05
      </IFC>
    </s_s1_m1_m2_m3.1.1.3.1.1>
    <s_s1_m1_m2_m3.1.1.4.1.1>
      <IFC>
  -3.492297809743744E-03   1.812403845725518E-03   4.194535515042511E-03
  -1.812403845725521E-03   1.038124353422068E-02   1.812403845725520E-03
   4.194535515042511E-03  -1.812403845725518E-03  -3.492297809743740E-03
      </IFC>
    </s_s1_m1_m2_m3.1.1.4.1.1>
    <s_s1_m1_m2_m3.1.1.1.2.1>
      <IFC>
   1.038124353422068E-02   1.812403845725514E-03   1.812403845725521E-03
  -1.812403845725524E-03  -3.492297809743760E-03  -4.194535515042508E-03
  -1.812403845725517E-03  -4.194535515042508E-03  -3.492297809743753E-03
      </IFC>
    </s_s1_m1_m2_m3.1.1.1.2.1>
    <s_s1_m1_m2_m3.1.1.2.2.1>
      <IFC>
  -3.991420600787179E-04  -4.915183812505598E-04   3.571581627843398E-04
  -4.915183812505598E-04  -3.991420600787236E-04  -3.571581627843413E-04
   4.846091342550234E-04  -4.846091342550250E-04  -3.108900294526169E-04
      </IFC>
    </s_s1_m1_m2_m3.1.1.2.2.1>
    <s_s1_m1_m2_m3.1.1.3.2.1>
      <IFC>
  -3.108900294526099E-04  -4.846091342550245E-04   4.846091342550234E-04
  -3.571581627843410E-04  -3.991420600787284E-04  -4.915183812505592E-04
   3.571581627843397E-04  -4.915183812505592E-04  -3.991420600787162E-04
      </IFC>
    </s_s1_m1_m2_m3.1.1.3.2.1>
    <s_s1_m1_m2_m3.1.1.4.2.1>
      <IFC>
  -3.492297809743749E-03  -4.194535515042509E-03  -1.812403845725522E-03
  -4.194535515042509E-03  -3.492297809743753E-03  -1.812403845725524E-03
   1.812403845725516E-03   1.812403845725515E-03   1.038124353422069E-02
      </IFC>
    </s_s1_m1_m2_m3.1.1.4.2.1>
    <s_s1_m1_m2_m3.1.1.1.3.1>
      <IFC>
   4.051694872756931E-03   1.002887009549092E-18   2.168404344971009E-18
   1.002887009549092E-18  -1.685651612682443E-05  -5.406792574919926E-04
   2.168404344971009E-18  -5.406792574919926E-04  -1.685651612685218E-05
      </IFC>
    </s_s1_m1_m2_m3.1.1.1.3.1>
    <s_s1_m1_m2_m3.1.1.2.3.1>
      <IFC>
  -3.991420600787275E-04  -3.571581627843430E-04   4.915183812505618E-04
  -4.846091342550265E-04  -3.108900294526199E-04  -4.846091342550235E-04
   4.915183812505618E-04  -3.571581627843399E-04  -3.991420600787166E-04
      </IFC>
    </s_s1_m1_m2_m3.1.1.2.3.1>
    <s_s1_m1_m2_m3.1.1.3.3.1>
      <IFC>
  -1.685651612682269E-05  -5.406792574919939E-04   1.260385025514399E-18
  -5.406792574919939E-04  -1.685651612682616E-05  -3.035766082959412E-18
   1.260385025514399E-18  -3.035766082959412E-18   4.051694872756920E-03
      </IFC>
    </s_s1_m1_m2_m3.1.1.3.3.1>
    <s_s1_m1_m2_m3.1.1.4.3.1>
      <IFC>
  -3.991420600787275E-04  -4.846091342550265E-04   4.915183812505618E-04
  -3.571581627843430E-04  -3.108900294526199E-04  -3.571581627843399E-04
   4.915183812505618E-04  -4.846091342550235E-04  -3.991420600787166E-04
      </IFC>
    </s_s1_m1_m2_m3.1.1.4.3.1>
    <s_s1_m1_m2_m3.1.1.1.4.1>
      <IFC>
   1.038124353422068E-02  -1.812403845725524E-03  -1.812403845725517E-03
   1.812403845725514E-03  -3.492297809743760E-03  -4.194535515042508E-03
   1.812403845725521E-03  -4.194535515042508E-03  -3.492297809743753E-03
      </IFC>
    </s_s1_m1_m2_m3.1.1.1.4.1>
    <s_s1_m1_m2_m3.1.1.2.4.1>
      <IFC>
  -3.492297809743749E-03  -4.194535515042509E-03   1.812403845725516E-03
  -4.194535515042509E-03  -3.492297809743753E-03   1.812403845725515E-03
  -1.812403845725522E-03  -1.812403845725524E-03   1.038124353422069E-02
      </IFC>
    </s_s1_m1_m2_m3.1.1.2.4.1>
    <s_s1_m1_m2_m3.1.1.3.4.1>
      <IFC>
  -3.108900294526099E-04  -3.571581627843410E-04   3.571581627843397E-04
  -4.846091342550245E-04  -3.991420600787284E-04  -4.915183812505592E-04
   4.846091342550234E-04  -4.915183812505592E-04  -3.991420600787162E-04
      </IFC>
    </s_s1_m1_m2_m3.1.1.3.4.1>
    <s_s1_m1_m2_m3.1.1.4.4.1>
      <IFC>
  -3.991420600787179E-04  -4.915183812505598E-04   4.846091342550234E-04
  -4.915183812505598E-04  -3.991420600787236E-04  -4.846091342550250E-04
   3.571581627843398E-04  -3.571581627843413E-04  -3.108900294526169E-04
      </IFC>
    </s_s1_m1_m2_m3.1.1.4.4.1>
    <s_s1_m1_m2_m3.1.1.1.1.2>
      <IFC>
  -3.492297809743750E-03   4.194535515042510E-03  -1.812403845725518E-03
   4.194535515042510E-03  -3.492297809743763E-03   1.812403845725520E-03
   1.812403845725520E-03  -1.812403845725519E-03   1.038124353422068E-02
      </IFC>
    </s_s1_m1_m2_m3.1.1.1.1.2>
    <s_s1_m1_m2_m3.1.1.2.1.2>
      <IFC>
  -3.108900294526160E-04   4.846091342550226E-04   4.846091342550227E-04
   3.571581627843392E-04  -3.991420600787244E-04   4.915183812505609E-04
   3.571581627843387E-04   4.915183812505609E-04  -3.991420600787240E-04
      </IFC>
    </s_s1_m1_m2_m3.1.1.2.1.2>
    <s_s1_m1_m2_m3.1.1.3.1.2>
      <IFC>
  -3.991420600787214E-04   4.915183812505596E-04   3.571581627843384E-04
   4.915183812505596E-04  -3.991420600787214E-04   3.571581627843371E-04
   4.846091342550221E-04   4.846091342550210E-04  -3.108900294526117E-04
      </IFC>
    </s_s1_m1_m2_m3.1.1.3.1.2>
    <s_s1_m1_m2_m3.1.1.4.1.2>
      <IFC>
   1.038124353422068E-02  -1.812403845725524E-03   1.812403845725520E-03
   1.812403845725515E-03  -3.492297809743758E-03   4.194535515042510E-03
  -1.812403845725518E-03   4.194535515042510E-03  -3.492297809743744E-03
      </IFC>
    </s_s1_m1_m2_m3.1.1.4.1.2>
    <s_s1_m1_m2_m3.1.1.1.2.2>
      <IFC>
  -3.991420600787145E-04   3.571581627843381E-04  -4.915183812505574E-04
   4.846091342550216E-04  -3.108900294526151E-04  -4.846091342550218E-04
  -4.915183812505574E-04  -3.571581627843379E-04  -3.991420600787110E-04
      </IFC>
    </s_s1_m1_m2_m3.1.1.1.2.2>
    <s_s1_m1_m2_m3.1.1.2.2.2>
      <IFC>
  -3.042765766314093E-05  -3.794707603699266E-19   3.144186300207963E-18
  -3.794707603699266E-19  -3.042765766314614E-05  -3.252606517456513E-18
   3.144186300207963E-18  -3.252606517456513E-18  -3.042765766314267E-05
      </IFC>
    </s_s1_m1_m2_m3.1.1.2.2.2>
    <s_s1_m1_m2_m3.1.1.3.2.2>
      <IFC>
  -3.991420600787249E-04  -3.571581627843423E-04  -4.915183812505576E-04
  -4.846091342550258E-04  -3.108900294526169E-04   4.846091342550221E-04
  -4.915183812505576E-04   3.571581627843381E-04  -3.991420600787197E-04
      </IFC>
    </s_s1_m1_m2_m3.1.1.3.2.2>
    <s_s1_m1_m2_m3.1.1.4.2.2>
      <IFC>
  -3.996617199047672E-04  -2.602085213965211E-18   4.878909776184770E-18
  -2.602085213965211E-18  -4.129337780976604E-04   3.252606517456513E-19
   4.878909776184770E-18   3.252606517456513E-19  -3.996617199047620E-04
      </IFC>
    </s_s1_m1_m2_m3.1.1.4.2.2>
    <s_s1_m1_m2_m3.1.1.1.3.2>
      <IFC>
  -3.991420600787110E-04   4.915183812505586E-04  -3.571581627843407E-04
   4.915183812505586E-04  -3.991420600787179E-04  -3.571581627843419E-04
  -4.846091342550244E-04  -4.846091342550258E-04  -3.108900294526151E-04
      </IFC>
    </s_s1_m1_m2_m3.1.1.1.3.2>
    <s_s1_m1_m2_m3.1.1.2.3.2>
      <IFC>
  -3.108900294526199E-04  -4.846091342550257E-04  -4.846091342550185E-04
  -3.571581627843420E-04  -3.991420600787244E-04   4.915183812505592E-04
  -3.571581627843351E-04   4.915183812505592E-04  -3.991420600787284E-04
      </IFC>
    </s_s1_m1_m2_m3.1.1.2.3.2>
    <s_s1_m1_m2_m3.1.1.3.3.2>
      <IFC>
  -4.460450596599427E-04  -9.965746037910853E-05  -6.240716755538245E-05
  -9.965746037910856E-05  -4.460450596599462E-04   6.240716755538049E-05
   6.240716755538177E-05  -6.240716755538352E-05  -3.879770300160429E-04
      </IFC>
    </s_s1_m1_m2_m3.1.1.3.3.2>
    <s_s1_m1_m2_m3.1.1.4.3.2>
      <IFC>
  -3.879770300160381E-04  -6.240716755538488E-05   6.240716755538553E-05
   6.240716755537935E-05  -4.460450596599510E-04  -9.965746037910800E-05
  -6.240716755537837E-05  -9.965746037910789E-05  -4.460450596599471E-04
      </IFC>
    </s_s1_m1_m2_m3.1.1.4.3.2>
    <s_s1_m1_m2_m3.1.1.1.4.2>
      <IFC>
  -3.492297809743753E-03   1.812403845725515E-03  -4.194535515042503E-03
  -1.812403845725523E-03   1.038124353422069E-02  -1.812403845725517E-03
  -4.194535515042503E-03   1.812403845725521E-03  -3.492297809743757E-03
      </IFC>
    </s_s1_m1_m2_m3.1.1.1.4.2>
    <s_s1_m1_m2_m3.1.1.2.4.2>
      <IFC>
  -4.129337780976552E-04  -3.903127820947816E-18   8.673617379884035E-19
  -3.903127820947816E-18  -3.996617199047690E-04  -1.517883041479706E-18
   8.673617379884035E-19  -1.517883041479706E-18  -3.996617199047690E-04
      </IFC>
    </s_s1_m1_m2_m3.1.1.2.4.2>
    <s_s1_m1_m2_m3.1.1.3.4.2>
      <IFC>
  -4.460450596599462E-04   6.240716755537959E-05   9.965746037911104E-05
  -6.240716755538477E-05  -3.879770300160481E-04  -6.240716755538369E-05
   9.965746037911104E-05   6.240716755538032E-05  -4.460450596599445E-04
      </IFC>
    </s_s1_m1_m2_m3.1.1.3.4.2>
    <s_s1_m1_m2_m3.1.1.4.4.2>
      <IFC>
  -3.996617199047638E-04   2.656295322589486E-18  -1.734723475976807E-18
   2.656295322589486E-18  -3.996617199047655E-04  -1.409462824231156E-18
  -1.734723475976807E-18  -1.409462824231156E-18  -4.129337780976535E-04
      </IFC>
    </s_s1_m1_m2_m3.1.1.4.4.2>
    <s_s1_m1_m2_m3.1.1.1.1.3>
      <IFC>
  -1.685651612684524E-05   5.406792574919909E-04   2.154851817814940E-18
   5.406792574919909E-04  -1.685651612681749E-05   9.215718466126788E-19
   2.154851817814940E-18   9.215718466126788E-19   4.051694872756917E-03
      </IFC>
    </s_s1_m1_m2_m3.1.1.1.1.3>
    <s_s1_m1_m2_m3.1.1.2.1.3>
      <IFC>
  -3.991420600787284E-04   3.571581627843370E-04   4.915183812505618E-04
   4.846091342550203E-04  -3.108900294526203E-04   4.846091342550225E-04
   4.915183812505618E-04   3.571581627843383E-04  -3.991420600787236E-04
      </IFC>
    </s_s1_m1_m2_m3.1.1.2.1.3>
    <s_s1_m1_m2_m3.1.1.3.1.3>
      <IFC>
   4.051694872756936E-03   4.607859233063394E-19   2.981555974335137E-18
   4.607859233063394E-19  -1.685651612683310E-05   5.406792574919921E-04
   2.981555974335137E-18   5.406792574919921E-04  -1.685651612682443E-05
      </IFC>
    </s_s1_m1_m2_m3.1.1.3.1.3>
    <s_s1_m1_m2_m3.1.1.4.1.3>
      <IFC>
  -3.991420600787284E-04   4.846091342550203E-04   4.915183812505618E-04
   3.571581627843370E-04  -3.108900294526203E-04   3.571581627843383E-04
   4.915183812505618E-04   4.846091342550225E-04  -3.991420600787236E-04
      </IFC>
    </s_s1_m1_m2_m3.1.1.4.1.3>
    <s_s1_m1_m2_m3.1.1.1.2.3>
      <IFC>
  -3.108900294526047E-04   4.846091342550222E-04  -4.846091342550196E-04
   3.571581627843390E-04  -3.991420600787214E-04  -4.915183812505589E-04
  -3.571581627843360E-04  -4.915183812505589E-04  -3.991420600787145E-04
      </IFC>
    </s_s1_m1_m2_m3.1.1.1.2.3>
    <s_s1_m1_m2_m3.1.1.2.2.3>
      <IFC>
  -3.991420600787223E-04  -4.915183812505620E-04  -3.571581627843386E-04
  -4.915183812505620E-04  -3.991420600787236E-04   3.571581627843399E-04
  -4.846091342550220E-04   4.846091342550238E-04  -3.108900294526195E-04
      </IFC>
    </s_s1_m1_m2_m3.1.1.2.2.3>
    <s_s1_m1_m2_m3.1.1.3.2.3>
      <IFC>
  -3.879770300160446E-04   6.240716755537916E-05   6.240716755538482E-05
  -6.240716755538523E-05  -4.460450596599462E-04   9.965746037910670E-05
  -6.240716755537940E-05   9.965746037910670E-05  -4.460450596599549E-04
      </IFC>
    </s_s1_m1_m2_m3.1.1.3.2.3>
    <s_s1_m1_m2_m3.1.1.4.2.3>
      <IFC>
  -4.460450596599445E-04   9.965746037911023E-05  -6.240716755538190E-05
   9.965746037911023E-05  -4.460450596599466E-04  -6.240716755538190E-05
   6.240716755538211E-05   6.240716755538200E-05  -3.879770300160412E-04
      </IFC>
    </s_s1_m1_m2_m3.1.1.4.2.3>
    <s_s1_m1_m2_m3.1.1.1.3.3>
      <IFC>
  -1.685651612683137E-05  -2.520770051028798E-18  -5.406792574919857E-04
  -2.520770051028798E-18   4.051694872756938E-03   1.246832498358330E-18
  -5.406792574919857E-04   1.246832498358330E-18  -1.685651612683831E-05
      </IFC>
    </s_s1_m1_m2_m3.1.1.1.3.3>
    <s_s1_m1_m2_m3.1.1.2.3.3>
      <IFC>
  -4.460450596599436E-04  -6.240716755538488E-05  -9.965746037910193E-05
   6.240716755537924E-05  -3.879770300160477E-04  -6.240716755538032E-05
  -9.965746037910193E-05   6.240716755538336E-05  -4.460450596599536E-04
      </IFC>
    </s_s1_m1_m2_m3.1.1.2.3.3>
    <s_s1_m1_m2_m3.1.1.3.3.3>
      <IFC>
  -1.449486008587315E-04   2.981555974335137E-18  -1.016439536705160E-18
   2.981555974335137E-18  -1.449486008587349E-04  -4.336808689942018E-18
  -1.016439536705160E-18  -4.336808689942018E-18  -1.449486008587263E-04
      </IFC>
    </s_s1_m1_m2_m3.1.1.3.3.3>
    <s_s1_m1_m2_m3.1.1.4.3.3>
      <IFC>
  -4.460450596599436E-04   6.240716755537924E-05  -9.965746037910193E-05
  -6.240716755538488E-05  -3.879770300160477E-04   6.240716755538336E-05
  -9.965746037910193E-05  -6.240716755538032E-05  -4.460450596599536E-04
      </IFC>
    </s_s1_m1_m2_m3.1.1.4.3.3>
    <s_s1_m1_m2_m3.1.1.1.4.3>
      <IFC>
  -3.108900294526047E-04   3.571581627843390E-04  -3.571581627843360E-04
   4.846091342550222E-04  -3.991420600787214E-04  -4.915183812505589E-04
  -4.846091342550196E-04  -4.915183812505589E-04  -3.991420600787145E-04
      </IFC>
    </s_s1_m1_m2_m3.1.1.1.4.3>
    <s_s1_m1_m2_m3.1.1.2.4.3>
      <IFC>
  -4.460450596599445E-04   9.965746037911023E-05   6.240716755538211E-05
   9.965746037911023E-05  -4.460450596599466E-04   6.240716755538200E-05
  -6.240716755538190E-05  -6.240716755538190E-05  -3.879770300160412E-04
      </IFC>
    </s_s1_m1_m2_m3.1.1.2.4.3>
    <s_s1_m1_m2_m3.1.1.3.4.3>
      <IFC>
  -3.879770300160446E-04  -6.240716755538523E-05  -6.240716755537940E-05
   6.240716755537916E-05  -4.460450596599462E-04   9.965746037910670E-05
   6.240716755538482E-05   9.965746037910670E-05  -4.460450596599549E-04
      </IFC>
    </s_s1_m1_m2_m3.1.1.3.4.3>
    <s_s1_m1_m2_m3.1.1.4.4.3>
      <IFC>
  -3.991420600787223E-04  -4.915183812505620E-04  -4.846091342550220E-04
  -4.915183812505620E-04  -3.991420600787236E-04   4.846091342550238E-04
  -3.571581627843386E-04   3.571581627843399E-04  -3.108900294526195E-04
      </IFC>
    </s_s1_m1_m2_m3.1.1.4.4.3>
    <s_s1_m1_m2_m3.1.1.1.1.4>
      <IFC>
  -3.492297809743750E-03   4.194535515042510E-03   1.812403845725520E-03
   4.194535515042510E-03  -3.492297809743763E-03  -1.812403845725519E-03
  -1.812403845725518E-03   1.812403845725520E-03   1.038124353422068E-02
      </IFC>
    </s_s1_m1_m2_m3.1.1.1.1.4>
    <s_s1_m1_m2_m3.1.1.2.1.4>
      <IFC>
   1.038124353422068E-02   1.812403845725515E-03  -1.812403845725518E-03
  -1.812403845725524E-03  -3.492297809743758E-03   4.194535515042510E-03
   1.812403845725520E-03   4.194535515042510E-03  -3.492297809743744E-03
      </IFC>
    </s_s1_m1_m2_m3.1.1.2.1.4>
    <s_s1_m1_m2_m3.1.1.3.1.4>
      <IFC>
  -3.991420600787214E-04   4.915183812505596E-04   4.846091342550221E-04
   4.915183812505596E-04  -3.991420600787214E-04   4.846091342550210E-04
   3.571581627843384E-04   3.571581627843371E-04  -3.108900294526117E-04
      </IFC>
    </s_s1_m1_m2_m3.1.1.3.1.4>
    <s_s1_m1_m2_m3.1.1.4.1.4>
      <IFC>
  -3.108900294526160E-04   3.571581627843392E-04   3.571581627843387E-04
   4.846091342550226E-04  -3.991420600787244E-04   4.915183812505609E-04
   4.846091342550227E-04   4.915183812505609E-04  -3.991420600787240E-04
      </IFC>
    </s_s1_m1_m2_m3.1.1.4.1.4>
    <s_s1_m1_m2_m3.1.1.1.2.4>
      <IFC>
  -3.492297809743753E-03  -1.812403845725523E-03  -4.194535515042503E-03
   1.812403845725515E-03   1.038124353422069E-02   1.812403845725521E-03
  -4.194535515042503E-03  -1.812403845725517E-03  -3.492297809743757E-03
      </IFC>
    </s_s1_m1_m2_m3.1.1.1.2.4>
    <s_s1_m1_m2_m3.1.1.2.2.4>
      <IFC>
  -3.996617199047638E-04   2.656295322589486E-18  -1.734723475976807E-18
   2.656295322589486E-18  -3.996617199047655E-04  -1.409462824231156E-18
  -1.734723475976807E-18  -1.409462824231156E-18  -4.129337780976535E-04
      </IFC>
    </s_s1_m1_m2_m3.1.1.2.2.4>
    <s_s1_m1_m2_m3.1.1.3.2.4>
      <IFC>
  -4.460450596599462E-04  -6.240716755538477E-05   9.965746037911104E-05
   6.240716755537959E-05  -3.879770300160481E-04   6.240716755538032E-05
   9.965746037911104E-05  -6.240716755538369E-05  -4.460450596599445E-04
      </IFC>
    </s_s1_m1_m2_m3.1.1.3.2.4>
    <s_s1_m1_m2_m3.1.1.4.2.4>
      <IFC>
  -4.129337780976552E-04  -3.903127820947816E-18   8.673617379884035E-19
  -3.903127820947816E-18  -3.996617199047690E-04  -1.517883041479706E-18
   8.673617379884035E-19  -1.517883041479706E-18  -3.996617199047690E-04
      </IFC>
    </s_s1_m1_m2_m3.1.1.4.2.4>
    <s_s1_m1_m2_m3.1.1.1.3.4>
      <IFC>
  -3.991420600787110E-04   4.915183812505586E-04  -4.846091342550244E-04
   4.915183812505586E-04  -3.991420600787179E-04  -4.846091342550258E-04
  -3.571581627843407E-04  -3.571581627843419E-04  -3.108900294526151E-04
      </IFC>
    </s_s1_m1_m2_m3.1.1.1.3.4>
    <s_s1_m1_m2_m3.1.1.2.3.4>
      <IFC>
  -3.879770300160381E-04   6.240716755537935E-05  -6.240716755537837E-05
  -6.240716755538488E-05  -4.460450596599510E-04  -9.965746037910789E-05
   6.240716755538553E-05  -9.965746037910800E-05  -4.460450596599471E-04
      </IFC>
    </s_s1_m1_m2_m3.1.1.2.3.4>
    <s_s1_m1_m2_m3.1.1.3.3.4>
      <IFC>
  -4.460450596599427E-04  -9.965746037910856E-05   6.240716755538177E-05
  -9.965746037910853E-05  -4.460450596599462E-04  -6.240716755538352E-05
  -6.240716755538245E-05   6.240716755538049E-05  -3.879770300160429E-04
      </IFC>
    </s_s1_m1_m2_m3.1.1.3.3.4>
    <s_s1_m1_m2_m3.1.1.4.3.4>
      <IFC>
  -3.108900294526199E-04  -3.571581627843420E-04  -3.571581627843351E-04
  -4.846091342550257E-04  -3.991420600787244E-04   4.915183812505592E-04
  -4.846091342550185E-04   4.915183812505592E-04  -3.991420600787284E-04
      </IFC>
    </s_s1_m1_m2_m3.1.1.4.3.4>
    <s_s1_m1_m2_m3.1.1.1.4.4>
      <IFC>
  -3.991420600787145E-04   4.846091342550216E-04  -4.915183812505574E-04
   3.571581627843381E-04  -3.108900294526151E-04  -3.571581627843379E-04
  -4.915183812505574E-04  -4.846091342550218E-04  -3.991420600787110E-04
      </IFC>
    </s_s1_m1_m2_m3.1.1.1.4.4>
    <s_s1_m1_m2_m3.1.1.2.4.4>
      <IFC>
  -3.996617199047672E-04  -2.602085213965211E-18   4.878909776184770E-18
  -2.602085213965211E-18  -4.129337780976604E-04   3.252606517456513E-19
   4.878909776184770E-18   3.252606517456513E-19  -3.996617199047620E-04
      </IFC>
    </s_s1_m1_m2_m3.1.1.2.4.4>
    <s_s1_m1_m2_m3.1.1.3.4.4>
      <IFC>
  -3.991420600787249E-04  -4.846091342550258E-04  -4.915183812505576E-04
  -3.571581627843423E-04  -3.108900294526169E-04   3.571581627843381E-04
  -4.915183812505576E-04   4.846091342550221E-04  -3.991420600787197E-04
      </IFC>
    </s_s1_m1_m2_m3.1.1.3.4.4>
    <s_s1_m1_m2_m3.1.1.4.4.4>
      <IFC>
  -3.042765766314093E-05  -3.794707603699266E-19   3.144186300207963E-18
  -3.794707603699266E-19  -3.042765766314614E-05  -3.252606517456513E-18
   3.144186300207963E-18  -3.252606517456513E-18  -3.042765766314267E-05
      </IFC>
    </s_s1_m1_m2_m3.1.1.4.4.4>
    <s_s1_m1_m2_m3.1.2.1.1.1>
      <IFC>
  -6.715648031057617E-02  -4.141960302298296E-02  -4.141960302298296E-02
  -4.141960302298296E-02  -6.715648031057617E-02  -4.141960302298298E-02
  -4.141960302298297E-02  -4.141960302298298E-02  -6.715648031057617E-02
      </IFC>
    </s_s1_m1_m2_m3.1.2.1.1.1>
    <s_s1_m1_m2_m3.1.2.2.1.1>
      <IFC>
   3.787987739221414E-04   8.241442165531444E-04  -8.241442165531460E-04
   8.241442165531470E-04   4.584368360605733E-04   4.169226026471835E-04
  -8.241442165531464E-04   4.169226026471822E-04   4.584368360605729E-04
      </IFC>
    </s_s1_m1_m2_m3.1.2.2.1.1>
    <s_s1_m1_m2_m3.1.2.3.1.1>
      <IFC>
   3.667235253165542E-05   3.424597607684949E-04  -8.800980181020331E-06
   3.424597607684957E-04  -3.884200872828343E-05   3.424597607684953E-04
  -8.800980181019246E-06   3.424597607684949E-04   3.667235253165856E-05
      </IFC>
    </s_s1_m1_m2_m3.1.2.3.1.1>
    <s_s1_m1_m2_m3.1.2.4.1.1>
      <IFC>
   4.584368360605741E-04   4.169226026471798E-04  -8.241442165531439E-04
   4.169226026471826E-04   4.584368360605749E-04   8.241442165531438E-04
  -8.241442165531451E-04   8.241442165531425E-04   3.787987739221453E-04
      </IFC>
    </s_s1_m1_m2_m3.1.2.4.1.1>
    <s_s1_m1_m2_m3.1.2.1.2.1>
      <IFC>
  -6.715648031057615E-02   4.141960302298297E-02   4.141960302298296E-02
   4.141960302298296E-02  -6.715648031057617E-02  -4.141960302298297E-02
   4.141960302298296E-02  -4.141960302298297E-02  -6.715648031057617E-02
      </IFC>
    </s_s1_m1_m2_m3.1.2.1.2.1>
    <s_s1_m1_m2_m3.1.2.2.2.1>
      <IFC>
  -4.431665595866336E-04  -1.098593540359288E-03   5.182441459254284E-04
  -1.098593540359287E-03  -4.017910939954350E-03   1.098593540359290E-03
   5.182441459254290E-04   1.098593540359290E-03  -4.431665595866334E-04
      </IFC>
    </s_s1_m1_m2_m3.1.2.2.2.1>
    <s_s1_m1_m2_m3.1.2.3.2.1>
      <IFC>
  -4.431665595866361E-04   1.098593540359288E-03   5.182441459254255E-04
   1.098593540359286E-03  -4.017910939954357E-03  -1.098593540359286E-03
   5.182441459254245E-04  -1.098593540359285E-03  -4.431665595866318E-04
      </IFC>
    </s_s1_m1_m2_m3.1.2.3.2.1>
    <s_s1_m1_m2_m3.1.2.4.2.1>
      <IFC>
  -6.715648031057617E-02  -4.141960302298296E-02   4.141960302298297E-02
  -4.141960302298296E-02  -6.715648031057617E-02   4.141960302298296E-02
   4.141960302298297E-02   4.141960302298296E-02  -6.715648031057615E-02
      </IFC>
    </s_s1_m1_m2_m3.1.2.4.2.1>
    <s_s1_m1_m2_m3.1.2.1.3.1>
      <IFC>
  -4.017910939954347E-03  -1.098593540359289E-03  -1.098593540359290E-03
  -1.098593540359290E-03  -4.431665595866340E-04  -5.182441459254351E-04
  -1.098593540359290E-03  -5.182441459254334E-04  -4.431665595866358E-04
      </IFC>
    </s_s1_m1_m2_m3.1.2.1.3.1>
    <s_s1_m1_m2_m3.1.2.2.3.1>
      <IFC>
   6.854186930786387E-04   8.253051661661249E-04  -8.253051661661272E-04
   8.253051661661284E-04   6.854186930786344E-04   8.253051661661262E-04
  -8.253051661661278E-04   8.253051661661241E-04   6.854186930786310E-04
      </IFC>
    </s_s1_m1_m2_m3.1.2.2.3.1>
    <s_s1_m1_m2_m3.1.2.3.3.1>
      <IFC>
  -4.431665595866302E-04  -5.182441459254271E-04  -1.098593540359289E-03
  -5.182441459254259E-04  -4.431665595866321E-04  -1.098593540359289E-03
  -1.098593540359289E-03  -1.098593540359288E-03  -4.017910939954353E-03
      </IFC>
    </s_s1_m1_m2_m3.1.2.3.3.1>
    <s_s1_m1_m2_m3.1.2.4.3.1>
      <IFC>
   4.584368360605731E-04   8.241442165531457E-04  -4.169226026471816E-04
   8.241442165531481E-04   3.787987739221409E-04   8.241442165531479E-04
  -4.169226026471830E-04   8.241442165531474E-04   4.584368360605722E-04
      </IFC>
    </s_s1_m1_m2_m3.1.2.4.3.1>
    <s_s1_m1_m2_m3.1.2.1.4.1>
      <IFC>
  -4.017910939954350E-03   1.098593540359285E-03   1.098593540359284E-03
   1.098593540359286E-03  -4.431665595866392E-04  -5.182441459254290E-04
   1.098593540359285E-03  -5.182441459254288E-04  -4.431665595866425E-04
      </IFC>
    </s_s1_m1_m2_m3.1.2.1.4.1>
    <s_s1_m1_m2_m3.1.2.2.4.1>
      <IFC>
  -4.431665595866336E-04  -5.182441459254247E-04   1.098593540359288E-03
  -5.182441459254232E-04  -4.431665595866310E-04   1.098593540359288E-03
   1.098593540359288E-03   1.098593540359288E-03  -4.017910939954354E-03
      </IFC>
    </s_s1_m1_m2_m3.1.2.2.4.1>
    <s_s1_m1_m2_m3.1.2.3.4.1>
      <IFC>
   3.667235253165211E-05   8.800980181020995E-06  -3.424597607684980E-04
   8.800980181020669E-06   3.667235253164886E-05   3.424597607684981E-04
  -3.424597607685005E-04   3.424597607684993E-04  -3.884200872828657E-05
      </IFC>
    </s_s1_m1_m2_m3.1.2.3.4.1>
    <s_s1_m1_m2_m3.1.2.4.4.1>
      <IFC>
  -3.884200872828272E-05   3.424597607684940E-04  -3.424597607684975E-04
   3.424597607684966E-04   3.667235253165466E-05   8.800980181024667E-06
  -3.424597607684966E-04   8.800980181023800E-06   3.667235253165292E-05
      </IFC>
    </s_s1_m1_m2_m3.1.2.4.4.1>
    <s_s1_m1_m2_m3.1.2.1.1.2>
      <IFC>
   3.787987739221413E-04  -8.241442165531445E-04   8.241442165531467E-04
  -8.241442165531441E-04   4.584368360605771E-04   4.169226026471818E-04
   8.241442165531458E-04   4.169226026471805E-04   4.584368360605797E-04
      </IFC>
    </s_s1_m1_m2_m3.1.2.1.1.2>
    <s_s1_m1_m2_m3.1.2.2.1.2>
      <IFC>
   3.293987342000963E-04  -1.545572371866588E-04  -1.545572371866585E-04
  -1.545572371866595E-04   3.595808514177159E-04   1.200506664152355E-04
  -1.545572371866598E-04   1.200506664152354E-04   3.595808514177148E-04
      </IFC>
    </s_s1_m1_m2_m3.1.2.2.1.2>
    <s_s1_m1_m2_m3.1.2.3.1.2>
      <IFC>
   3.595808514177154E-04   1.200506664152362E-04  -1.545572371866592E-04
   1.200506664152370E-04   3.595808514177139E-04  -1.545572371866608E-04
  -1.545572371866597E-04  -1.545572371866608E-04   3.293987342001005E-04
      </IFC>
    </s_s1_m1_m2_m3.1.2.3.1.2>
    <s_s1_m1_m2_m3.1.2.4.1.2>
      <IFC>
   4.584368360605785E-04   4.169226026471829E-04   8.241442165531490E-04
   4.169226026471827E-04   4.584368360605737E-04  -8.241442165531495E-04
   8.241442165531474E-04  -8.241442165531497E-04   3.787987739221486E-04
      </IFC>
    </s_s1_m1_m2_m3.1.2.4.1.2>
    <s_s1_m1_m2_m3.1.2.1.2.2>
      <IFC>
  -4.431665595866288E-04   5.182441459254325E-04  -1.098593540359290E-03
   5.182441459254360E-04  -4.431665595866427E-04   1.098593540359287E-03
  -1.098593540359290E-03   1.098593540359287E-03  -4.017910939954364E-03
      </IFC>
    </s_s1_m1_m2_m3.1.2.1.2.2>
    <s_s1_m1_m2_m3.1.2.2.2.2>
      <IFC>
   6.854186930786325E-04  -8.253051661661278E-04  -8.253051661661245E-04
  -8.253051661661265E-04   6.854186930786363E-04  -8.253051661661255E-04
  -8.253051661661248E-04  -8.253051661661277E-04   6.854186930786302E-04
      </IFC>
    </s_s1_m1_m2_m3.1.2.2.2.2>
    <s_s1_m1_m2_m3.1.2.3.2.2>
      <IFC>
  -4.017910939954352E-03   1.098593540359289E-03  -1.098593540359287E-03
   1.098593540359291E-03  -4.431665595866338E-04   5.182441459254283E-04
  -1.098593540359288E-03   5.182441459254257E-04  -4.431665595866321E-04
      </IFC>
    </s_s1_m1_m2_m3.1.2.3.2.2>
    <s_s1_m1_m2_m3.1.2.4.2.2>
      <IFC>
   4.584368360605737E-04  -8.241442165531453E-04  -4.169226026471841E-04
  -8.241442165531427E-04   3.787987739221449E-04  -8.241442165531504E-04
  -4.169226026471823E-04  -8.241442165531497E-04   4.584368360605742E-04
      </IFC>
    </s_s1_m1_m2_m3.1.2.4.2.2>
    <s_s1_m1_m2_m3.1.2.1.3.2>
      <IFC>
   6.854186930786363E-04  -8.253051661661266E-04   8.253051661661253E-04
  -8.253051661661261E-04   6.854186930786372E-04   8.253051661661283E-04
   8.253051661661261E-04   8.253051661661270E-04   6.854186930786346E-04
      </IFC>
    </s_s1_m1_m2_m3.1.2.1.3.2>
    <s_s1_m1_m2_m3.1.2.2.3.2>
      <IFC>
   6.854186930786360E-04   8.253051661661277E-04   8.253051661661258E-04
   8.253051661661277E-04   6.854186930786393E-04  -8.253051661661286E-04
   8.253051661661249E-04  -8.253051661661304E-04   6.854186930786343E-04
      </IFC>
    </s_s1_m1_m2_m3.1.2.2.3.2>
    <s_s1_m1_m2_m3.1.2.3.3.2>
      <IFC>
   3.595808514177136E-04   1.545572371866608E-04  -1.200506664152372E-04
   1.545572371866603E-04   3.293987342000949E-04  -1.545572371866590E-04
  -1.200506664152368E-04  -1.545572371866603E-04   3.595808514177117E-04
      </IFC>
    </s_s1_m1_m2_m3.1.2.3.3.2>
    <s_s1_m1_m2_m3.1.2.4.3.2>
      <IFC>
   3.595808514177158E-04  -1.545572371866575E-04  -1.200506664152343E-04
  -1.545572371866588E-04   3.293987342000988E-04   1.545572371866584E-04
  -1.200506664152367E-04   1.545572371866577E-04   3.595808514177149E-04
      </IFC>
    </s_s1_m1_m2_m3.1.2.4.3.2>
    <s_s1_m1_m2_m3.1.2.1.4.2>
      <IFC>
  -4.431665595866321E-04   1.098593540359289E-03  -5.182441459254243E-04
   1.098593540359290E-03  -4.017910939954355E-03   1.098593540359289E-03
  -5.182441459254250E-04   1.098593540359287E-03  -4.431665595866308E-04
      </IFC>
    </s_s1_m1_m2_m3.1.2.1.4.2>
    <s_s1_m1_m2_m3.1.2.2.4.2>
      <IFC>
   3.293987342000893E-04   1.545572371866594E-04   1.545572371866624E-04
   1.545572371866609E-04   3.595808514177126E-04   1.200506664152370E-04
   1.545572371866614E-04   1.200506664152354E-04   3.595808514177161E-04
      </IFC>
    </s_s1_m1_m2_m3.1.2.2.4.2>
    <s_s1_m1_m2_m3.1.2.3.4.2>
      <IFC>
   5.613898977479561E-04  -1.569437806821085E-04   1.569437806821105E-04
  -1.569437806821070E-04   5.613898977479563E-04  -1.569437806821077E-04
   1.569437806821096E-04  -1.569437806821099E-04   5.613898977479580E-04
      </IFC>
    </s_s1_m1_m2_m3.1.2.3.4.2>
    <s_s1_m1_m2_m3.1.2.4.4.2>
      <IFC>
   3.595808514177135E-04   1.200506664152369E-04   1.545572371866607E-04
   1.200506664152363E-04   3.595808514177158E-04   1.545572371866608E-04
   1.545572371866618E-04   1.545572371866601E-04   3.293987342001041E-04
      </IFC>
    </s_s1_m1_m2_m3.1.2.4.4.2>
    <s_s1_m1_m2_m3.1.2.1.1.3>
      <IFC>
   3.667235253165119E-05  -8.800980181019463E-06   3.424597607684966E-04
  -8.800980181019463E-06   3.667235253165813E-05   3.424597607684932E-04
   3.424597607685001E-04   3.424597607684966E-04  -3.884200872827925E-05
      </IFC>
    </s_s1_m1_m2_m3.1.2.1.1.3>
    <s_s1_m1_m2_m3.1.2.2.1.3>
      <IFC>
   3.595808514177153E-04  -1.545572371866611E-04   1.200506664152377E-04
  -1.545572371866587E-04   3.293987342000984E-04  -1.545572371866594E-04
   1.200506664152376E-04  -1.545572371866611E-04   3.595808514177118E-04
      </IFC>
    </s_s1_m1_m2_m3.1.2.2.1.3>
    <s_s1_m1_m2_m3.1.2.3.1.3>
      <IFC>
  -3.884200872828001E-05   3.424597607684958E-04   3.424597607684953E-04
   3.424597607684963E-04   3.667235253165146E-05  -8.800980181023746E-06
   3.424597607684947E-04  -8.800980181023854E-06   3.667235253165596E-05
      </IFC>
    </s_s1_m1_m2_m3.1.2.3.1.3>
    <s_s1_m1_m2_m3.1.2.4.1.3>
      <IFC>
   2.967608361704280E-04  -1.449288640007475E-04   1.449288640007467E-04
  -1.449288640007449E-04   2.967608361704265E-04  -1.449288640007431E-04
   1.449288640007462E-04  -1.449288640007440E-04   2.967608361704211E-04
      </IFC>
    </s_s1_m1_m2_m3.1.2.4.1.3>
    <s_s1_m1_m2_m3.1.2.1.2.3>
      <IFC>
  -4.431665595866358E-04   5.182441459254325E-04   1.098593540359283E-03
   5.182441459254290E-04  -4.431665595866358E-04  -1.098593540359287E-03
   1.098593540359283E-03  -1.098593540359287E-03  -4.017910939954357E-03
      </IFC>
    </s_s1_m1_m2_m3.1.2.1.2.3>
    <s_s1_m1_m2_m3.1.2.2.2.3>
      <IFC>
  -4.017910939954350E-03  -1.098593540359288E-03   1.098593540359289E-03
  -1.098593540359287E-03  -4.431665595866323E-04   5.182441459254284E-04
   1.098593540359289E-03   5.182441459254286E-04  -4.431665595866381E-04
      </IFC>
    </s_s1_m1_m2_m3.1.2.2.2.3>
    <s_s1_m1_m2_m3.1.2.3.2.3>
      <IFC>
  -3.884200872828370E-05  -3.424597607684994E-04  -3.424597607684987E-04
  -3.424597607684983E-04   3.667235253165075E-05  -8.800980181022282E-06
  -3.424597607684992E-04  -8.800980181021632E-06   3.667235253165287E-05
      </IFC>
    </s_s1_m1_m2_m3.1.2.3.2.3>
    <s_s1_m1_m2_m3.1.2.4.2.3>
      <IFC>
   3.667235253165119E-05  -8.800980181019463E-06  -3.424597607685001E-04
  -8.800980181019463E-06   3.667235253165119E-05  -3.424597607684966E-04
  -3.424597607685001E-04  -3.424597607684966E-04  -3.884200872829313E-05
      </IFC>
    </s_s1_m1_m2_m3.1.2.4.2.3>
    <s_s1_m1_m2_m3.1.2.1.3.3>
      <IFC>
  -4.431665595866323E-04  -1.098593540359287E-03  -5.182441459254264E-04
  -1.098593540359287E-03  -4.017910939954355E-03  -1.098593540359288E-03
  -5.182441459254256E-04  -1.098593540359288E-03  -4.431665595866288E-04
      </IFC>
    </s_s1_m1_m2_m3.1.2.1.3.3>
    <s_s1_m1_m2_m3.1.2.2.3.3>
      <IFC>
   3.595808514177154E-04  -1.200506664152393E-04   1.545572371866614E-04
  -1.200506664152365E-04   3.595808514177125E-04  -1.545572371866578E-04
   1.545572371866607E-04  -1.545572371866596E-04   3.293987342000987E-04
      </IFC>
    </s_s1_m1_m2_m3.1.2.2.3.3>
    <s_s1_m1_m2_m3.1.2.3.3.3>
      <IFC>
   5.613898977479579E-04   1.569437806821087E-04   1.569437806821109E-04
   1.569437806821097E-04   5.613898977479533E-04   1.569437806821061E-04
   1.569437806821098E-04   1.569437806821052E-04   5.613898977479569E-04
      </IFC>
    </s_s1_m1_m2_m3.1.2.3.3.3>
    <s_s1_m1_m2_m3.1.2.4.3.3>
      <IFC>
   3.293987342001000E-04  -1.545572371866607E-04   1.545572371866614E-04
  -1.545572371866581E-04   3.595808514177104E-04  -1.200506664152356E-04
   1.545572371866611E-04  -1.200506664152365E-04   3.595808514177142E-04
      </IFC>
    </s_s1_m1_m2_m3.1.2.4.3.3>
    <s_s1_m1_m2_m3.1.2.1.4.3>
      <IFC>
   3.667235253165119E-05  -3.424597607684967E-04   8.800980181021632E-06
  -3.424597607684998E-04  -3.884200872828272E-05   3.424597607684984E-04
   8.800980181019138E-06   3.424597607685003E-04   3.667235253165140E-05
      </IFC>
    </s_s1_m1_m2_m3.1.2.1.4.3>
    <s_s1_m1_m2_m3.1.2.2.4.3>
      <IFC>
   5.613898977479561E-04   1.569437806821085E-04  -1.569437806821061E-04
   1.569437806821087E-04   5.613898977479561E-04  -1.569437806821087E-04
  -1.569437806821050E-04  -1.569437806821089E-04   5.613898977479591E-04
      </IFC>
    </s_s1_m1_m2_m3.1.2.2.4.3>
    <s_s1_m1_m2_m3.1.2.3.4.3>
      <IFC>
   5.613898977479533E-04  -1.569437806821115E-04  -1.569437806821079E-04
  -1.569437806821120E-04   5.613898977479528E-04   1.569437806821109E-04
  -1.569437806821074E-04   1.569437806821106E-04   5.613898977479530E-04
      </IFC>
    </s_s1_m1_m2_m3.1.2.3.4.3>
    <s_s1_m1_m2_m3.1.2.4.4.3>
      <IFC>
   3.667235253165466E-05   3.424597607684923E-04   8.800980181025535E-06
   3.424597607684932E-04  -3.884200872828272E-05  -3.424597607684949E-04
   8.800980181026402E-06  -3.424597607684958E-04   3.667235253165639E-05
      </IFC>
    </s_s1_m1_m2_m3.1.2.4.4.3>
    <s_s1_m1_m2_m3.1.2.1.1.4>
      <IFC>
   4.584368360605745E-04  -8.241442165531437E-04   4.169226026471814E-04
  -8.241442165531441E-04   3.787987739221456E-04   8.241442165531463E-04
   4.169226026471823E-04   8.241442165531441E-04   4.584368360605762E-04
      </IFC>
    </s_s1_m1_m2_m3.1.2.1.1.4>
    <s_s1_m1_m2_m3.1.2.2.1.4>
      <IFC>
   4.584368360605766E-04   8.241442165531473E-04   4.169226026471813E-04
   8.241442165531469E-04   3.787987739221448E-04  -8.241442165531491E-04
   4.169226026471804E-04  -8.241442165531502E-04   4.584368360605742E-04
      </IFC>
    </s_s1_m1_m2_m3.1.2.2.1.4>
    <s_s1_m1_m2_m3.1.2.3.1.4>
      <IFC>
   2.967608361704285E-04   1.449288640007461E-04  -1.449288640007450E-04
   1.449288640007465E-04   2.967608361704253E-04  -1.449288640007435E-04
  -1.449288640007450E-04  -1.449288640007448E-04   2.967608361704240E-04
      </IFC>
    </s_s1_m1_m2_m3.1.2.3.1.4>
    <s_s1_m1_m2_m3.1.2.4.1.4>
      <IFC>
   2.967608361704264E-04  -1.449288640007445E-04  -1.449288640007427E-04
  -1.449288640007458E-04   2.967608361704309E-04   1.449288640007471E-04
  -1.449288640007447E-04   1.449288640007452E-04   2.967608361704256E-04
      </IFC>
    </s_s1_m1_m2_m3.1.2.4.1.4>
    <s_s1_m1_m2_m3.1.2.1.2.4>
      <IFC>
  -6.715648031057617E-02   4.141960302298297E-02  -4.141960302298298E-02
   4.141960302298298E-02  -6.715648031057617E-02   4.141960302298297E-02
  -4.141960302298298E-02   4.141960302298297E-02  -6.715648031057615E-02
      </IFC>
    </s_s1_m1_m2_m3.1.2.1.2.4>
    <s_s1_m1_m2_m3.1.2.2.2.4>
      <IFC>
   4.584368360605748E-04  -4.169226026471802E-04  -8.241442165531479E-04
  -4.169226026471807E-04   4.584368360605762E-04  -8.241442165531486E-04
  -8.241442165531480E-04  -8.241442165531499E-04   3.787987739221490E-04
      </IFC>
    </s_s1_m1_m2_m3.1.2.2.2.4>
    <s_s1_m1_m2_m3.1.2.3.2.4>
      <IFC>
   3.667235253165466E-05  -3.424597607684964E-04  -8.800980181020439E-06
  -3.424597607684945E-04  -3.884200872828034E-05  -3.424597607684959E-04
  -8.800980181021198E-06  -3.424597607684976E-04   3.667235253165921E-05
      </IFC>
    </s_s1_m1_m2_m3.1.2.3.2.4>
    <s_s1_m1_m2_m3.1.2.4.2.4>
      <IFC>
   3.787987739221420E-04  -8.241442165531464E-04  -8.241442165531474E-04
  -8.241442165531420E-04   4.584368360605778E-04  -4.169226026471813E-04
  -8.241442165531458E-04  -4.169226026471818E-04   4.584368360605748E-04
      </IFC>
    </s_s1_m1_m2_m3.1.2.4.2.4>
    <s_s1_m1_m2_m3.1.2.1.3.4>
      <IFC>
   4.584368360605745E-04  -4.169226026471818E-04   8.241442165531484E-04
  -4.169226026471805E-04   4.584368360605771E-04   8.241442165531454E-04
   8.241442165531476E-04   8.241442165531450E-04   3.787987739221500E-04
      </IFC>
    </s_s1_m1_m2_m3.1.2.1.3.4>
    <s_s1_m1_m2_m3.1.2.2.3.4>
      <IFC>
   3.595808514177142E-04  -1.200506664152368E-04  -1.545572371866561E-04
  -1.200506664152366E-04   3.595808514177153E-04   1.545572371866576E-04
  -1.545572371866583E-04   1.545572371866572E-04   3.293987342001013E-04
      </IFC>
    </s_s1_m1_m2_m3.1.2.2.3.4>
    <s_s1_m1_m2_m3.1.2.3.3.4>
      <IFC>
   3.293987342000986E-04   1.545572371866612E-04  -1.545572371866575E-04
   1.545572371866621E-04   3.595808514177152E-04  -1.200506664152383E-04
  -1.545572371866575E-04  -1.200506664152383E-04   3.595808514177147E-04
      </IFC>
    </s_s1_m1_m2_m3.1.2.3.3.4>
    <s_s1_m1_m2_m3.1.2.4.3.4>
      <IFC>
   3.787987739221425E-04   8.241442165531504E-04   8.241442165531496E-04
