<?xml version="1.0" encoding="UTF-8"?>
<Root>
  <GEOMETRY_INFO>
    <NUMBER_OF_TYPES>1</NUMBER_OF_TYPES>
    <NUMBER_OF_ATOMS>2</NUMBER_OF_ATOMS>
    <BRAVAIS_LATTICE_INDEX>2</BRAVAIS_LATTICE_INDEX>
    <SPIN_COMPONENTS>1</SPIN_COMPONENTS>
    <CELL_DIMENSIONS>
   1.030000000000000E+01   0.000000000000000E+00   0.000000000000000E+00
   0.000000000000000E+00   0.000000000000000E+00   0.000000000000000E+00
    </CELL_DIMENSIONS>
    <AT>
  -4.999999999999998E-01   0.000000000000000E+00   4.999999999999998E-01
   0.000000000000000E+00   4.999999999999998E-01   4.999999999999998E-01
  -4.999999999999998E-01   4.999999999999998E-01   0.000000000000000E+00
    </AT>
    <BG>
  -1.000000000000000E+00  -1.000000000000000E+00   1.000000000000000E+00
   1.000000000000000E+00   1.000000000000000E+00   1.000000000000000E+00
  -1.000000000000000E+00   1.000000000000000E+00  -1.000000000000000E+00
    </BG>
    <UNIT_CELL_VOLUME_AU>273.18174999999979</UNIT_CELL_VOLUME_AU>
    <TYPE_NAME.1>Si</TYPE_NAME.1>
    <MASS.1>28.085999999999999</MASS.1>
    <ATOM.1 SPECIES="Si" INDEX="1" TAU="0.0000000000000000 0.0000000000000000 0.0000000000000000"/>
    <ATOM.2 SPECIES="Si" INDEX="1" TAU="0.25000000000000000 0.25000000000000000 0.25000000000000000"/>
    <NUMBER_OF_Q>6</NUMBER_OF_Q>
  </GEOMETRY_INFO>
  <DIELECTRIC_PROPERTIES epsil="true" zstar="true" raman="false">
    <EPSILON>
   2.317494096590593E+01  -1.243449787580175E-14  -1.776356839400250E-15
  -1.776356839400250E-14   2.317494096590592E+01   1.065814103640150E-14
  -1.776356839400250E-15   1.776356839400250E-15   2.317494096590593E+01
    </EPSILON>
    <ZSTAR>
      <Z_AT_.1>
   8.881784197001252E-16   0.000000000000000E+00   8.881784197001252E-16
   0.000000000000000E+00   8.881784197001252E-16  -1.332267629550188E-15
   0.000000000000000E+00   0.000000000000000E+00   1.110223024625157E-15
      </Z_AT_.1>
      <Z_AT_.2>
  -1.110223024625157E-15   0.000000000000000E+00  -8.881784197001252E-16
   0.000000000000000E+00  -1.110223024625157E-15   1.332267629550188E-15
   0.000000000000000E+00   0.000000000000000E+00  -8.881784197001252E-16
      </Z_AT_.2>
    </ZSTAR>
  </DIELECTRIC_PROPERTIES>
  <INTERATOMIC_FORCE_CONSTANTS>
    <MESH_NQ1_NQ2_NQ3>
                 4                 4                 4
    </MESH_NQ1_NQ2_NQ3>
    <s_s1_m1_m2_m3.1.1.1.1.1>
      <IFC>
   2.598731178657184E-01   1.788933584601082E-18  -2.873135757086587E-18
   1.788933584601082E-18   2.598731178657184E-01   4.472333961502706E-18
  -2.873135757086587E-18   4.472333961502706E-18   2.598731178657183E-01
      </IFC>
    </s_s1_m1_m2_m3.1.1.1.1.1>
    <s_s1_m1_m2_m3.1.1.2.1.1>
      <IFC>
  -3.362376992140817E-03  -1.794720930482846E-03   4.062478616144868E-03
   1.794720930482859E-03   1.026042294816283E-02  -1.794720930482853E-03
   4.062478616144868E-03   1.794720930482851E-03  -3.362376992140812E-03
      </IFC>
    </s_s1_m1_m2_m3.1.1.2.1.1>
    <s_s1_m1_m2_m3.1.1.3.1.1>
      <IFC>
  -7.015949832296121E-06  -4.174178364069192E-18   5.492701783580788E-04
  -4.174178364069192E-18   4.022359692254062E-03   1.095044194210359E-17
   5.492701783580788E-04   1.095044194210359E-17  -7.015949832291785E-06
      </IFC>
    </s_s1_m1_m2_m3.1.1.3.1.1>
    <s_s1_m1_m2_m3.1.1.4.1.1>
      <IFC>
  -3.362376992140817E-03   1.794720930482859E-03   4.062478616144868E-03
  -1.794720930482846E-03   1.026042294816283E-02   1.794720930482851E-03
   4.062478616144868E-03  -1.794720930482853E-03  -3.362376992140812E-03
      </IFC>
    </s_s1_m1_m2_m3.1.1.4.1.1>
    <s_s1_m1_m2_m3.1.1.1.2.1>
      <IFC>
   1.026042294816283E-02   1.794720930482858E-03   1.794720930482855E-03
  -1.794720930482847E-03  -3.362376992140818E-03  -4.062478616144869E-03
  -1.794720930482850E-03  -4.062478616144869E-03  -3.362376992140821E-03
      </IFC>
    </s_s1_m1_m2_m3.1.1.1.2.1>
    <s_s1_m1_m2_m3.1.1.2.2.1>
      <IFC>
  -3.902543808392079E-04  -4.963293418625831E-04   3.560219621190258E-04
  -4.963293418625829E-04  -3.902543808392079E-04  -3.560219621190212E-04
   4.824589140832780E-04  -4.824589140832731E-04  -3.072440382969411E-04
      </IFC>
    </s_s1_m1_m2_m3.1.1.2.2.1>
    <s_s1_m1_m2_m3.1.1.3.2.1>
      <IFC>
  -3.072440382969445E-04  -4.824589140832713E-04   4.824589140832771E-04
  -3.560219621190193E-04  -3.902543808392018E-04  -4.963293418625777E-04
   3.560219621190248E-04  -4.963293418625776E-04  -3.902543808392018E-04
      </IFC>
    </s_s1_m1_m2_m3.1.1.3.2.1>
    <s_s1_m1_m2_m3.1.1.4.2.1>
      <IFC>
  -3.362376992140820E-03  -4.062478616144880E-03  -1.794720930482849E-03
  -4.062478616144880E-03  -3.362376992140820E-03  -1.794720930482853E-03
   1.794720930482856E-03   1.794720930482851E-03   1.026042294816282E-02
      </IFC>
    </s_s1_m1_m2_m3.1.1.4.2.1>
    <s_s1_m1_m2_m3.1.1.1.3.1>
      <IFC>
   4.022359692254073E-03  -5.421010862427522E-18  -3.469446951953614E-18
  -5.421010862427522E-18  -7.015949832298723E-06  -5.492701783580777E-04
  -3.469446951953614E-18  -5.492701783580777E-04  -7.015949832274437E-06
      </IFC>
    </s_s1_m1_m2_m3.1.1.1.3.1>
    <s_s1_m1_m2_m3.1.1.2.3.1>
      <IFC>
  -3.902543808392009E-04  -3.560219621190187E-04   4.963293418625771E-04
  -4.824589140832705E-04  -3.072440382969441E-04  -4.824589140832744E-04
   4.963293418625770E-04  -3.560219621190225E-04  -3.902543808391992E-04
      </IFC>
    </s_s1_m1_m2_m3.1.1.2.3.1>
    <s_s1_m1_m2_m3.1.1.3.3.1>
      <IFC>
  -7.015949832285713E-06  -5.492701783580715E-04  -7.047314121155779E-19
  -5.492701783580715E-04  -7.015949832287448E-06   2.520770051028798E-18
  -7.047314121155779E-19   2.520770051028798E-18   4.022359692254066E-03
      </IFC>
    </s_s1_m1_m2_m3.1.1.3.3.1>
    <s_s1_m1_m2_m3.1.1.4.3.1>
      <IFC>
  -3.902543808392009E-04  -4.824589140832705E-04   4.963293418625770E-04
  -3.560219621190187E-04  -3.072440382969441E-04  -3.560219621190225E-04
   4.963293418625771E-04  -4.824589140832744E-04  -3.902543808391992E-04
      </IFC>
    </s_s1_m1_m2_m3.1.1.4.3.1>
    <s_s1_m1_m2_m3.1.1.1.4.1>
      <IFC>
   1.026042294816283E-02  -1.794720930482847E-03  -1.794720930482850E-03
   1.794720930482858E-03  -3.362376992140818E-03  -4.062478616144869E-03
   1.794720930482855E-03  -4.062478616144869E-03  -3.362376992140821E-03
      </IFC>
    </s_s1_m1_m2_m3.1.1.1.4.1>
    <s_s1_m1_m2_m3.1.1.2.4.1>
      <IFC>
  -3.362376992140820E-03  -4.062478616144880E-03   1.794720930482856E-03
  -4.062478616144880E-03  -3.362376992140820E-03   1.794720930482851E-03
  -1.794720930482849E-03  -1.794720930482853E-03   1.026042294816282E-02
      </IFC>
    </s_s1_m1_m2_m3.1.1.2.4.1>
    <s_s1_m1_m2_m3.1.1.3.4.1>
      <IFC>
  -3.072440382969445E-04  -3.560219621190193E-04   3.560219621190248E-04
  -4.824589140832713E-04  -3.902543808392018E-04  -4.963293418625776E-04
   4.824589140832771E-04  -4.963293418625777E-04  -3.902543808392018E-04
      </IFC>
    </s_s1_m1_m2_m3.1.1.3.4.1>
    <s_s1_m1_m2_m3.1.1.4.4.1>
      <IFC>
  -3.902543808392079E-04  -4.963293418625829E-04   4.824589140832780E-04
  -4.963293418625831E-04  -3.902543808392079E-04  -4.824589140832731E-04
   3.560219621190258E-04  -3.560219621190212E-04  -3.072440382969411E-04
      </IFC>
    </s_s1_m1_m2_m3.1.1.4.4.1>
    <s_s1_m1_m2_m3.1.1.1.1.2>
      <IFC>
  -3.362376992140828E-03   4.062478616144873E-03  -1.794720930482850E-03
   4.062478616144873E-03  -3.362376992140828E-03   1.794720930482850E-03
   1.794720930482855E-03  -1.794720930482854E-03   1.026042294816285E-02
      </IFC>
    </s_s1_m1_m2_m3.1.1.1.1.2>
    <s_s1_m1_m2_m3.1.1.2.1.2>
      <IFC>
  -3.072440382969532E-04   4.824589140832720E-04   4.824589140832767E-04
   3.560219621190201E-04  -3.902543808392044E-04   4.963293418625780E-04
   3.560219621190243E-04   4.963293418625780E-04  -3.902543808392061E-04
      </IFC>
    </s_s1_m1_m2_m3.1.1.2.1.2>
    <s_s1_m1_m2_m3.1.1.3.1.2>
      <IFC>
  -3.902543808391983E-04   4.963293418625810E-04   3.560219621190240E-04
   4.963293418625810E-04  -3.902543808391983E-04   3.560219621190210E-04
   4.824589140832764E-04   4.824589140832731E-04  -3.072440382969437E-04
      </IFC>
    </s_s1_m1_m2_m3.1.1.3.1.2>
    <s_s1_m1_m2_m3.1.1.4.1.2>
      <IFC>
   1.026042294816283E-02  -1.794720930482853E-03   1.794720930482855E-03
   1.794720930482851E-03  -3.362376992140817E-03   4.062478616144873E-03
  -1.794720930482849E-03   4.062478616144873E-03  -3.362376992140817E-03
      </IFC>
    </s_s1_m1_m2_m3.1.1.4.1.2>
    <s_s1_m1_m2_m3.1.1.1.2.2>
      <IFC>
  -3.902543808391949E-04   3.560219621190207E-04  -4.963293418625775E-04
   4.824589140832727E-04  -3.072440382969523E-04  -4.824589140832770E-04
  -4.963293418625775E-04  -3.560219621190251E-04  -3.902543808392053E-04
      </IFC>
    </s_s1_m1_m2_m3.1.1.1.2.2>
    <s_s1_m1_m2_m3.1.1.2.2.2>
      <IFC>
  -3.022263218046021E-05   1.463672932855431E-18   8.131516293641283E-19
   1.463672932855431E-18  -3.022263218045501E-05  -1.382357769919018E-18
   8.131516293641283E-19  -1.382357769919018E-18  -3.022263218045978E-05
      </IFC>
    </s_s1_m1_m2_m3.1.1.2.2.2>
    <s_s1_m1_m2_m3.1.1.3.2.2>
      <IFC>
  -3.902543808392035E-04  -3.560219621190263E-04  -4.963293418625713E-04
  -4.824589140832782E-04  -3.072440382969480E-04   4.824589140832752E-04
  -4.963293418625712E-04   3.560219621190232E-04  -3.902543808392053E-04
      </IFC>
    </s_s1_m1_m2_m3.1.1.3.2.2>
    <s_s1_m1_m2_m3.1.1.4.2.2>
      <IFC>
  -3.978865739383557E-04   8.673617379884035E-19   2.547875105340935E-18
   8.673617379884035E-19  -4.225489587557931E-04  -1.328147661294743E-18
   2.547875105340935E-18  -1.328147661294743E-18  -3.978865739383544E-04
      </IFC>
    </s_s1_m1_m2_m3.1.1.4.2.2>
    <s_s1_m1_m2_m3.1.1.1.3.2>
      <IFC>
  -3.902543808391966E-04   4.963293418625794E-04  -3.560219621190207E-04
   4.963293418625794E-04  -3.902543808391966E-04  -3.560219621190254E-04
  -4.824589140832729E-04  -4.824589140832776E-04  -3.072440382969471E-04
      </IFC>
    </s_s1_m1_m2_m3.1.1.1.3.2>
    <s_s1_m1_m2_m3.1.1.2.3.2>
      <IFC>
  -3.072440382969528E-04  -4.824589140832806E-04  -4.824589140832731E-04
  -3.560219621190288E-04  -3.902543808392044E-04   4.963293418625729E-04
  -3.560219621190209E-04   4.963293418625728E-04  -3.902543808391940E-04
      </IFC>
    </s_s1_m1_m2_m3.1.1.2.3.2>
    <s_s1_m1_m2_m3.1.1.3.3.2>
      <IFC>
  -4.339927802299772E-04  -1.069387916448904E-04  -6.648543613939551E-05
  -1.069387916448904E-04  -4.339927802299772E-04   6.648543613939944E-05
   6.648543613939752E-05  -6.648543613939397E-05  -3.836344649087581E-04
      </IFC>
    </s_s1_m1_m2_m3.1.1.3.3.2>
    <s_s1_m1_m2_m3.1.1.4.3.2>
      <IFC>
  -3.836344649087542E-04  -6.648543613940093E-05   6.648543613939893E-05
   6.648543613939231E-05  -4.339927802299815E-04  -1.069387916448909E-04
  -6.648543613939394E-05  -1.069387916448908E-04  -4.339927802299833E-04
      </IFC>
    </s_s1_m1_m2_m3.1.1.4.3.2>
    <s_s1_m1_m2_m3.1.1.1.4.2>
      <IFC>
  -3.362376992140819E-03   1.794720930482851E-03  -4.062478616144875E-03
  -1.794720930482854E-03   1.026042294816284E-02  -1.794720930482856E-03
  -4.062478616144875E-03   1.794720930482849E-03  -3.362376992140816E-03
      </IFC>
    </s_s1_m1_m2_m3.1.1.1.4.2>
    <s_s1_m1_m2_m3.1.1.2.4.2>
      <IFC>
  -4.225489587557879E-04   4.336808689942018E-19   4.282598581317743E-18
   4.336808689942018E-19  -3.978865739383505E-04  -3.550762114890027E-18
   4.282598581317743E-18  -3.550762114890027E-18  -3.978865739383405E-04
      </IFC>
    </s_s1_m1_m2_m3.1.1.2.4.2>
    <s_s1_m1_m2_m3.1.1.3.4.2>
      <IFC>
  -4.339927802299789E-04   6.648543613939337E-05   1.069387916448894E-04
  -6.648543613939990E-05  -3.836344649087572E-04  -6.648543613939738E-05
   1.069387916448893E-04   6.648543613939597E-05  -4.339927802299876E-04
      </IFC>
    </s_s1_m1_m2_m3.1.1.3.4.2>
    <s_s1_m1_m2_m3.1.1.4.4.2>
      <IFC>
  -3.978865739383453E-04   1.029992063861229E-18   6.017322057294550E-18
   1.029992063861229E-18  -3.978865739383505E-04  -1.761828530288945E-18
   6.017322057294550E-18  -1.761828530288945E-18  -4.225489587557875E-04
      </IFC>
    </s_s1_m1_m2_m3.1.1.4.4.2>
    <s_s1_m1_m2_m3.1.1.1.1.3>
      <IFC>
  -7.015949832267498E-06   5.492701783580832E-04  -7.372574772901430E-18
   5.492701783580832E-04  -7.015949832267498E-06   7.670730370334944E-18
  -7.372574772901430E-18   7.670730370334944E-18   4.022359692254091E-03
      </IFC>
    </s_s1_m1_m2_m3.1.1.1.1.3>
    <s_s1_m1_m2_m3.1.1.2.1.3>
      <IFC>
  -3.902543808392009E-04   3.560219621190285E-04   4.963293418625767E-04
   4.824589140832805E-04  -3.072440382969445E-04   4.824589140832757E-04
   4.963293418625767E-04   3.560219621190239E-04  -3.902543808391975E-04
      </IFC>
    </s_s1_m1_m2_m3.1.1.2.1.3>
    <s_s1_m1_m2_m3.1.1.3.1.3>
      <IFC>
   4.022359692254071E-03   1.680513367352532E-18   2.276824562219559E-18
   1.680513367352532E-18  -7.015949832287448E-06   5.492701783580775E-04
   2.276824562219559E-18   5.492701783580775E-04  -7.015949832291785E-06
      </IFC>
    </s_s1_m1_m2_m3.1.1.3.1.3>
    <s_s1_m1_m2_m3.1.1.4.1.3>
      <IFC>
  -3.902543808392009E-04   4.824589140832805E-04   4.963293418625767E-04
   3.560219621190285E-04  -3.072440382969445E-04   3.560219621190239E-04
   4.963293418625767E-04   4.824589140832757E-04  -3.902543808391975E-04
      </IFC>
    </s_s1_m1_m2_m3.1.1.4.1.3>
    <s_s1_m1_m2_m3.1.1.1.2.3>
      <IFC>
  -3.072440382969471E-04   4.824589140832781E-04  -4.824589140832722E-04
   3.560219621190261E-04  -3.902543808391966E-04  -4.963293418625780E-04
  -3.560219621190202E-04  -4.963293418625780E-04  -3.902543808392001E-04
      </IFC>
    </s_s1_m1_m2_m3.1.1.1.2.3>
    <s_s1_m1_m2_m3.1.1.2.2.3>
      <IFC>
  -3.902543808392079E-04  -4.963293418625776E-04  -3.560219621190200E-04
  -4.963293418625777E-04  -3.902543808392079E-04   3.560219621190270E-04
  -4.824589140832723E-04   4.824589140832789E-04  -3.072440382969515E-04
      </IFC>
    </s_s1_m1_m2_m3.1.1.2.2.3>
    <s_s1_m1_m2_m3.1.1.3.2.3>
      <IFC>
  -3.836344649087607E-04   6.648543613939836E-05   6.648543613939706E-05
  -6.648543613939497E-05  -4.339927802299807E-04   1.069387916448955E-04
  -6.648543613939595E-05   1.069387916448956E-04  -4.339927802299911E-04
      </IFC>
    </s_s1_m1_m2_m3.1.1.3.2.3>
    <s_s1_m1_m2_m3.1.1.4.2.3>
      <IFC>
  -4.339927802299850E-04   1.069387916448833E-04  -6.648543613939405E-05
   1.069387916448833E-04  -4.339927802299850E-04  -6.648543613939502E-05
   6.648543613939893E-05   6.648543613939817E-05  -3.836344649087624E-04
      </IFC>
    </s_s1_m1_m2_m3.1.1.4.2.3>
    <s_s1_m1_m2_m3.1.1.1.3.3>
      <IFC>
  -7.015949832298723E-06  -4.336808689942018E-19  -5.492701783580730E-04
  -4.336808689942018E-19   4.022359692254073E-03   5.312590645178972E-18
  -5.492701783580730E-04   5.312590645178972E-18  -7.015949832288315E-06
      </IFC>
    </s_s1_m1_m2_m3.1.1.1.3.3>
    <s_s1_m1_m2_m3.1.1.2.3.3>
      <IFC>
  -4.339927802299815E-04  -6.648543613939551E-05  -1.069387916448918E-04
   6.648543613939773E-05  -3.836344649087594E-04  -6.648543613939329E-05
  -1.069387916448917E-04   6.648543613939996E-05  -4.339927802299850E-04
      </IFC>
    </s_s1_m1_m2_m3.1.1.2.3.3>
    <s_s1_m1_m2_m3.1.1.3.3.3>
      <IFC>
  -1.260321750361486E-05   2.005774019098183E-18   1.734723475976807E-18
   2.005774019098183E-18  -1.260321750361313E-05   4.797594613248357E-18
   1.734723475976807E-18   4.797594613248357E-18  -1.260321750361573E-05
      </IFC>
    </s_s1_m1_m2_m3.1.1.3.3.3>
    <s_s1_m1_m2_m3.1.1.4.3.3>
      <IFC>
  -4.339927802299815E-04   6.648543613939773E-05  -1.069387916448917E-04
  -6.648543613939551E-05  -3.836344649087594E-04   6.648543613939996E-05
  -1.069387916448918E-04  -6.648543613939329E-05  -4.339927802299850E-04
      </IFC>
    </s_s1_m1_m2_m3.1.1.4.3.3>
    <s_s1_m1_m2_m3.1.1.1.4.3>
      <IFC>
  -3.072440382969471E-04   3.560219621190261E-04  -3.560219621190202E-04
   4.824589140832781E-04  -3.902543808391966E-04  -4.963293418625780E-04
  -4.824589140832722E-04  -4.963293418625780E-04  -3.902543808392001E-04
      </IFC>
    </s_s1_m1_m2_m3.1.1.1.4.3>
    <s_s1_m1_m2_m3.1.1.2.4.3>
      <IFC>
  -4.339927802299850E-04   1.069387916448833E-04   6.648543613939893E-05
   1.069387916448833E-04  -4.339927802299850E-04   6.648543613939817E-05
  -6.648543613939405E-05  -6.648543613939502E-05  -3.836344649087624E-04
      </IFC>
    </s_s1_m1_m2_m3.1.1.2.4.3>
    <s_s1_m1_m2_m3.1.1.3.4.3>
      <IFC>
  -3.836344649087607E-04  -6.648543613939497E-05  -6.648543613939595E-05
   6.648543613939836E-05  -4.339927802299807E-04   1.069387916448956E-04
   6.648543613939706E-05   1.069387916448955E-04  -4.339927802299911E-04
      </IFC>
    </s_s1_m1_m2_m3.1.1.3.4.3>
    <s_s1_m1_m2_m3.1.1.4.4.3>
      <IFC>
  -3.902543808392079E-04  -4.963293418625777E-04  -4.824589140832723E-04
  -4.963293418625776E-04  -3.902543808392079E-04   4.824589140832789E-04
  -3.560219621190200E-04   3.560219621190270E-04  -3.072440382969515E-04
      </IFC>
    </s_s1_m1_m2_m3.1.1.4.4.3>
    <s_s1_m1_m2_m3.1.1.1.1.4>
      <IFC>
  -3.362376992140828E-03   4.062478616144873E-03   1.794720930482855E-03
   4.062478616144873E-03  -3.362376992140828E-03  -1.794720930482854E-03
  -1.794720930482850E-03   1.794720930482850E-03   1.026042294816285E-02
      </IFC>
    </s_s1_m1_m2_m3.1.1.1.1.4>
    <s_s1_m1_m2_m3.1.1.2.1.4>
      <IFC>
   1.026042294816283E-02   1.794720930482851E-03  -1.794720930482849E-03
  -1.794720930482853E-03  -3.362376992140817E-03   4.062478616144873E-03
   1.794720930482855E-03   4.062478616144873E-03  -3.362376992140817E-03
      </IFC>
    </s_s1_m1_m2_m3.1.1.2.1.4>
    <s_s1_m1_m2_m3.1.1.3.1.4>
      <IFC>
  -3.902543808391983E-04   4.963293418625810E-04   4.824589140832764E-04
   4.963293418625810E-04  -3.902543808391983E-04   4.824589140832731E-04
   3.560219621190240E-04   3.560219621190210E-04  -3.072440382969437E-04
      </IFC>
    </s_s1_m1_m2_m3.1.1.3.1.4>
    <s_s1_m1_m2_m3.1.1.4.1.4>
      <IFC>
  -3.072440382969532E-04   3.560219621190201E-04   3.560219621190243E-04
   4.824589140832720E-04  -3.902543808392044E-04   4.963293418625780E-04
   4.824589140832767E-04   4.963293418625780E-04  -3.902543808392061E-04
      </IFC>
    </s_s1_m1_m2_m3.1.1.4.1.4>
    <s_s1_m1_m2_m3.1.1.1.2.4>
      <IFC>
  -3.362376992140819E-03  -1.794720930482854E-03  -4.062478616144875E-03
   1.794720930482851E-03   1.026042294816284E-02   1.794720930482849E-03
  -4.062478616144875E-03  -1.794720930482856E-03  -3.362376992140816E-03
      </IFC>
    </s_s1_m1_m2_m3.1.1.1.2.4>
    <s_s1_m1_m2_m3.1.1.2.2.4>
      <IFC>
  -3.978865739383453E-04   1.029992063861229E-18   6.017322057294550E-18
   1.029992063861229E-18  -3.978865739383505E-04  -1.761828530288945E-18
   6.017322057294550E-18  -1.761828530288945E-18  -4.225489587557875E-04
      </IFC>
    </s_s1_m1_m2_m3.1.1.2.2.4>
    <s_s1_m1_m2_m3.1.1.3.2.4>
      <IFC>
  -4.339927802299789E-04  -6.648543613939990E-05   1.069387916448893E-04
   6.648543613939337E-05  -3.836344649087572E-04   6.648543613939597E-05
   1.069387916448894E-04  -6.648543613939738E-05  -4.339927802299876E-04
      </IFC>
    </s_s1_m1_m2_m3.1.1.3.2.4>
    <s_s1_m1_m2_m3.1.1.4.2.4>
      <IFC>
  -4.225489587557879E-04   4.336808689942018E-19   4.282598581317743E-18
   4.336808689942018E-19  -3.978865739383505E-04  -3.550762114890027E-18
   4.282598581317743E-18  -3.550762114890027E-18  -3.978865739383405E-04
      </IFC>
    </s_s1_m1_m2_m3.1.1.4.2.4>
    <s_s1_m1_m2_m3.1.1.1.3.4>
      <IFC>
  -3.902543808391966E-04   4.963293418625794E-04  -4.824589140832729E-04
   4.963293418625794E-04  -3.902543808391966E-04  -4.824589140832776E-04
  -3.560219621190207E-04  -3.560219621190254E-04  -3.072440382969471E-04
      </IFC>
    </s_s1_m1_m2_m3.1.1.1.3.4>
    <s_s1_m1_m2_m3.1.1.2.3.4>
      <IFC>
  -3.836344649087542E-04   6.648543613939231E-05  -6.648543613939394E-05
  -6.648543613940093E-05  -4.339927802299815E-04  -1.069387916448908E-04
   6.648543613939893E-05  -1.069387916448909E-04  -4.339927802299833E-04
      </IFC>
    </s_s1_m1_m2_m3.1.1.2.3.4>
    <s_s1_m1_m2_m3.1.1.3.3.4>
      <IFC>
  -4.339927802299772E-04  -1.069387916448904E-04   6.648543613939752E-05
  -1.069387916448904E-04  -4.339927802299772E-04  -6.648543613939397E-05
  -6.648543613939551E-05   6.648543613939944E-05  -3.836344649087581E-04
      </IFC>
    </s_s1_m1_m2_m3.1.1.3.3.4>
    <s_s1_m1_m2_m3.1.1.4.3.4>
      <IFC>
  -3.072440382969528E-04  -3.560219621190288E-04  -3.560219621190209E-04
  -4.824589140832806E-04  -3.902543808392044E-04   4.963293418625728E-04
  -4.824589140832731E-04   4.963293418625729E-04  -3.902543808391940E-04
      </IFC>
    </s_s1_m1_m2_m3.1.1.4.3.4>
    <s_s1_m1_m2_m3.1.1.1.4.4>
      <IFC>
  -3.902543808391949E-04   4.824589140832727E-04  -4.963293418625775E-04
   3.560219621190207E-04  -3.072440382969523E-04  -3.560219621190251E-04
  -4.963293418625775E-04  -4.824589140832770E-04  -3.902543808392053E-04
      </IFC>
    </s_s1_m1_m2_m3.1.1.1.4.4>
    <s_s1_m1_m2_m3.1.1.2.4.4>
      <IFC>
  -3.978865739383557E-04   8.673617379884035E-19   2.547875105340935E-18
   8.673617379884035E-19  -4.225489587557931E-04  -1.328147661294743E-18
   2.547875105340935E-18  -1.328147661294743E-18  -3.978865739383544E-04
      </IFC>
    </s_s1_m1_m2_m3.1.1.2.4.4>
    <s_s1_m1_m2_m3.1.1.3.4.4>
      <IFC>
  -3.902543808392035E-04  -4.824589140832782E-04  -4.963293418625712E-04
  -3.560219621190263E-04  -3.072440382969480E-04   3.560219621190232E-04
  -4.963293418625713E-04   4.824589140832752E-04  -3.902543808392053E-04
      </IFC>
    </s_s1_m1_m2_m3.1.1.3.4.4>
    <s_s1_m1_m2_m3.1.1.4.4.4>
      <IFC>
  -3.022263218046021E-05   1.463672932855431E-18   8.131516293641283E-19
   1.463672932855431E-18  -3.022263218045501E-05  -1.382357769919018E-18
   8.131516293641283E-19  -1.382357769919018E-18  -3.022263218045978E-05
      </IFC>
    </s_s1_m1_m2_m3.1.1.4.4.4>
    <s_s1_m1_m2_m3.1.2.1.1.1>
      <IFC>
  -6.529853645278147E-02  -3.906350468379824E-02  -3.906350468379824E-02
  -3.906350468379824E-02  -6.529853645278147E-02  -3.906350468379824E-02
  -3.906350468379824E-02  -3.906350468379824E-02  -6.529853645278147E-02
      </IFC>
    </s_s1_m1_m2_m3.1.2.1.1.1>
    <s_s1_m1_m2_m3.1.2.2.1.1>
      <IFC>
   3.813140327402577E-04   7.947300716068383E-04  -7.947300716068390E-04
   7.947300716068373E-04   4.317413036397697E-04   4.414806877773789E-04
  -7.947300716068385E-04   4.414806877773801E-04   4.317413036397609E-04
      </IFC>
    </s_s1_m1_m2_m3.1.2.2.1.1>
    <s_s1_m1_m2_m3.1.2.3.1.1>
      <IFC>
   3.492146384074304E-05   3.427258967722312E-04  -2.592570353929469E-05
   3.427258967722309E-04  -4.199806804313950E-05   3.427258967722301E-04
  -2.592570353929534E-05   3.427258967722296E-04   3.492146384075101E-05
      </IFC>
    </s_s1_m1_m2_m3.1.2.3.1.1>
    <s_s1_m1_m2_m3.1.2.4.1.1>
      <IFC>
   4.317413036397630E-04   4.414806877773682E-04  -7.947300716068370E-04
   4.414806877773677E-04   4.317413036397696E-04   7.947300716068328E-04
  -7.947300716068379E-04   7.947300716068320E-04   3.813140327402647E-04
      </IFC>
    </s_s1_m1_m2_m3.1.2.4.1.1>
    <s_s1_m1_m2_m3.1.2.1.2.1>
      <IFC>
  -6.529853645278150E-02   3.906350468379823E-02   3.906350468379823E-02
   3.906350468379823E-02  -6.529853645278150E-02  -3.906350468379824E-02
   3.906350468379824E-02  -3.906350468379824E-02  -6.529853645278148E-02
      </IFC>
    </s_s1_m1_m2_m3.1.2.1.2.1>
    <s_s1_m1_m2_m3.1.2.2.2.1>
      <IFC>
  -4.232288603974986E-04  -1.069974739729990E-03   4.564480443130039E-04
  -1.069974739729990E-03  -4.016458631770600E-03   1.069974739729974E-03
   4.564480443130028E-04   1.069974739729974E-03  -4.232288603975038E-04
      </IFC>
    </s_s1_m1_m2_m3.1.2.2.2.1>
    <s_s1_m1_m2_m3.1.2.3.2.1>
      <IFC>
  -4.232288603975026E-04   1.069974739729969E-03   4.564480443130076E-04
   1.069974739729968E-03  -4.016458631770591E-03  -1.069974739729987E-03
   4.564480443130074E-04  -1.069974739729988E-03  -4.232288603975038E-04
      </IFC>
    </s_s1_m1_m2_m3.1.2.3.2.1>
    <s_s1_m1_m2_m3.1.2.4.2.1>
      <IFC>
  -6.529853645278150E-02  -3.906350468379823E-02   3.906350468379824E-02
  -3.906350468379823E-02  -6.529853645278150E-02   3.906350468379824E-02
   3.906350468379824E-02   3.906350468379824E-02  -6.529853645278150E-02
      </IFC>
    </s_s1_m1_m2_m3.1.2.4.2.1>
    <s_s1_m1_m2_m3.1.2.1.3.1>
      <IFC>
  -4.016458631770619E-03  -1.069974739729979E-03  -1.069974739729979E-03
  -1.069974739729979E-03  -4.232288603975218E-04  -4.564480443129985E-04
  -1.069974739729978E-03  -4.564480443129994E-04  -4.232288603975183E-04
      </IFC>
    </s_s1_m1_m2_m3.1.2.1.3.1>
    <s_s1_m1_m2_m3.1.2.2.3.1>
      <IFC>
   6.660373751686279E-04   8.103398913675835E-04  -8.103398913675629E-04
   8.103398913675823E-04   6.660373751686286E-04   8.103398913675833E-04
  -8.103398913675633E-04   8.103398913675817E-04   6.660373751686329E-04
      </IFC>
    </s_s1_m1_m2_m3.1.2.2.3.1>
    <s_s1_m1_m2_m3.1.2.3.3.1>
      <IFC>
  -4.232288603975157E-04  -4.564480443129998E-04  -1.069974739729980E-03
  -4.564480443130001E-04  -4.232288603975107E-04  -1.069974739729985E-03
  -1.069974739729980E-03  -1.069974739729986E-03  -4.016458631770606E-03
      </IFC>
    </s_s1_m1_m2_m3.1.2.3.3.1>
    <s_s1_m1_m2_m3.1.2.4.3.1>
      <IFC>
   4.317413036397549E-04   7.947300716068138E-04  -4.414806877773702E-04
   7.947300716068135E-04   3.813140327402471E-04   7.947300716068208E-04
  -4.414806877773702E-04   7.947300716068225E-04   4.317413036397521E-04
      </IFC>
    </s_s1_m1_m2_m3.1.2.4.3.1>
    <s_s1_m1_m2_m3.1.2.1.4.1>
      <IFC>
  -4.016458631770582E-03   1.069974739729985E-03   1.069974739729974E-03
   1.069974739729984E-03  -4.232288603974875E-04  -4.564480443130118E-04
   1.069974739729974E-03  -4.564480443130096E-04  -4.232288603974864E-04
      </IFC>
    </s_s1_m1_m2_m3.1.2.1.4.1>
    <s_s1_m1_m2_m3.1.2.2.4.1>
      <IFC>
  -4.232288603974788E-04  -4.564480443130078E-04   1.069974739729977E-03
  -4.564480443130074E-04  -4.232288603974895E-04   1.069974739729989E-03
   1.069974739729976E-03   1.069974739729989E-03  -4.016458631770582E-03
      </IFC>
    </s_s1_m1_m2_m3.1.2.2.4.1>
    <s_s1_m1_m2_m3.1.2.3.4.1>
      <IFC>
   3.492146384074201E-05   2.592570353927658E-05  -3.427258967722113E-04
   2.592570353927685E-05   3.492146384074271E-05   3.427258967722285E-04
  -3.427258967722141E-04   3.427258967722293E-04  -4.199806804314047E-05
      </IFC>
    </s_s1_m1_m2_m3.1.2.3.4.1>
    <s_s1_m1_m2_m3.1.2.4.4.1>
      <IFC>
  -4.199806804314719E-05   3.427258967722332E-04  -3.427258967722158E-04
   3.427258967722340E-04   3.492146384074038E-05   2.592570353928021E-05
  -3.427258967722167E-04   2.592570353928021E-05   3.492146384074732E-05
      </IFC>
    </s_s1_m1_m2_m3.1.2.4.4.1>
    <s_s1_m1_m2_m3.1.2.1.1.2>
      <IFC>
   3.813140327402612E-04  -7.947300716068376E-04   7.947300716068316E-04
  -7.947300716068372E-04   4.317413036397659E-04   4.414806877773804E-04
   7.947300716068303E-04   4.414806877773804E-04   4.317413036397724E-04
      </IFC>
    </s_s1_m1_m2_m3.1.2.1.1.2>
    <s_s1_m1_m2_m3.1.2.2.1.2>
      <IFC>
   3.162703396418026E-04  -1.443030558666207E-04  -1.443030558666164E-04
  -1.443030558666206E-04   3.680678268380017E-04   1.022711804230564E-04
  -1.443030558666164E-04   1.022711804230569E-04   3.680678268380005E-04
      </IFC>
    </s_s1_m1_m2_m3.1.2.2.1.2>
    <s_s1_m1_m2_m3.1.2.3.1.2>
      <IFC>
   3.680678268380118E-04   1.022711804230588E-04  -1.443030558666177E-04
   1.022711804230586E-04   3.680678268380097E-04  -1.443030558666253E-04
  -1.443030558666181E-04  -1.443030558666237E-04   3.162703396418060E-04
      </IFC>
    </s_s1_m1_m2_m3.1.2.3.1.2>
    <s_s1_m1_m2_m3.1.2.4.1.2>
      <IFC>
   4.317413036397704E-04   4.414806877773710E-04   7.947300716068270E-04
   4.414806877773707E-04   4.317413036397628E-04  -7.947300716068390E-04
   7.947300716068262E-04  -7.947300716068401E-04   3.813140327402651E-04
      </IFC>
    </s_s1_m1_m2_m3.1.2.4.1.2>
    <s_s1_m1_m2_m3.1.2.1.2.2>
      <IFC>
  -4.232288603975010E-04   4.564480443130028E-04  -1.069974739729994E-03
   4.564480443130028E-04  -4.232288603975010E-04   1.069974739729970E-03
  -1.069974739729994E-03   1.069974739729970E-03  -4.016458631770595E-03
      </IFC>
    </s_s1_m1_m2_m3.1.2.1.2.2>
    <s_s1_m1_m2_m3.1.2.2.2.2>
      <IFC>
   6.660373751686544E-04  -8.103398913675792E-04  -8.103398913675802E-04
  -8.103398913675793E-04   6.660373751686467E-04  -8.103398913675807E-04
  -8.103398913675804E-04  -8.103398913675805E-04   6.660373751686459E-04
      </IFC>
    </s_s1_m1_m2_m3.1.2.2.2.2>
    <s_s1_m1_m2_m3.1.2.3.2.2>
      <IFC>
  -4.016458631770593E-03   1.069974739729969E-03  -1.069974739729987E-03
   1.069974739729970E-03  -4.232288603974927E-04   4.564480443130136E-04
  -1.069974739729989E-03   4.564480443130123E-04  -4.232288603975022E-04
      </IFC>
    </s_s1_m1_m2_m3.1.2.3.2.2>
    <s_s1_m1_m2_m3.1.2.4.2.2>
      <IFC>
   4.317413036397653E-04  -7.947300716068182E-04  -4.414806877773721E-04
  -7.947300716068199E-04   3.813140327402569E-04  -7.947300716068200E-04
  -4.414806877773760E-04  -7.947300716068204E-04   4.317413036397691E-04
      </IFC>
    </s_s1_m1_m2_m3.1.2.4.2.2>
    <s_s1_m1_m2_m3.1.2.1.3.2>
      <IFC>
   6.660373751686262E-04  -8.103398913675715E-04   8.103398913675802E-04
  -8.103398913675720E-04   6.660373751686357E-04   8.103398913675737E-04
   8.103398913675806E-04   8.103398913675737E-04   6.660373751686309E-04
      </IFC>
    </s_s1_m1_m2_m3.1.2.1.3.2>
    <s_s1_m1_m2_m3.1.2.2.3.2>
      <IFC>
   6.660373751686222E-04   8.103398913675737E-04   8.103398913675787E-04
   8.103398913675751E-04   6.660373751686192E-04  -8.103398913675711E-04
   8.103398913675770E-04  -8.103398913675725E-04   6.660373751686262E-04
      </IFC>
    </s_s1_m1_m2_m3.1.2.2.3.2>
    <s_s1_m1_m2_m3.1.2.3.3.2>
      <IFC>
   3.680678268380188E-04   1.443030558666402E-04  -1.022711804230462E-04
   1.443030558666404E-04   3.162703396418168E-04  -1.443030558666326E-04
  -1.022711804230471E-04  -1.443030558666324E-04   3.680678268380205E-04
      </IFC>
    </s_s1_m1_m2_m3.1.2.3.3.2>
    <s_s1_m1_m2_m3.1.2.4.3.2>
      <IFC>
   3.680678268380204E-04  -1.443030558666352E-04  -1.022711804230484E-04
  -1.443030558666347E-04   3.162703396418184E-04   1.443030558666378E-04
  -1.022711804230505E-04   1.443030558666373E-04   3.680678268380214E-04
      </IFC>
    </s_s1_m1_m2_m3.1.2.4.3.2>
    <s_s1_m1_m2_m3.1.2.1.4.2>
      <IFC>
  -4.232288603974826E-04   1.069974739729983E-03  -4.564480443130008E-04
   1.069974739729983E-03  -4.016458631770579E-03   1.069974739729986E-03
  -4.564480443130006E-04   1.069974739729985E-03  -4.232288603974851E-04
      </IFC>
    </s_s1_m1_m2_m3.1.2.1.4.2>
    <s_s1_m1_m2_m3.1.2.2.4.2>
      <IFC>
   3.162703396418103E-04   1.443030558666271E-04   1.443030558666213E-04
   1.443030558666270E-04   3.680678268380118E-04   1.022711804230444E-04
   1.443030558666207E-04   1.022711804230450E-04   3.680678268380138E-04
      </IFC>
    </s_s1_m1_m2_m3.1.2.2.4.2>
    <s_s1_m1_m2_m3.1.2.3.4.2>
      <IFC>
   5.608027217226933E-04  -1.809042146142519E-04   1.809042146142336E-04
  -1.809042146142510E-04   5.608027217226912E-04  -1.809042146142490E-04
   1.809042146142332E-04  -1.809042146142494E-04   5.608027217226972E-04
      </IFC>
    </s_s1_m1_m2_m3.1.2.3.4.2>
    <s_s1_m1_m2_m3.1.2.4.4.2>
      <IFC>
   3.680678268380159E-04   1.022711804230533E-04   1.443030558666226E-04
   1.022711804230525E-04   3.680678268380143E-04   1.443030558666284E-04
   1.443030558666217E-04   1.443030558666280E-04   3.162703396418054E-04
      </IFC>
    </s_s1_m1_m2_m3.1.2.4.4.2>
    <s_s1_m1_m2_m3.1.2.1.1.3>
      <IFC>
   3.492146384073691E-05  -2.592570353929236E-05   3.427258967722280E-04
  -2.592570353929236E-05   3.492146384075773E-05   3.427258967722280E-04
   3.427258967722280E-04   3.427258967722280E-04  -4.199806804314199E-05
      </IFC>
    </s_s1_m1_m2_m3.1.2.1.1.3>
    <s_s1_m1_m2_m3.1.2.2.1.3>
      <IFC>
   3.680678268380147E-04  -1.443030558666202E-04   1.022711804230533E-04
  -1.443030558666208E-04   3.162703396418088E-04  -1.443030558666269E-04
   1.022711804230537E-04  -1.443030558666257E-04   3.680678268380099E-04
      </IFC>
    </s_s1_m1_m2_m3.1.2.2.1.3>
    <s_s1_m1_m2_m3.1.2.3.1.3>
      <IFC>
  -4.199806804314248E-05   3.427258967722256E-04   3.427258967722286E-04
   3.427258967722264E-04   3.492146384074699E-05  -2.592570353928975E-05
   3.427258967722284E-04  -2.592570353929051E-05   3.492146384074884E-05
      </IFC>
    </s_s1_m1_m2_m3.1.2.3.1.3>
    <s_s1_m1_m2_m3.1.2.4.1.3>
      <IFC>
   3.001032631163165E-04  -1.318023242606465E-04   1.318023242606375E-04
  -1.318023242606470E-04   3.001032631163157E-04  -1.318023242606489E-04
   1.318023242606362E-04  -1.318023242606497E-04   3.001032631163195E-04
      </IFC>
    </s_s1_m1_m2_m3.1.2.4.1.3>
    <s_s1_m1_m2_m3.1.2.1.2.3>
      <IFC>
  -4.232288603975010E-04   4.564480443130028E-04   1.069974739729980E-03
   4.564480443130028E-04  -4.232288603975010E-04  -1.069974739729983E-03
   1.069974739729977E-03  -1.069974739729980E-03  -4.016458631770591E-03
      </IFC>
    </s_s1_m1_m2_m3.1.2.1.2.3>
    <s_s1_m1_m2_m3.1.2.2.2.3>
      <IFC>
  -4.016458631770594E-03  -1.069974739729988E-03   1.069974739729978E-03
  -1.069974739729987E-03  -4.232288603974981E-04   4.564480443130059E-04
   1.069974739729978E-03   4.564480443130063E-04  -4.232288603974977E-04
      </IFC>
    </s_s1_m1_m2_m3.1.2.2.2.3>
    <s_s1_m1_m2_m3.1.2.3.2.3>
      <IFC>
  -4.199806804315706E-05  -3.427258967722239E-04  -3.427258967722247E-04
  -3.427258967722242E-04   3.492146384072997E-05  -2.592570353927468E-05
  -3.427258967722249E-04  -2.592570353927457E-05   3.492146384072715E-05
      </IFC>
    </s_s1_m1_m2_m3.1.2.3.2.3>
    <s_s1_m1_m2_m3.1.2.4.2.3>
      <IFC>
   3.492146384073691E-05  -2.592570353927154E-05  -3.427258967722280E-04
  -2.592570353927154E-05   3.492146384072997E-05  -3.427258967722280E-04
  -3.427258967722314E-04  -3.427258967722280E-04  -4.199806804316975E-05
      </IFC>
    </s_s1_m1_m2_m3.1.2.4.2.3>
    <s_s1_m1_m2_m3.1.2.1.3.3>
      <IFC>
  -4.232288603975148E-04  -1.069974739729977E-03  -4.564480443130054E-04
  -1.069974739729977E-03  -4.016458631770605E-03  -1.069974739729974E-03
  -4.564480443130063E-04  -1.069974739729975E-03  -4.232288603975079E-04
      </IFC>
    </s_s1_m1_m2_m3.1.2.1.3.3>
    <s_s1_m1_m2_m3.1.2.2.3.3>
      <IFC>
   3.680678268380159E-04  -1.022711804230523E-04   1.443030558666375E-04
  -1.022711804230530E-04   3.680678268380173E-04  -1.443030558666371E-04
   1.443030558666362E-04  -1.443030558666378E-04   3.162703396418083E-04
      </IFC>
    </s_s1_m1_m2_m3.1.2.2.3.3>
    <s_s1_m1_m2_m3.1.2.3.3.3>
      <IFC>
   5.608027217227020E-04   1.809042146142408E-04   1.809042146142478E-04
   1.809042146142416E-04   5.608027217227040E-04   1.809042146142421E-04
   1.809042146142476E-04   1.809042146142416E-04   5.608027217227042E-04
      </IFC>
    </s_s1_m1_m2_m3.1.2.3.3.3>
    <s_s1_m1_m2_m3.1.2.4.3.3>
      <IFC>
   3.162703396418159E-04  -1.443030558666378E-04   1.443030558666355E-04
  -1.443030558666382E-04   3.680678268380247E-04  -1.022711804230604E-04
   1.443030558666359E-04  -1.022711804230588E-04   3.680678268380209E-04
      </IFC>
    </s_s1_m1_m2_m3.1.2.4.3.3>
    <s_s1_m1_m2_m3.1.2.1.4.3>
      <IFC>
   3.492146384074298E-05  -3.427258967722216E-04   2.592570353927794E-05
  -3.427258967722220E-04  -4.199806804313548E-05   3.427258967722277E-04
   2.592570353927642E-05   3.427258967722282E-04   3.492146384074623E-05
      </IFC>
    </s_s1_m1_m2_m3.1.2.1.4.3>
    <s_s1_m1_m2_m3.1.2.2.4.3>
      <IFC>
   5.608027217226955E-04   1.809042146142432E-04  -1.809042146142497E-04
   1.809042146142437E-04   5.608027217226935E-04  -1.809042146142465E-04
  -1.809042146142504E-04  -1.809042146142465E-04   5.608027217226940E-04
      </IFC>
    </s_s1_m1_m2_m3.1.2.2.4.3>
    <s_s1_m1_m2_m3.1.2.3.4.3>
      <IFC>
   5.608027217226837E-04  -1.809042146142412E-04  -1.809042146142504E-04
  -1.809042146142429E-04   5.608027217226836E-04   1.809042146142470E-04
  -1.809042146142489E-04   1.809042146142473E-04   5.608027217226918E-04
      </IFC>
    </s_s1_m1_m2_m3.1.2.3.4.3>
    <s_s1_m1_m2_m3.1.2.4.4.3>
      <IFC>
   3.492146384073518E-05   3.427258967722332E-04   2.592570353928195E-05
   3.427258967722340E-04  -4.199806804315240E-05  -3.427258967722280E-04
   2.592570353928108E-05  -3.427258967722280E-04   3.492146384074038E-05
      </IFC>
    </s_s1_m1_m2_m3.1.2.4.4.3>
    <s_s1_m1_m2_m3.1.2.1.1.4>
      <IFC>
   4.317413036397598E-04  -7.947300716068368E-04   4.414806877773678E-04
  -7.947300716068372E-04   3.813140327402621E-04   7.947300716068294E-04
   4.414806877773691E-04   7.947300716068294E-04   4.317413036397655E-04
      </IFC>
    </s_s1_m1_m2_m3.1.2.1.1.4>
    <s_s1_m1_m2_m3.1.2.2.1.4>
      <IFC>
   4.317413036397678E-04   7.947300716068333E-04   4.414806877773715E-04
   7.947300716068341E-04   3.813140327402660E-04  -7.947300716068333E-04
   4.414806877773697E-04  -7.947300716068349E-04   4.317413036397659E-04
      </IFC>
    </s_s1_m1_m2_m3.1.2.2.1.4>
    <s_s1_m1_m2_m3.1.2.3.1.4>
      <IFC>
   3.001032631163186E-04   1.318023242606349E-04  -1.318023242606492E-04
   1.318023242606347E-04   3.001032631163260E-04  -1.318023242606499E-04
  -1.318023242606505E-04  -1.318023242606501E-04   3.001032631163220E-04
      </IFC>
    </s_s1_m1_m2_m3.1.2.3.1.4>
    <s_s1_m1_m2_m3.1.2.4.1.4>
      <IFC>
   3.001032631163235E-04  -1.318023242606491E-04  -1.318023242606453E-04
  -1.318023242606478E-04   3.001032631163192E-04   1.318023242606351E-04
  -1.318023242606475E-04   1.318023242606348E-04   3.001032631163225E-04
      </IFC>
    </s_s1_m1_m2_m3.1.2.4.1.4>
    <s_s1_m1_m2_m3.1.2.1.2.4>
      <IFC>
  -6.529853645278150E-02   3.906350468379823E-02  -3.906350468379823E-02
   3.906350468379823E-02  -6.529853645278150E-02   3.906350468379823E-02
  -3.906350468379823E-02   3.906350468379823E-02  -6.529853645278148E-02
      </IFC>
    </s_s1_m1_m2_m3.1.2.1.2.4>
    <s_s1_m1_m2_m3.1.2.2.2.4>
      <IFC>
   4.317413036397641E-04  -4.414806877773796E-04  -7.947300716068173E-04
  -4.414806877773795E-04   4.317413036397645E-04  -7.947300716068172E-04
  -7.947300716068184E-04  -7.947300716068174E-04   3.813140327402567E-04
      </IFC>
    </s_s1_m1_m2_m3.1.2.2.2.4>
    <s_s1_m1_m2_m3.1.2.3.2.4>
      <IFC>
   3.492146384073821E-05  -3.427258967722214E-04  -2.592570353926904E-05
  -3.427258967722210E-04  -4.199806804315722E-05  -3.427258967722233E-04
  -2.592570353927035E-05  -3.427258967722248E-04   3.492146384072992E-05
      </IFC>
    </s_s1_m1_m2_m3.1.2.3.2.4>
    <s_s1_m1_m2_m3.1.2.4.2.4>
      <IFC>
   3.813140327402627E-04  -7.947300716068146E-04  -7.947300716068099E-04
  -7.947300716068164E-04   4.317413036397572E-04  -4.414806877773655E-04
  -7.947300716068129E-04  -4.414806877773651E-04   4.317413036397619E-04
      </IFC>
    </s_s1_m1_m2_m3.1.2.4.2.4>
    <s_s1_m1_m2_m3.1.2.1.3.4>
      <IFC>
   4.317413036397555E-04  -4.414806877773660E-04   7.947300716068238E-04
  -4.414806877773656E-04   4.317413036397598E-04   7.947300716068181E-04
   7.947300716068233E-04   7.947300716068199E-04   3.813140327402547E-04
      </IFC>
    </s_s1_m1_m2_m3.1.2.1.3.4>
    <s_s1_m1_m2_m3.1.2.2.3.4>
      <IFC>
   3.680678268380169E-04  -1.022711804230476E-04  -1.443030558666433E-04
  -1.022711804230481E-04   3.680678268380162E-04   1.443030558666326E-04
  -1.443030558666441E-04   1.443030558666317E-04   3.162703396418177E-04
      </IFC>
    </s_s1_m1_m2_m3.1.2.2.3.4>
    <s_s1_m1_m2_m3.1.2.3.3.4>
      <IFC>
   3.162703396418129E-04   1.443030558666329E-04  -1.443030558666485E-04
   1.443030558666322E-04   3.680678268380235E-04  -1.022711804230564E-04
  -1.443030558666493E-04  -1.022711804230553E-04   3.680678268380222E-04
      </IFC>
    </s_s1_m1_m2_m3.1.2.3.3.4>
    <s_s1_m1_m2_m3.1.2.4.3.4>
      <IFC>
   3.813140327402603E-04   7.947300716068144E-04   7.947300716068214E-04
