<?xml version="1.0" encoding="UTF-8"?>
<Root>
  <GEOMETRY_INFO>
    <NUMBER_OF_TYPES>1</NUMBER_OF_TYPES>
    <NUMBER_OF_ATOMS>2</NUMBER_OF_ATOMS>
    <BRAVAIS_LATTICE_INDEX>2</BRAVAIS_LATTICE_INDEX>
    <SPIN_COMPONENTS>1</SPIN_COMPONENTS>
    <CELL_DIMENSIONS>
   1.000000000000000E+01   0.000000000000000E+00   0.000000000000000E+00
   0.000000000000000E+00   0.000000000000000E+00   0.000000000000000E+00
    </CELL_DIMENSIONS>
    <AT>
  -5.000000000000000E-01   0.000000000000000E+00   5.000000000000000E-01
   0.000000000000000E+00   5.000000000000000E-01   5.000000000000000E-01
  -5.000000000000000E-01   5.000000000000000E-01   0.000000000000000E+00
    </AT>
    <BG>
  -1.000000000000000E+00  -1.000000000000000E+00   1.000000000000000E+00
   1.000000000000000E+00   1.000000000000000E+00   1.000000000000000E+00
  -1.000000000000000E+00   1.000000000000000E+00  -1.000000000000000E+00
    </BG>
    <UNIT_CELL_VOLUME_AU>250.00000000000000</UNIT_CELL_VOLUME_AU>
    <TYPE_NAME.1>Si</TYPE_NAME.1>
    <MASS.1>28.085999999999999</MASS.1>
    <ATOM.1 SPECIES="Si" INDEX="1" TAU="0.0000000000000000 0.0000000000000000 0.0000000000000000"/>
    <ATOM.2 SPECIES="Si" INDEX="1" TAU="0.25000000000000000 0.25000000000000000 0.25000000000000000"/>
    <NUMBER_OF_Q>6</NUMBER_OF_Q>
  </GEOMETRY_INFO>
  <DIELECTRIC_PROPERTIES epsil="true" zstar="true" raman="false">
    <EPSILON>
   2.167500245547855E+01   0.000000000000000E+00  -7.105427357601002E-15
  -1.776356839400250E-15   2.167500245547856E+01  -1.776356839400250E-15
  -1.776356839400250E-15   1.776356839400250E-15   2.167500245547855E+01
    </EPSILON>
    <ZSTAR>
      <Z_AT_.1>
   1.554312234475219E-15   1.332267629550188E-15   4.440892098500626E-16
   1.332267629550188E-15   1.998401444325282E-15  -1.776356839400250E-15
   6.661338147750939E-16  -6.661338147750940E-16   1.110223024625157E-15
      </Z_AT_.1>
      <Z_AT_.2>
  -1.332267629550188E-15  -1.332267629550188E-15  -4.440892098500626E-16
  -1.332267629550188E-15  -1.998401444325282E-15   1.776356839400250E-15
  -6.661338147750939E-16   6.661338147750940E-16  -8.881784197001252E-16
      </Z_AT_.2>
    </ZSTAR>
  </DIELECTRIC_PROPERTIES>
  <INTERATOMIC_FORCE_CONSTANTS>
    <MESH_NQ1_NQ2_NQ3>
                 4                 4                 4
    </MESH_NQ1_NQ2_NQ3>
    <s_s1_m1_m2_m3.1.1.1.1.1>
      <IFC>
   3.132738553919295E-01  -2.168404344971009E-19  -7.589415207398531E-18
  -2.168404344971009E-19   3.132738553919295E-01   1.761828530288945E-18
  -7.589415207398531E-18   1.761828530288945E-18   3.132738553919295E-01
      </IFC>
    </s_s1_m1_m2_m3.1.1.1.1.1>
    <s_s1_m1_m2_m3.1.1.2.1.1>
      <IFC>
  -4.104155888766248E-03  -1.937105819969054E-03   4.924724959105102E-03
   1.937105819969049E-03   1.097824997667761E-02  -1.937105819969053E-03
   4.924724959105103E-03   1.937105819969050E-03  -4.104155888766244E-03
      </IFC>
    </s_s1_m1_m2_m3.1.1.2.1.1>
    <s_s1_m1_m2_m3.1.1.3.1.1>
      <IFC>
  -4.632117353285323E-05  -5.529431079676073E-18   4.538720749015232E-04
  -5.529431079676073E-18   4.151071199618165E-03   8.944667923005412E-19
   4.538720749015232E-04   8.944667923005412E-19  -4.632117353284802E-05
      </IFC>
    </s_s1_m1_m2_m3.1.1.3.1.1>
    <s_s1_m1_m2_m3.1.1.4.1.1>
      <IFC>
  -4.104155888766248E-03   1.937105819969049E-03   4.924724959105103E-03
  -1.937105819969054E-03   1.097824997667761E-02   1.937105819969050E-03
   4.924724959105102E-03  -1.937105819969053E-03  -4.104155888766244E-03
      </IFC>
    </s_s1_m1_m2_m3.1.1.4.1.1>
    <s_s1_m1_m2_m3.1.1.1.2.1>
      <IFC>
   1.097824997667761E-02   1.937105819969053E-03   1.937105819969052E-03
  -1.937105819969050E-03  -4.104155888766236E-03  -4.924724959105103E-03
  -1.937105819969052E-03  -4.924724959105103E-03  -4.104155888766236E-03
      </IFC>
    </s_s1_m1_m2_m3.1.1.1.2.1>
    <s_s1_m1_m2_m3.1.1.2.2.1>
      <IFC>
  -4.580523936442921E-04  -4.458147038897294E-04   3.405799891477579E-04
  -4.458147038897295E-04  -4.580523936442947E-04  -3.405799891477580E-04
   4.896570688184121E-04  -4.896570688184120E-04  -3.407137422956020E-04
      </IFC>
    </s_s1_m1_m2_m3.1.1.2.2.1>
    <s_s1_m1_m2_m3.1.1.3.2.1>
      <IFC>
  -3.407137422956046E-04  -4.896570688184140E-04   4.896570688184157E-04
  -3.405799891477597E-04  -4.580523936442895E-04  -4.458147038897313E-04
   3.405799891477615E-04  -4.458147038897313E-04  -4.580523936442930E-04
      </IFC>
    </s_s1_m1_m2_m3.1.1.3.2.1>
    <s_s1_m1_m2_m3.1.1.4.2.1>
      <IFC>
  -4.104155888766245E-03  -4.924724959105101E-03  -1.937105819969057E-03
  -4.924724959105102E-03  -4.104155888766246E-03  -1.937105819969051E-03
   1.937105819969046E-03   1.937105819969053E-03   1.097824997667761E-02
      </IFC>
    </s_s1_m1_m2_m3.1.1.4.2.1>
    <s_s1_m1_m2_m3.1.1.1.3.1>
      <IFC>
   4.151071199618168E-03  -5.529431079676073E-18  -2.602085213965211E-18
  -5.529431079676073E-18  -4.632117353286364E-05  -4.538720749015252E-04
  -2.602085213965211E-18  -4.538720749015252E-04  -4.632117353286364E-05
      </IFC>
    </s_s1_m1_m2_m3.1.1.1.3.1>
    <s_s1_m1_m2_m3.1.1.2.3.1>
      <IFC>
  -4.580523936442895E-04  -3.405799891477616E-04   4.458147038897309E-04
  -4.896570688184158E-04  -3.407137422956003E-04  -4.896570688184146E-04
   4.458147038897313E-04  -3.405799891477606E-04  -4.580523936442886E-04
      </IFC>
    </s_s1_m1_m2_m3.1.1.2.3.1>
    <s_s1_m1_m2_m3.1.1.3.3.1>
      <IFC>
  -4.632117353285670E-05  -4.538720749015318E-04  -2.222614453595284E-18
  -4.538720749015318E-04  -4.632117353285670E-05   1.816038638913220E-18
  -2.222614453595284E-18   1.816038638913220E-18   4.151071199618170E-03
      </IFC>
    </s_s1_m1_m2_m3.1.1.3.3.1>
    <s_s1_m1_m2_m3.1.1.4.3.1>
      <IFC>
  -4.580523936442895E-04  -4.896570688184158E-04   4.458147038897313E-04
  -3.405799891477616E-04  -3.407137422956003E-04  -3.405799891477606E-04
   4.458147038897309E-04  -4.896570688184146E-04  -4.580523936442886E-04
      </IFC>
    </s_s1_m1_m2_m3.1.1.4.3.1>
    <s_s1_m1_m2_m3.1.1.1.4.1>
      <IFC>
   1.097824997667761E-02  -1.937105819969050E-03  -1.937105819969052E-03
   1.937105819969053E-03  -4.104155888766236E-03  -4.924724959105103E-03
   1.937105819969052E-03  -4.924724959105103E-03  -4.104155888766236E-03
      </IFC>
    </s_s1_m1_m2_m3.1.1.1.4.1>
    <s_s1_m1_m2_m3.1.1.2.4.1>
      <IFC>
  -4.104155888766245E-03  -4.924724959105102E-03   1.937105819969046E-03
  -4.924724959105101E-03  -4.104155888766246E-03   1.937105819969053E-03
  -1.937105819969057E-03  -1.937105819969051E-03   1.097824997667761E-02
      </IFC>
    </s_s1_m1_m2_m3.1.1.2.4.1>
    <s_s1_m1_m2_m3.1.1.3.4.1>
      <IFC>
  -3.407137422956046E-04  -3.405799891477597E-04   3.405799891477615E-04
  -4.896570688184140E-04  -4.580523936442895E-04  -4.458147038897313E-04
   4.896570688184157E-04  -4.458147038897313E-04  -4.580523936442930E-04
      </IFC>
    </s_s1_m1_m2_m3.1.1.3.4.1>
    <s_s1_m1_m2_m3.1.1.4.4.1>
      <IFC>
  -4.580523936442921E-04  -4.458147038897295E-04   4.896570688184121E-04
  -4.458147038897294E-04  -4.580523936442947E-04  -4.896570688184120E-04
   3.405799891477579E-04  -3.405799891477580E-04  -3.407137422956020E-04
      </IFC>
    </s_s1_m1_m2_m3.1.1.4.4.1>
    <s_s1_m1_m2_m3.1.1.1.1.2>
      <IFC>
  -4.104155888766226E-03   4.924724959105104E-03  -1.937105819969052E-03
   4.924724959105104E-03  -4.104155888766226E-03   1.937105819969051E-03
   1.937105819969051E-03  -1.937105819969053E-03   1.097824997667761E-02
      </IFC>
    </s_s1_m1_m2_m3.1.1.1.1.2>
    <s_s1_m1_m2_m3.1.1.2.1.2>
      <IFC>
  -3.407137422956038E-04   4.896570688184127E-04   4.896570688184120E-04
   3.405799891477585E-04  -4.580523936442947E-04   4.458147038897292E-04
   3.405799891477577E-04   4.458147038897296E-04  -4.580523936442904E-04
      </IFC>
    </s_s1_m1_m2_m3.1.1.2.1.2>
    <s_s1_m1_m2_m3.1.1.3.1.2>
      <IFC>
  -4.580523936442964E-04   4.458147038897282E-04   3.405799891477617E-04
   4.458147038897282E-04  -4.580523936442895E-04   3.405799891477599E-04
   4.896570688184159E-04   4.896570688184142E-04  -3.407137422956012E-04
      </IFC>
    </s_s1_m1_m2_m3.1.1.3.1.2>
    <s_s1_m1_m2_m3.1.1.4.1.2>
      <IFC>
   1.097824997667761E-02  -1.937105819969051E-03   1.937105819969047E-03
   1.937105819969052E-03  -4.104155888766246E-03   4.924724959105104E-03
  -1.937105819969056E-03   4.924724959105104E-03  -4.104155888766242E-03
      </IFC>
    </s_s1_m1_m2_m3.1.1.4.1.2>
    <s_s1_m1_m2_m3.1.1.1.2.2>
      <IFC>
  -4.580523936442947E-04   3.405799891477584E-04  -4.458147038897292E-04
   4.896570688184129E-04  -3.407137422956098E-04  -4.896570688184127E-04
  -4.458147038897292E-04  -3.405799891477580E-04  -4.580523936442947E-04
      </IFC>
    </s_s1_m1_m2_m3.1.1.1.2.2>
    <s_s1_m1_m2_m3.1.1.2.2.2>
      <IFC>
  -2.286733985982711E-05  -4.336808689942018E-19   8.673617379884035E-19
  -5.421010862427522E-19  -2.286733985982104E-05  -1.951563910473908E-18
   8.673617379884035E-19  -1.951563910473908E-18  -2.286733985982451E-05
      </IFC>
    </s_s1_m1_m2_m3.1.1.2.2.2>
    <s_s1_m1_m2_m3.1.1.3.2.2>
      <IFC>
  -4.580523936442947E-04  -3.405799891477610E-04  -4.458147038897303E-04
  -4.896570688184153E-04  -3.407137422956064E-04   4.896570688184159E-04
  -4.458147038897303E-04   3.405799891477617E-04  -4.580523936442930E-04
      </IFC>
    </s_s1_m1_m2_m3.1.1.3.2.2>
    <s_s1_m1_m2_m3.1.1.4.2.2>
      <IFC>
  -4.047072590640417E-04   2.168404344971009E-19   1.301042606982605E-18
   4.336808689942018E-19  -4.152549985531025E-04   1.084202172485504E-18
   1.301042606982605E-18   1.084202172485504E-18  -4.047072590640426E-04
      </IFC>
    </s_s1_m1_m2_m3.1.1.4.2.2>
    <s_s1_m1_m2_m3.1.1.1.3.2>
      <IFC>
  -4.580523936442982E-04   4.458147038897287E-04  -3.405799891477591E-04
   4.458147038897287E-04  -4.580523936442912E-04  -3.405799891477598E-04
  -4.896570688184135E-04  -4.896570688184143E-04  -3.407137422955994E-04
      </IFC>
    </s_s1_m1_m2_m3.1.1.1.3.2>
    <s_s1_m1_m2_m3.1.1.2.3.2>
      <IFC>
  -3.407137422956038E-04  -4.896570688184149E-04  -4.896570688184167E-04
  -3.405799891477607E-04  -4.580523936442930E-04   4.458147038897294E-04
  -3.405799891477624E-04   4.458147038897293E-04  -4.580523936442869E-04
      </IFC>
    </s_s1_m1_m2_m3.1.1.2.3.2>
    <s_s1_m1_m2_m3.1.1.3.3.2>
      <IFC>
  -5.106898696112441E-04  -9.738944202479028E-05  -9.355702970893770E-05
  -9.738944202479028E-05  -5.106898696112371E-04   9.355702970893884E-05
   9.355702970894128E-05  -9.355702970894014E-05  -3.759566225900544E-04
      </IFC>
    </s_s1_m1_m2_m3.1.1.3.3.2>
    <s_s1_m1_m2_m3.1.1.4.3.2>
      <IFC>
  -3.759566225900587E-04  -9.355702970894261E-05   9.355702970894030E-05
   9.355702970893616E-05  -5.106898696112441E-04  -9.738944202478578E-05
  -9.355702970893873E-05  -9.738944202478572E-05  -5.106898696112449E-04
      </IFC>
    </s_s1_m1_m2_m3.1.1.4.3.2>
    <s_s1_m1_m2_m3.1.1.1.4.2>
      <IFC>
  -4.104155888766243E-03   1.937105819969051E-03  -4.924724959105108E-03
  -1.937105819969053E-03   1.097824997667761E-02  -1.937105819969051E-03
  -4.924724959105108E-03   1.937105819969052E-03  -4.104155888766236E-03
      </IFC>
    </s_s1_m1_m2_m3.1.1.1.4.2>
    <s_s1_m1_m2_m3.1.1.2.4.2>
      <IFC>
  -4.152549985531034E-04   8.673617379884035E-19   1.301042606982605E-18
   6.505213034913027E-19  -4.047072590640391E-04  -1.084202172485504E-18
   1.301042606982605E-18  -1.084202172485504E-18  -4.047072590640357E-04
      </IFC>
    </s_s1_m1_m2_m3.1.1.2.4.2>
    <s_s1_m1_m2_m3.1.1.3.4.2>
      <IFC>
  -5.106898696112458E-04   9.355702970893461E-05   9.738944202478697E-05
  -9.355702970894437E-05  -3.759566225900630E-04  -9.355702970893843E-05
   9.738944202478697E-05   9.355702970894055E-05  -5.106898696112406E-04
      </IFC>
    </s_s1_m1_m2_m3.1.1.3.4.2>
    <s_s1_m1_m2_m3.1.1.4.4.2>
      <IFC>
  -4.047072590640365E-04   7.589415207398531E-19   0.000000000000000E+00
   8.673617379884035E-19  -4.047072590640391E-04   2.168404344971009E-19
   0.000000000000000E+00   2.168404344971009E-19  -4.152549985531060E-04
      </IFC>
    </s_s1_m1_m2_m3.1.1.4.4.2>
    <s_s1_m1_m2_m3.1.1.1.1.3>
      <IFC>
  -4.632117353287057E-05   4.538720749015220E-04  -1.301042606982605E-18
   4.538720749015220E-04  -4.632117353284282E-05   3.008661028647275E-18
  -1.301042606982605E-18   3.008661028647275E-18   4.151071199618217E-03
      </IFC>
    </s_s1_m1_m2_m3.1.1.1.1.3>
    <s_s1_m1_m2_m3.1.1.2.1.3>
      <IFC>
  -4.580523936442895E-04   3.405799891477587E-04   4.458147038897313E-04
   4.896570688184128E-04  -3.407137422956003E-04   4.896570688184129E-04
   4.458147038897309E-04   3.405799891477589E-04  -4.580523936442886E-04
      </IFC>
    </s_s1_m1_m2_m3.1.1.2.1.3>
    <s_s1_m1_m2_m3.1.1.3.1.3>
      <IFC>
   4.151071199618168E-03  -4.878909776184770E-18  -3.523657060577889E-18
  -4.878909776184770E-18  -4.632117353285670E-05   4.538720749015291E-04
  -3.523657060577889E-18   4.538720749015291E-04  -4.632117353285496E-05
      </IFC>
    </s_s1_m1_m2_m3.1.1.3.1.3>
    <s_s1_m1_m2_m3.1.1.4.1.3>
      <IFC>
  -4.580523936442895E-04   4.896570688184128E-04   4.458147038897309E-04
   3.405799891477587E-04  -3.407137422956003E-04   3.405799891477589E-04
   4.458147038897313E-04   4.896570688184129E-04  -4.580523936442886E-04
      </IFC>
    </s_s1_m1_m2_m3.1.1.4.1.3>
    <s_s1_m1_m2_m3.1.1.1.2.3>
      <IFC>
  -3.407137422956064E-04   4.896570688184155E-04  -4.896570688184138E-04
   3.405799891477608E-04  -4.580523936442947E-04  -4.458147038897318E-04
  -3.405799891477592E-04  -4.458147038897318E-04  -4.580523936442947E-04
      </IFC>
    </s_s1_m1_m2_m3.1.1.1.2.3>
    <s_s1_m1_m2_m3.1.1.2.2.3>
      <IFC>
  -4.580523936442921E-04  -4.458147038897285E-04  -3.405799891477622E-04
  -4.458147038897282E-04  -4.580523936442930E-04   3.405799891477632E-04
  -4.896570688184165E-04   4.896570688184172E-04  -3.407137422956055E-04
      </IFC>
    </s_s1_m1_m2_m3.1.1.2.2.3>
    <s_s1_m1_m2_m3.1.1.3.2.3>
      <IFC>
  -3.759566225900578E-04   9.355702970893830E-05   9.355702970894236E-05
  -9.355702970894068E-05  -5.106898696112371E-04   9.738944202478805E-05
  -9.355702970893662E-05   9.738944202478805E-05  -5.106898696112406E-04
      </IFC>
    </s_s1_m1_m2_m3.1.1.3.2.3>
    <s_s1_m1_m2_m3.1.1.4.2.3>
      <IFC>
  -5.106898696112415E-04   9.738944202478594E-05  -9.355702970893982E-05
   9.738944202478551E-05  -5.106898696112441E-04  -9.355702970893689E-05
   9.355702970893917E-05   9.355702970894188E-05  -3.759566225900587E-04
      </IFC>
    </s_s1_m1_m2_m3.1.1.4.2.3>
    <s_s1_m1_m2_m3.1.1.1.3.3>
      <IFC>
  -4.632117353284976E-05  -4.011548038196366E-18  -4.538720749015293E-04
  -4.011548038196366E-18   4.151071199618168E-03   2.195509399283146E-18
  -4.538720749015293E-04   2.195509399283146E-18  -4.632117353283588E-05
      </IFC>
    </s_s1_m1_m2_m3.1.1.1.3.3>
    <s_s1_m1_m2_m3.1.1.2.3.3>
      <IFC>
  -5.106898696112441E-04  -9.355702970894369E-05  -9.738944202478681E-05
   9.355702970893507E-05  -3.759566225900587E-04  -9.355702970894117E-05
  -9.738944202478686E-05   9.355702970893765E-05  -5.106898696112432E-04
      </IFC>
    </s_s1_m1_m2_m3.1.1.2.3.3>
    <s_s1_m1_m2_m3.1.1.3.3.3>
      <IFC>
   8.317174510319089E-05  -7.047314121155779E-18   2.331034670843835E-18
  -7.047314121155779E-18   8.317174510318395E-05   3.821812658011403E-18
   2.331034670843835E-18   3.821812658011403E-18   8.317174510319610E-05
      </IFC>
    </s_s1_m1_m2_m3.1.1.3.3.3>
    <s_s1_m1_m2_m3.1.1.4.3.3>
      <IFC>
  -5.106898696112441E-04   9.355702970893507E-05  -9.738944202478686E-05
  -9.355702970894369E-05  -3.759566225900587E-04   9.355702970893765E-05
  -9.738944202478681E-05  -9.355702970894117E-05  -5.106898696112432E-04
      </IFC>
    </s_s1_m1_m2_m3.1.1.4.3.3>
    <s_s1_m1_m2_m3.1.1.1.4.3>
      <IFC>
  -3.407137422956064E-04   3.405799891477608E-04  -3.405799891477592E-04
   4.896570688184155E-04  -4.580523936442947E-04  -4.458147038897318E-04
  -4.896570688184138E-04  -4.458147038897318E-04  -4.580523936442947E-04
      </IFC>
    </s_s1_m1_m2_m3.1.1.1.4.3>
    <s_s1_m1_m2_m3.1.1.2.4.3>
      <IFC>
  -5.106898696112415E-04   9.738944202478551E-05   9.355702970893917E-05
   9.738944202478594E-05  -5.106898696112441E-04   9.355702970894188E-05
  -9.355702970893982E-05  -9.355702970893689E-05  -3.759566225900587E-04
      </IFC>
    </s_s1_m1_m2_m3.1.1.2.4.3>
    <s_s1_m1_m2_m3.1.1.3.4.3>
      <IFC>
  -3.759566225900578E-04  -9.355702970894068E-05  -9.355702970893662E-05
   9.355702970893830E-05  -5.106898696112371E-04   9.738944202478805E-05
   9.355702970894236E-05   9.738944202478805E-05  -5.106898696112406E-04
      </IFC>
    </s_s1_m1_m2_m3.1.1.3.4.3>
    <s_s1_m1_m2_m3.1.1.4.4.3>
      <IFC>
  -4.580523936442921E-04  -4.458147038897282E-04  -4.896570688184165E-04
  -4.458147038897285E-04  -4.580523936442930E-04   4.896570688184172E-04
  -3.405799891477622E-04   3.405799891477632E-04  -3.407137422956055E-04
      </IFC>
    </s_s1_m1_m2_m3.1.1.4.4.3>
    <s_s1_m1_m2_m3.1.1.1.1.4>
      <IFC>
  -4.104155888766226E-03   4.924724959105104E-03   1.937105819969051E-03
   4.924724959105104E-03  -4.104155888766226E-03  -1.937105819969053E-03
  -1.937105819969052E-03   1.937105819969051E-03   1.097824997667761E-02
      </IFC>
    </s_s1_m1_m2_m3.1.1.1.1.4>
    <s_s1_m1_m2_m3.1.1.2.1.4>
      <IFC>
   1.097824997667761E-02   1.937105819969052E-03  -1.937105819969056E-03
  -1.937105819969051E-03  -4.104155888766246E-03   4.924724959105104E-03
   1.937105819969047E-03   4.924724959105104E-03  -4.104155888766242E-03
      </IFC>
    </s_s1_m1_m2_m3.1.1.2.1.4>
    <s_s1_m1_m2_m3.1.1.3.1.4>
      <IFC>
  -4.580523936442964E-04   4.458147038897282E-04   4.896570688184159E-04
   4.458147038897282E-04  -4.580523936442895E-04   4.896570688184142E-04
   3.405799891477617E-04   3.405799891477599E-04  -3.407137422956012E-04
      </IFC>
    </s_s1_m1_m2_m3.1.1.3.1.4>
    <s_s1_m1_m2_m3.1.1.4.1.4>
      <IFC>
  -3.407137422956038E-04   3.405799891477585E-04   3.405799891477577E-04
   4.896570688184127E-04  -4.580523936442947E-04   4.458147038897296E-04
   4.896570688184120E-04   4.458147038897292E-04  -4.580523936442904E-04
      </IFC>
    </s_s1_m1_m2_m3.1.1.4.1.4>
    <s_s1_m1_m2_m3.1.1.1.2.4>
      <IFC>
  -4.104155888766243E-03  -1.937105819969053E-03  -4.924724959105108E-03
   1.937105819969051E-03   1.097824997667761E-02   1.937105819969052E-03
  -4.924724959105108E-03  -1.937105819969051E-03  -4.104155888766236E-03
      </IFC>
    </s_s1_m1_m2_m3.1.1.1.2.4>
    <s_s1_m1_m2_m3.1.1.2.2.4>
      <IFC>
  -4.047072590640365E-04   8.673617379884035E-19   0.000000000000000E+00
   7.589415207398531E-19  -4.047072590640391E-04   2.168404344971009E-19
   0.000000000000000E+00   2.168404344971009E-19  -4.152549985531060E-04
      </IFC>
    </s_s1_m1_m2_m3.1.1.2.2.4>
    <s_s1_m1_m2_m3.1.1.3.2.4>
      <IFC>
  -5.106898696112458E-04  -9.355702970894437E-05   9.738944202478697E-05
   9.355702970893461E-05  -3.759566225900630E-04   9.355702970894055E-05
   9.738944202478697E-05  -9.355702970893843E-05  -5.106898696112406E-04
      </IFC>
    </s_s1_m1_m2_m3.1.1.3.2.4>
    <s_s1_m1_m2_m3.1.1.4.2.4>
      <IFC>
  -4.152549985531034E-04   6.505213034913027E-19   1.301042606982605E-18
   8.673617379884035E-19  -4.047072590640391E-04  -1.084202172485504E-18
   1.301042606982605E-18  -1.084202172485504E-18  -4.047072590640357E-04
      </IFC>
    </s_s1_m1_m2_m3.1.1.4.2.4>
    <s_s1_m1_m2_m3.1.1.1.3.4>
      <IFC>
  -4.580523936442982E-04   4.458147038897287E-04  -4.896570688184135E-04
   4.458147038897287E-04  -4.580523936442912E-04  -4.896570688184143E-04
  -3.405799891477591E-04  -3.405799891477598E-04  -3.407137422955994E-04
      </IFC>
    </s_s1_m1_m2_m3.1.1.1.3.4>
    <s_s1_m1_m2_m3.1.1.2.3.4>
      <IFC>
  -3.759566225900587E-04   9.355702970893616E-05  -9.355702970893873E-05
  -9.355702970894261E-05  -5.106898696112441E-04  -9.738944202478572E-05
   9.355702970894030E-05  -9.738944202478578E-05  -5.106898696112449E-04
      </IFC>
    </s_s1_m1_m2_m3.1.1.2.3.4>
    <s_s1_m1_m2_m3.1.1.3.3.4>
      <IFC>
  -5.106898696112441E-04  -9.738944202479028E-05   9.355702970894128E-05
  -9.738944202479028E-05  -5.106898696112371E-04  -9.355702970894014E-05
  -9.355702970893770E-05   9.355702970893884E-05  -3.759566225900544E-04
      </IFC>
    </s_s1_m1_m2_m3.1.1.3.3.4>
    <s_s1_m1_m2_m3.1.1.4.3.4>
      <IFC>
  -3.407137422956038E-04  -3.405799891477607E-04  -3.405799891477624E-04
  -4.896570688184149E-04  -4.580523936442930E-04   4.458147038897293E-04
  -4.896570688184167E-04   4.458147038897294E-04  -4.580523936442869E-04
      </IFC>
    </s_s1_m1_m2_m3.1.1.4.3.4>
    <s_s1_m1_m2_m3.1.1.1.4.4>
      <IFC>
  -4.580523936442947E-04   4.896570688184129E-04  -4.458147038897292E-04
   3.405799891477584E-04  -3.407137422956098E-04  -3.405799891477580E-04
  -4.458147038897292E-04  -4.896570688184127E-04  -4.580523936442947E-04
      </IFC>
    </s_s1_m1_m2_m3.1.1.1.4.4>
    <s_s1_m1_m2_m3.1.1.2.4.4>
      <IFC>
  -4.047072590640417E-04   4.336808689942018E-19   1.301042606982605E-18
   2.168404344971009E-19  -4.152549985531025E-04   1.084202172485504E-18
   1.301042606982605E-18   1.084202172485504E-18  -4.047072590640426E-04
      </IFC>
    </s_s1_m1_m2_m3.1.1.2.4.4>
    <s_s1_m1_m2_m3.1.1.3.4.4>
      <IFC>
  -4.580523936442947E-04  -4.896570688184153E-04  -4.458147038897303E-04
  -3.405799891477610E-04  -3.407137422956064E-04   3.405799891477617E-04
  -4.458147038897303E-04   4.896570688184159E-04  -4.580523936442930E-04
      </IFC>
    </s_s1_m1_m2_m3.1.1.3.4.4>
    <s_s1_m1_m2_m3.1.1.4.4.4>
      <IFC>
  -2.286733985982711E-05  -5.421010862427522E-19   8.673617379884035E-19
  -4.336808689942018E-19  -2.286733985982104E-05  -1.951563910473908E-18
   8.673617379884035E-19  -1.951563910473908E-18  -2.286733985982451E-05
      </IFC>
    </s_s1_m1_m2_m3.1.1.4.4.4>
    <s_s1_m1_m2_m3.1.2.1.1.1>
      <IFC>
  -7.756359829979378E-02  -5.495603292042887E-02  -5.495603292042887E-02
  -5.495603292042887E-02  -7.756359829979380E-02  -5.495603292042886E-02
  -5.495603292042886E-02  -5.495603292042887E-02  -7.756359829979378E-02
      </IFC>
    </s_s1_m1_m2_m3.1.2.1.1.1>
    <s_s1_m1_m2_m3.1.2.2.1.1>
      <IFC>
   3.811633892591043E-04   9.562940307653374E-04  -9.562940307653365E-04
   9.562940307653372E-04   5.172925554997054E-04   2.706298379467133E-04
  -9.562940307653378E-04   2.706298379467118E-04   5.172925554997037E-04
      </IFC>
    </s_s1_m1_m2_m3.1.2.2.1.1>
    <s_s1_m1_m2_m3.1.2.3.1.1>
      <IFC>
  -3.108252375765507E-06   4.010913230404070E-04   7.330663860965461E-05
   4.010913230404074E-04  -9.251953496381245E-05   4.010913230404149E-04
   7.330663860965277E-05   4.010913230404134E-04  -3.108252375768434E-06
      </IFC>
    </s_s1_m1_m2_m3.1.2.3.1.1>
    <s_s1_m1_m2_m3.1.2.4.1.1>
      <IFC>
   5.172925554997040E-04   2.706298379467206E-04  -9.562940307653367E-04
   2.706298379467204E-04   5.172925554997050E-04   9.562940307653384E-04
  -9.562940307653369E-04   9.562940307653367E-04   3.811633892591090E-04
      </IFC>
    </s_s1_m1_m2_m3.1.2.4.1.1>
    <s_s1_m1_m2_m3.1.2.1.2.1>
      <IFC>
  -7.756359829979378E-02   5.495603292042886E-02   5.495603292042886E-02
   5.495603292042886E-02  -7.756359829979380E-02  -5.495603292042887E-02
   5.495603292042887E-02  -5.495603292042886E-02  -7.756359829979380E-02
      </IFC>
    </s_s1_m1_m2_m3.1.2.1.2.1>
    <s_s1_m1_m2_m3.1.2.2.2.1>
      <IFC>
  -5.486383551626629E-04  -1.303709440225624E-03   8.648334045246980E-04
  -1.303709440225625E-03  -4.031239206320906E-03   1.303709440225623E-03
   8.648334045246969E-04   1.303709440225623E-03  -5.486383551626638E-04
      </IFC>
    </s_s1_m1_m2_m3.1.2.2.2.1>
    <s_s1_m1_m2_m3.1.2.3.2.1>
      <IFC>
  -5.486383551626657E-04   1.303709440225630E-03   8.648334045246983E-04
   1.303709440225631E-03  -4.031239206320911E-03  -1.303709440225623E-03
   8.648334045246978E-04  -1.303709440225621E-03  -5.486383551626620E-04
      </IFC>
    </s_s1_m1_m2_m3.1.2.3.2.1>
    <s_s1_m1_m2_m3.1.2.4.2.1>
      <IFC>
  -7.756359829979380E-02  -5.495603292042887E-02   5.495603292042886E-02
  -5.495603292042886E-02  -7.756359829979381E-02   5.495603292042887E-02
   5.495603292042886E-02   5.495603292042886E-02  -7.756359829979378E-02
      </IFC>
    </s_s1_m1_m2_m3.1.2.4.2.1>
    <s_s1_m1_m2_m3.1.2.1.3.1>
      <IFC>
  -4.031239206320902E-03  -1.303709440225622E-03  -1.303709440225623E-03
  -1.303709440225624E-03  -5.486383551626603E-04  -8.648334045246991E-04
  -1.303709440225623E-03  -8.648334045246973E-04  -5.486383551626568E-04
      </IFC>
    </s_s1_m1_m2_m3.1.2.1.3.1>
    <s_s1_m1_m2_m3.1.2.2.3.1>
      <IFC>
   8.065749439385273E-04   8.978873489999351E-04  -8.978873489999352E-04
   8.978873489999353E-04   8.065749439385252E-04   8.978873489999306E-04
  -8.978873489999352E-04   8.978873489999291E-04   8.065749439385252E-04
      </IFC>
    </s_s1_m1_m2_m3.1.2.2.3.1>
    <s_s1_m1_m2_m3.1.2.3.3.1>
      <IFC>
  -5.486383551626628E-04  -8.648334045247091E-04  -1.303709440225620E-03
  -8.648334045247079E-04  -5.486383551626664E-04  -1.303709440225621E-03
  -1.303709440225622E-03  -1.303709440225623E-03  -4.031239206320907E-03
      </IFC>
    </s_s1_m1_m2_m3.1.2.3.3.1>
    <s_s1_m1_m2_m3.1.2.4.3.1>
      <IFC>
   5.172925554997046E-04   9.562940307653396E-04  -2.706298379467157E-04
   9.562940307653390E-04   3.811633892591021E-04   9.562940307653378E-04
  -2.706298379467172E-04   9.562940307653360E-04   5.172925554997050E-04
      </IFC>
    </s_s1_m1_m2_m3.1.2.4.3.1>
    <s_s1_m1_m2_m3.1.2.1.4.1>
      <IFC>
  -4.031239206320906E-03   1.303709440225626E-03   1.303709440225623E-03
   1.303709440225627E-03  -5.486383551626646E-04  -8.648334045247008E-04
   1.303709440225623E-03  -8.648334045246989E-04  -5.486383551626614E-04
      </IFC>
    </s_s1_m1_m2_m3.1.2.1.4.1>
    <s_s1_m1_m2_m3.1.2.2.4.1>
      <IFC>
  -5.486383551626681E-04  -8.648334045247032E-04   1.303709440225621E-03
  -8.648334045247019E-04  -5.486383551626672E-04   1.303709440225620E-03
   1.303709440225620E-03   1.303709440225620E-03  -4.031239206320906E-03
      </IFC>
    </s_s1_m1_m2_m3.1.2.2.4.1>
    <s_s1_m1_m2_m3.1.2.3.4.1>
      <IFC>
  -3.108252375760411E-06  -7.330663860964946E-05  -4.010913230404139E-04
  -7.330663860964849E-05  -3.108252375763230E-06   4.010913230404056E-04
  -4.010913230404162E-04   4.010913230404068E-04  -9.251953496381684E-05
      </IFC>
    </s_s1_m1_m2_m3.1.2.3.4.1>
    <s_s1_m1_m2_m3.1.2.4.4.1>
      <IFC>
  -9.251953496380860E-05   4.010913230404105E-04  -4.010913230404122E-04
   4.010913230404096E-04  -3.108252375760845E-06  -7.330663860964735E-05
  -4.010913230404140E-04  -7.330663860964648E-05  -3.108252375769519E-06
      </IFC>
    </s_s1_m1_m2_m3.1.2.4.4.1>
    <s_s1_m1_m2_m3.1.2.1.1.2>
      <IFC>
   3.811633892591045E-04  -9.562940307653381E-04   9.562940307653394E-04
  -9.562940307653368E-04   5.172925554996991E-04   2.706298379467186E-04
   9.562940307653394E-04   2.706298379467164E-04   5.172925554997095E-04
      </IFC>
    </s_s1_m1_m2_m3.1.2.1.1.2>
    <s_s1_m1_m2_m3.1.2.2.1.2>
      <IFC>
   3.644038875190587E-04  -2.214893160733281E-04  -2.214893160733233E-04
  -2.214893160733269E-04   3.453811539755624E-04   1.869583488306985E-04
  -2.214893160733256E-04   1.869583488306977E-04   3.453811539755686E-04
      </IFC>
    </s_s1_m1_m2_m3.1.2.2.1.2>
    <s_s1_m1_m2_m3.1.2.3.1.2>
      <IFC>
   3.453811539755672E-04   1.869583488306958E-04  -2.214893160733249E-04
   1.869583488306955E-04   3.453811539755615E-04  -2.214893160733249E-04
  -2.214893160733251E-04  -2.214893160733264E-04   3.644038875190545E-04
      </IFC>
    </s_s1_m1_m2_m3.1.2.3.1.2>
    <s_s1_m1_m2_m3.1.2.4.1.2>
      <IFC>
   5.172925554997057E-04   2.706298379467175E-04   9.562940307653406E-04
   2.706298379467180E-04   5.172925554997030E-04  -9.562940307653369E-04
   9.562940307653400E-04  -9.562940307653364E-04   3.811633892591056E-04
      </IFC>
    </s_s1_m1_m2_m3.1.2.4.1.2>
    <s_s1_m1_m2_m3.1.2.1.2.2>
      <IFC>
  -5.486383551626534E-04   8.648334045246973E-04  -1.303709440225627E-03
   8.648334045246939E-04  -5.486383551626672E-04   1.303709440225627E-03
  -1.303709440225627E-03   1.303709440225630E-03  -4.031239206320911E-03
      </IFC>
    </s_s1_m1_m2_m3.1.2.1.2.2>
    <s_s1_m1_m2_m3.1.2.2.2.2>
      <IFC>
   8.065749439385222E-04  -8.978873489999335E-04  -8.978873489999357E-04
  -8.978873489999330E-04   8.065749439385235E-04  -8.978873489999374E-04
  -8.978873489999373E-04  -8.978873489999363E-04   8.065749439385255E-04
      </IFC>
    </s_s1_m1_m2_m3.1.2.2.2.2>
    <s_s1_m1_m2_m3.1.2.3.2.2>
      <IFC>
  -4.031239206320906E-03   1.303709440225625E-03  -1.303709440225621E-03
   1.303709440225625E-03  -5.486383551626688E-04   8.648334045247059E-04
  -1.303709440225621E-03   8.648334045247059E-04  -5.486383551626644E-04
      </IFC>
    </s_s1_m1_m2_m3.1.2.3.2.2>
    <s_s1_m1_m2_m3.1.2.4.2.2>
      <IFC>
   5.172925554997037E-04  -9.562940307653420E-04  -2.706298379467128E-04
  -9.562940307653412E-04   3.811633892591055E-04  -9.562940307653403E-04
  -2.706298379467157E-04  -9.562940307653382E-04   5.172925554997029E-04
      </IFC>
    </s_s1_m1_m2_m3.1.2.4.2.2>
    <s_s1_m1_m2_m3.1.2.1.3.2>
      <IFC>
   8.065749439385306E-04  -8.978873489999340E-04   8.978873489999361E-04
  -8.978873489999335E-04   8.065749439385272E-04   8.978873489999296E-04
   8.978873489999353E-04   8.978873489999275E-04   8.065749439385220E-04
      </IFC>
    </s_s1_m1_m2_m3.1.2.1.3.2>
    <s_s1_m1_m2_m3.1.2.2.3.2>
      <IFC>
   8.065749439385242E-04   8.978873489999316E-04   8.978873489999345E-04
   8.978873489999327E-04   8.065749439385259E-04  -8.978873489999371E-04
   8.978873489999340E-04  -8.978873489999383E-04   8.065749439385264E-04
      </IFC>
    </s_s1_m1_m2_m3.1.2.2.3.2>
    <s_s1_m1_m2_m3.1.2.3.3.2>
      <IFC>
   3.453811539755654E-04   2.214893160733230E-04  -1.869583488306968E-04
   2.214893160733240E-04   3.644038875190527E-04  -2.214893160733223E-04
  -1.869583488306988E-04  -2.214893160733247E-04   3.453811539755659E-04
      </IFC>
    </s_s1_m1_m2_m3.1.2.3.3.2>
    <s_s1_m1_m2_m3.1.2.4.3.2>
      <IFC>
   3.453811539755640E-04  -2.214893160733264E-04  -1.869583488306946E-04
  -2.214893160733276E-04   3.644038875190589E-04   2.214893160733243E-04
  -1.869583488306942E-04   2.214893160733262E-04   3.453811539755653E-04
      </IFC>
    </s_s1_m1_m2_m3.1.2.4.3.2>
    <s_s1_m1_m2_m3.1.2.1.4.2>
      <IFC>
  -5.486383551626686E-04   1.303709440225619E-03  -8.648334045247010E-04
   1.303709440225619E-03  -4.031239206320906E-03   1.303709440225623E-03
  -8.648334045247010E-04   1.303709440225625E-03  -5.486383551626714E-04
      </IFC>
    </s_s1_m1_m2_m3.1.2.1.4.2>
    <s_s1_m1_m2_m3.1.2.2.4.2>
      <IFC>
   3.644038875190538E-04   2.214893160733249E-04   2.214893160733284E-04
   2.214893160733259E-04   3.453811539755614E-04   1.869583488306944E-04
   2.214893160733263E-04   1.869583488306952E-04   3.453811539755682E-04
      </IFC>
    </s_s1_m1_m2_m3.1.2.2.4.2>
    <s_s1_m1_m2_m3.1.2.3.4.2>
      <IFC>
   6.323462295070502E-04  -2.012359681335618E-04   2.012359681335626E-04
  -2.012359681335618E-04   6.323462295070509E-04  -2.012359681335616E-04
   2.012359681335615E-04  -2.012359681335612E-04   6.323462295070492E-04
      </IFC>
    </s_s1_m1_m2_m3.1.2.3.4.2>
    <s_s1_m1_m2_m3.1.2.4.4.2>
      <IFC>
   3.453811539755644E-04   1.869583488306986E-04   2.214893160733264E-04
   1.869583488306963E-04   3.453811539755678E-04   2.214893160733243E-04
   2.214893160733257E-04   2.214893160733268E-04   3.644038875190526E-04
      </IFC>
    </s_s1_m1_m2_m3.1.2.4.4.2>
    <s_s1_m1_m2_m3.1.2.1.1.3>
      <IFC>
  -3.108252375767784E-06   7.330663860965342E-05   4.010913230404062E-04
   7.330663860965342E-05  -3.108252375774723E-06   4.010913230404131E-04
   4.010913230404027E-04   4.010913230404131E-04  -9.251953496380860E-05
      </IFC>
    </s_s1_m1_m2_m3.1.2.1.1.3>
    <s_s1_m1_m2_m3.1.2.2.1.3>
      <IFC>
   3.453811539755684E-04  -2.214893160733256E-04   1.869583488306946E-04
  -2.214893160733254E-04   3.644038875190564E-04  -2.214893160733248E-04
   1.869583488306937E-04  -2.214893160733259E-04   3.453811539755622E-04
      </IFC>
    </s_s1_m1_m2_m3.1.2.2.1.3>
    <s_s1_m1_m2_m3.1.2.3.1.3>
      <IFC>
  -9.251953496380914E-05   4.010913230404114E-04   4.010913230404089E-04
   4.010913230404102E-04  -3.108252375760465E-06   7.330663860965336E-05
   4.010913230404086E-04   7.330663860965439E-05  -3.108252375764531E-06
      </IFC>
    </s_s1_m1_m2_m3.1.2.3.1.3>
    <s_s1_m1_m2_m3.1.2.4.1.3>
      <IFC>
   4.143084233884125E-04  -2.059293349580097E-04   2.059293349580118E-04
  -2.059293349580104E-04   4.143084233884117E-04  -2.059293349580125E-04
   2.059293349580112E-04  -2.059293349580147E-04   4.143084233884109E-04
      </IFC>
    </s_s1_m1_m2_m3.1.2.4.1.3>
    <s_s1_m1_m2_m3.1.2.1.2.3>
      <IFC>
  -5.486383551626672E-04   8.648334045247043E-04   1.303709440225630E-03
   8.648334045247043E-04  -5.486383551626534E-04  -1.303709440225627E-03
   1.303709440225627E-03  -1.303709440225623E-03  -4.031239206320911E-03
      </IFC>
    </s_s1_m1_m2_m3.1.2.1.2.3>
    <s_s1_m1_m2_m3.1.2.2.2.3>
      <IFC>
  -4.031239206320905E-03  -1.303709440225623E-03   1.303709440225627E-03
  -1.303709440225623E-03  -5.486383551626638E-04   8.648334045247041E-04
   1.303709440225626E-03   8.648334045247038E-04  -5.486383551626646E-04
      </IFC>
    </s_s1_m1_m2_m3.1.2.2.2.3>
    <s_s1_m1_m2_m3.1.2.3.2.3>
      <IFC>
  -9.251953496381077E-05  -4.010913230404045E-04  -4.010913230404089E-04
  -4.010913230404050E-04  -3.108252375759110E-06   7.330663860964713E-05
  -4.010913230404088E-04   7.330663860964886E-05  -3.108252375753472E-06
      </IFC>
    </s_s1_m1_m2_m3.1.2.3.2.3>
    <s_s1_m1_m2_m3.1.2.4.2.3>
      <IFC>
  -3.108252375760845E-06   7.330663860964301E-05  -4.010913230404062E-04
   7.330663860964301E-05  -3.108252375760845E-06  -4.010913230404096E-04
  -4.010913230404096E-04  -4.010913230404096E-04  -9.251953496380860E-05
      </IFC>
    </s_s1_m1_m2_m3.1.2.4.2.3>
    <s_s1_m1_m2_m3.1.2.1.3.3>
      <IFC>
  -5.486383551626655E-04  -1.303709440225620E-03  -8.648334045247060E-04
  -1.303709440225621E-03  -4.031239206320904E-03  -1.303709440225625E-03
  -8.648334045247077E-04  -1.303709440225625E-03  -5.486383551626672E-04
      </IFC>
    </s_s1_m1_m2_m3.1.2.1.3.3>
    <s_s1_m1_m2_m3.1.2.2.3.3>
      <IFC>
   3.453811539755608E-04  -1.869583488306948E-04   2.214893160733207E-04
  -1.869583488306951E-04   3.453811539755622E-04  -2.214893160733211E-04
   2.214893160733202E-04  -2.214893160733231E-04   3.644038875190564E-04
      </IFC>
    </s_s1_m1_m2_m3.1.2.2.3.3>
    <s_s1_m1_m2_m3.1.2.3.3.3>
      <IFC>
   6.323462295070415E-04   2.012359681335600E-04   2.012359681335592E-04
   2.012359681335597E-04   6.323462295070434E-04   2.012359681335676E-04
   2.012359681335589E-04   2.012359681335686E-04   6.323462295070533E-04
      </IFC>
    </s_s1_m1_m2_m3.1.2.3.3.3>
    <s_s1_m1_m2_m3.1.2.4.3.3>
      <IFC>
   3.644038875190548E-04  -2.214893160733239E-04   2.214893160733226E-04
  -2.214893160733241E-04   3.453811539755670E-04  -1.869583488306987E-04
   2.214893160733215E-04  -1.869583488307000E-04   3.453811539755609E-04
      </IFC>
    </s_s1_m1_m2_m3.1.2.4.3.3>
    <s_s1_m1_m2_m3.1.2.1.4.3>
      <IFC>
  -3.108252375763013E-06  -4.010913230404110E-04  -7.330663860964670E-05
  -4.010913230404114E-04  -9.251953496381294E-05   4.010913230404079E-04
  -7.330663860964670E-05   4.010913230404081E-04  -3.108252375772337E-06
      </IFC>
    </s_s1_m1_m2_m3.1.2.1.4.3>
    <s_s1_m1_m2_m3.1.2.2.4.3>
      <IFC>
   6.323462295070486E-04   2.012359681335567E-04  -2.012359681335541E-04
   2.012359681335580E-04   6.323462295070416E-04  -2.012359681335576E-04
  -2.012359681335552E-04  -2.012359681335578E-04   6.323462295070477E-04
      </IFC>
    </s_s1_m1_m2_m3.1.2.2.4.3>
    <s_s1_m1_m2_m3.1.2.3.4.3>
      <IFC>
   6.323462295070514E-04  -2.012359681335573E-04  -2.012359681335571E-04
  -2.012359681335574E-04   6.323462295070518E-04   2.012359681335571E-04
  -2.012359681335570E-04   2.012359681335602E-04   6.323462295070520E-04
      </IFC>
    </s_s1_m1_m2_m3.1.2.3.4.3>
    <s_s1_m1_m2_m3.1.2.4.4.3>
      <IFC>
  -3.108252375760845E-06   4.010913230404105E-04  -7.330663860964388E-05
   4.010913230404114E-04  -9.251953496380860E-05  -4.010913230404122E-04
  -7.330663860964561E-05  -4.010913230404131E-04  -3.108252375766049E-06
      </IFC>
    </s_s1_m1_m2_m3.1.2.4.4.3>
    <s_s1_m1_m2_m3.1.2.1.1.4>
      <IFC>
   5.172925554997009E-04  -9.562940307653381E-04   2.706298379467191E-04
  -9.562940307653359E-04   3.811633892590992E-04   9.562940307653398E-04
   2.706298379467191E-04   9.562940307653385E-04   5.172925554997061E-04
      </IFC>
    </s_s1_m1_m2_m3.1.2.1.1.4>
    <s_s1_m1_m2_m3.1.2.2.1.4>
      <IFC>
   5.172925554997055E-04   9.562940307653353E-04   2.706298379467189E-04
   9.562940307653351E-04   3.811633892591093E-04  -9.562940307653393E-04
   2.706298379467191E-04  -9.562940307653377E-04   5.172925554996981E-04
      </IFC>
    </s_s1_m1_m2_m3.1.2.2.1.4>
    <s_s1_m1_m2_m3.1.2.3.1.4>
      <IFC>
   4.143084233884133E-04   2.059293349580145E-04  -2.059293349580126E-04
   2.059293349580139E-04   4.143084233884154E-04  -2.059293349580130E-04
  -2.059293349580145E-04  -2.059293349580154E-04   4.143084233884120E-04
      </IFC>
    </s_s1_m1_m2_m3.1.2.3.1.4>
    <s_s1_m1_m2_m3.1.2.4.1.4>
      <IFC>
   4.143084233884129E-04  -2.059293349580124E-04  -2.059293349580105E-04
  -2.059293349580121E-04   4.143084233884154E-04   2.059293349580162E-04
  -2.059293349580109E-04   2.059293349580152E-04   4.143084233884203E-04
      </IFC>
    </s_s1_m1_m2_m3.1.2.4.1.4>
    <s_s1_m1_m2_m3.1.2.1.2.4>
      <IFC>
  -7.756359829979380E-02   5.495603292042886E-02  -5.495603292042887E-02
   5.495603292042886E-02  -7.756359829979378E-02   5.495603292042887E-02
  -5.495603292042887E-02   5.495603292042887E-02  -7.756359829979380E-02
      </IFC>
    </s_s1_m1_m2_m3.1.2.1.2.4>
    <s_s1_m1_m2_m3.1.2.2.2.4>
      <IFC>
   5.172925554997041E-04  -2.706298379467138E-04  -9.562940307653398E-04
  -2.706298379467153E-04   5.172925554997089E-04  -9.562940307653411E-04
  -9.562940307653404E-04  -9.562940307653393E-04   3.811633892591000E-04
      </IFC>
    </s_s1_m1_m2_m3.1.2.2.2.4>
    <s_s1_m1_m2_m3.1.2.3.2.4>
      <IFC>
  -3.108252375763013E-06  -4.010913230404079E-04   7.330663860964691E-05
  -4.010913230404079E-04  -9.251953496380882E-05  -4.010913230404108E-04
   7.330663860964670E-05  -4.010913230404108E-04  -3.108252375757159E-06
      </IFC>
    </s_s1_m1_m2_m3.1.2.3.2.4>
    <s_s1_m1_m2_m3.1.2.4.2.4>
      <IFC>
   3.811633892591016E-04  -9.562940307653446E-04  -9.562940307653387E-04
  -9.562940307653419E-04   5.172925554997067E-04  -2.706298379467182E-04
  -9.562940307653427E-04  -2.706298379467168E-04   5.172925554997127E-04
      </IFC>
    </s_s1_m1_m2_m3.1.2.4.2.4>
    <s_s1_m1_m2_m3.1.2.1.3.4>
      <IFC>
   5.172925554997061E-04  -2.706298379467143E-04   9.562940307653368E-04
  -2.706298379467147E-04   5.172925554997061E-04   9.562940307653416E-04
   9.562940307653359E-04   9.562940307653385E-04   3.811633892591045E-04
      </IFC>
    </s_s1_m1_m2_m3.1.2.1.3.4>
    <s_s1_m1_m2_m3.1.2.2.3.4>
      <IFC>
   3.453811539755660E-04  -1.869583488306971E-04  -2.214893160733244E-04
  -1.869583488306974E-04   3.453811539755616E-04   2.214893160733276E-04
  -2.214893160733243E-04   2.214893160733288E-04   3.644038875190544E-04
      </IFC>
    </s_s1_m1_m2_m3.1.2.2.3.4>
    <s_s1_m1_m2_m3.1.2.3.3.4>
      <IFC>
   3.644038875190558E-04   2.214893160733230E-04  -2.214893160733236E-04
   2.214893160733245E-04   3.453811539755615E-04  -1.869583488306994E-04
  -2.214893160733238E-04  -1.869583488307010E-04   3.453811539755641E-04
      </IFC>
    </s_s1_m1_m2_m3.1.2.3.3.4>
    <s_s1_m1_m2_m3.1.2.4.3.4>
      <IFC>
   3.811633892591065E-04   9.562940307653340E-04   9.562940307653417E-04
