<?xml version="1.0"?>
<?iotk version="1.2.0"?>
<?iotk file_version="1.0"?>
<?iotk binary="F"?>
<?iotk qe_syntax="F"?>
<Root>
  <GEOMETRY_INFO>
    <NUMBER_OF_TYPES type="integer" size="1">
         1
    </NUMBER_OF_TYPES>
    <NUMBER_OF_ATOMS type="integer" size="1">
         2
    </NUMBER_OF_ATOMS>
    <BRAVAIS_LATTICE_INDEX type="integer" size="1">
         2
    </BRAVAIS_LATTICE_INDEX>
    <SPIN_COMPONENTS type="integer" size="1">
         1
    </SPIN_COMPONENTS>
    <CELL_DIMENSIONS type="real" size="6">
 1.035000000000000E+001
 0.000000000000000E+000
 0.000000000000000E+000
 0.000000000000000E+000
 0.000000000000000E+000
 0.000000000000000E+000
    </CELL_DIMENSIONS>
    <AT type="real" size="9" columns="3">
-5.000000000000000E-001  0.000000000000000E+000  5.000000000000000E-001 
 0.000000000000000E+000  5.000000000000000E-001  5.000000000000000E-001 
-5.000000000000000E-001  5.000000000000000E-001  0.000000000000000E+000
    </AT>
    <BG type="real" size="9" columns="3">
-1.000000000000000E+000 -1.000000000000000E+000  1.000000000000000E+000 
 1.000000000000000E+000  1.000000000000000E+000  1.000000000000000E+000 
-1.000000000000000E+000  1.000000000000000E+000 -1.000000000000000E+000
    </BG>
    <UNIT_CELL_VOLUME_AU type="real" size="1">
 2.771794687500000E+002
    </UNIT_CELL_VOLUME_AU>
    <TYPE_NAME.1 type="character" size="1" len="3">
Si 
    </TYPE_NAME.1>
    <MASS.1 type="real" size="1">
 2.808600000000000E+001
    </MASS.1>
    <ATOM.1 SPECIES="Si " INDEX="1" TAU="0.000000000000000E+000 0.000000000000000E+000 0.000000000000000E+000"/>
    <ATOM.2 SPECIES="Si " INDEX="1" TAU="2.500000000000000E-001 2.500000000000000E-001 2.500000000000000E-001"/>
    <NUMBER_OF_Q type="integer" size="1">
         3
    </NUMBER_OF_Q>
  </GEOMETRY_INFO>
  <DIELECTRIC_PROPERTIES>
    <EPSILON type="real" size="9" columns="3">
 1.414808873763582E+001 -8.881784197001252E-016  6.217248937900877E-015 
-2.664535259100376E-015  1.414808873763582E+001 -2.664535259100376E-015 
 7.993605777301127E-015  2.664535259100376E-015  1.414808873763582E+001
    </EPSILON>
    <ZSTAR>
      <Z_AT_.1 type="real" size="9" columns="3">
 3.552713678800501E-015  2.442490654175344E-015  1.332267629550188E-015 
 2.442490654175344E-015  3.996802888650564E-015 -2.220446049250313E-016 
 1.110223024625156E-015 -4.440892098500626E-016  2.664535259100376E-015
      </Z_AT_.1>
      <Z_AT_.2 type="real" size="9" columns="3">
-3.552713678800501E-015 -2.442490654175344E-015 -1.332267629550188E-015 
-2.442490654175344E-015 -3.996802888650564E-015  2.220446049250313E-016 
-1.110223024625156E-015  4.440892098500628E-016 -2.664535259100376E-015
      </Z_AT_.2>
    </ZSTAR>
  </DIELECTRIC_PROPERTIES>
  <INTERATOMIC_FORCE_CONSTANTS>
    <MESH_NQ1_NQ2_NQ3 type="integer" size="3" columns="3">
         2          2          2
    </MESH_NQ1_NQ2_NQ3>
    <s_s1_m1_m2_m3.1.1.1.1.1>
      <IFC type="real" size="9" columns="3">
 2.573619343032004E-001 -1.734723475976807E-018  1.084202172485504E-017 
-1.734723475976807E-018  2.573619343032004E-001  1.778091562876227E-017 
 1.084202172485504E-017  1.778091562876227E-017  2.573619343032004E-001
      </IFC>
    </s_s1_m1_m2_m3.1.1.1.1.1>
    <s_s1_m1_m2_m3.1.1.2.1.1>
      <IFC type="real" size="9" columns="3">
-8.858764784722077E-003  2.602085213965211E-018  9.817707358708247E-003 
 2.602085213965211E-018  1.735237833965481E-002  1.040834085586084E-017 
 9.817707358708247E-003  1.040834085586084E-017 -8.858764784722088E-003
      </IFC>
    </s_s1_m1_m2_m3.1.1.2.1.1>
    <s_s1_m1_m2_m3.1.1.1.2.1>
      <IFC type="real" size="9" columns="3">
 1.735237833965481E-002 -7.806255641895632E-018 -8.673617379884035E-018 
-7.806255641895632E-018 -8.858764784722049E-003 -9.817707358708266E-003 
-8.673617379884035E-018 -9.817707358708266E-003 -8.858764784722091E-003
      </IFC>
    </s_s1_m1_m2_m3.1.1.1.2.1>
    <s_s1_m1_m2_m3.1.1.2.2.1>
      <IFC type="real" size="9" columns="3">
-8.858764784722105E-003 -9.817707358708265E-003 -5.637851296924623E-018 
-9.817707358708265E-003 -8.858764784722060E-003 -6.505213034913027E-018 
-5.637851296924623E-018 -6.505213034913027E-018  1.735237833965481E-002
      </IFC>
    </s_s1_m1_m2_m3.1.1.2.2.1>
    <s_s1_m1_m2_m3.1.1.1.1.2>
      <IFC type="real" size="9" columns="3">
-8.858764784722056E-003  9.817707358708261E-003  5.637851296924623E-018 
 9.817707358708261E-003 -8.858764784722070E-003  1.344410693882025E-017 
 5.637851296924623E-018  1.344410693882025E-017  1.735237833965483E-002
      </IFC>
    </s_s1_m1_m2_m3.1.1.1.1.2>
    <s_s1_m1_m2_m3.1.1.2.1.2>
      <IFC type="real" size="9" columns="3">
 1.735237833965482E-002 -2.602085213965211E-018  1.734723475976807E-018 
-2.602085213965211E-018 -8.858764784722039E-003  9.817707358708259E-003 
 1.734723475976807E-018  9.817707358708259E-003 -8.858764784722067E-003
      </IFC>
    </s_s1_m1_m2_m3.1.1.2.1.2>
    <s_s1_m1_m2_m3.1.1.1.2.2>
      <IFC type="real" size="9" columns="3">
-8.858764784722084E-003  7.806255641895632E-018 -9.817707358708282E-003 
 7.806255641895632E-018  1.735237833965480E-002 -3.469446951953614E-018 
-9.817707358708282E-003 -3.469446951953614E-018 -8.858764784722105E-003
      </IFC>
    </s_s1_m1_m2_m3.1.1.1.2.2>
    <s_s1_m1_m2_m3.1.1.2.2.2>
      <IFC type="real" size="9" columns="3">
-2.665940899667901E-003 -8.673617379884035E-018 -1.084202172485504E-017 
-8.673617379884035E-018 -2.665940899667863E-003  3.035766082959412E-018 
-1.084202172485504E-017  3.035766082959412E-018 -2.665940899667863E-003
      </IFC>
    </s_s1_m1_m2_m3.1.1.2.2.2>
    <s_s1_m1_m2_m3.1.2.1.1.1>
      <IFC type="real" size="9" columns="3">
-6.599147847028869E-002 -4.002295023432935E-002 -4.002295023432935E-002 
-4.002295023432936E-002 -6.599147847028866E-002 -4.002295023432935E-002 
-4.002295023432934E-002 -4.002295023432935E-002 -6.599147847028868E-002
      </IFC>
    </s_s1_m1_m2_m3.1.2.1.1.1>
    <s_s1_m1_m2_m3.1.2.2.1.1>
      <IFC type="real" size="9" columns="3">
 2.643728522263696E-003  2.622783742963968E-003 -2.622783742963966E-003 
 2.622783742963966E-003  2.643728522263741E-003  2.622783742963973E-003 
-2.622783742963968E-003  2.622783742963972E-003  2.643728522263713E-003
      </IFC>
    </s_s1_m1_m2_m3.1.2.2.1.1>
    <s_s1_m1_m2_m3.1.2.1.2.1>
      <IFC type="real" size="9" columns="3">
-6.599147847028869E-002  4.002295023432936E-002  4.002295023432936E-002 
 4.002295023432936E-002 -6.599147847028866E-002 -4.002295023432935E-002 
 4.002295023432936E-002 -4.002295023432935E-002 -6.599147847028868E-002
      </IFC>
    </s_s1_m1_m2_m3.1.2.1.2.1>
    <s_s1_m1_m2_m3.1.2.2.2.1>
      <IFC type="real" size="9" columns="3">
-6.599147847028869E-002 -4.002295023432936E-002  4.002295023432936E-002 
-4.002295023432936E-002 -6.599147847028866E-002  4.002295023432936E-002 
 4.002295023432936E-002  4.002295023432936E-002 -6.599147847028869E-002
      </IFC>
    </s_s1_m1_m2_m3.1.2.2.2.1>
    <s_s1_m1_m2_m3.1.2.1.1.2>
      <IFC type="real" size="9" columns="3">
 2.643728522263709E-003 -2.622783742963972E-003  2.622783742963972E-003 
-2.622783742963979E-003  2.643728522263723E-003  2.622783742963972E-003 
 2.622783742963979E-003  2.622783742963972E-003  2.643728522263702E-003
      </IFC>
    </s_s1_m1_m2_m3.1.2.1.1.2>
    <s_s1_m1_m2_m3.1.2.2.1.2>
      <IFC type="real" size="9" columns="3">
 2.643728522263709E-003  2.622783742963965E-003  2.622783742963977E-003 
 2.622783742963970E-003  2.643728522263727E-003 -2.622783742963977E-003 
 2.622783742963972E-003 -2.622783742963975E-003  2.643728522263692E-003
      </IFC>
    </s_s1_m1_m2_m3.1.2.2.1.2>
    <s_s1_m1_m2_m3.1.2.1.2.2>
      <IFC type="real" size="9" columns="3">
-6.599147847028866E-002  4.002295023432936E-002 -4.002295023432936E-002 
 4.002295023432936E-002 -6.599147847028869E-002  4.002295023432935E-002 
-4.002295023432935E-002  4.002295023432935E-002 -6.599147847028868E-002
      </IFC>
    </s_s1_m1_m2_m3.1.2.1.2.2>
    <s_s1_m1_m2_m3.1.2.2.2.2>
      <IFC type="real" size="9" columns="3">
 2.643728522263709E-003 -2.622783742963986E-003 -2.622783742963972E-003 
-2.622783742963979E-003  2.643728522263723E-003 -2.622783742963979E-003 
-2.622783742963979E-003 -2.622783742963979E-003  2.643728522263716E-003
      </IFC>
    </s_s1_m1_m2_m3.1.2.2.2.2>
    <s_s1_m1_m2_m3.2.1.1.1.1>
      <IFC type="real" size="9" columns="3">
-6.599147847028869E-002 -4.002295023432936E-002 -4.002295023432934E-002 
-4.002295023432935E-002 -6.599147847028866E-002 -4.002295023432935E-002 
-4.002295023432935E-002 -4.002295023432935E-002 -6.599147847028868E-002
      </IFC>
    </s_s1_m1_m2_m3.2.1.1.1.1>
    <s_s1_m1_m2_m3.2.1.2.1.1>
      <IFC type="real" size="9" columns="3">
 2.643728522263696E-003  2.622783742963966E-003 -2.622783742963968E-003 
 2.622783742963968E-003  2.643728522263741E-003  2.622783742963972E-003 
-2.622783742963966E-003  2.622783742963973E-003  2.643728522263713E-003
      </IFC>
    </s_s1_m1_m2_m3.2.1.2.1.1>
    <s_s1_m1_m2_m3.2.1.1.2.1>
      <IFC type="real" size="9" columns="3">
-6.599147847028869E-002  4.002295023432936E-002  4.002295023432936E-002 
 4.002295023432936E-002 -6.599147847028866E-002 -4.002295023432935E-002 
 4.002295023432936E-002 -4.002295023432935E-002 -6.599147847028868E-002
      </IFC>
    </s_s1_m1_m2_m3.2.1.1.2.1>
    <s_s1_m1_m2_m3.2.1.2.2.1>
      <IFC type="real" size="9" columns="3">
-6.599147847028869E-002 -4.002295023432936E-002  4.002295023432936E-002 
-4.002295023432936E-002 -6.599147847028866E-002  4.002295023432936E-002 
 4.002295023432936E-002  4.002295023432936E-002 -6.599147847028869E-002
      </IFC>
    </s_s1_m1_m2_m3.2.1.2.2.1>
    <s_s1_m1_m2_m3.2.1.1.1.2>
      <IFC type="real" size="9" columns="3">
 2.643728522263709E-003 -2.622783742963979E-003  2.622783742963979E-003 
-2.622783742963972E-003  2.643728522263723E-003  2.622783742963972E-003 
 2.622783742963972E-003  2.622783742963972E-003  2.643728522263702E-003
      </IFC>
    </s_s1_m1_m2_m3.2.1.1.1.2>
    <s_s1_m1_m2_m3.2.1.2.1.2>
      <IFC type="real" size="9" columns="3">
 2.643728522263709E-003  2.622783742963970E-003  2.622783742963972E-003 
 2.622783742963965E-003  2.643728522263727E-003 -2.622783742963975E-003 
 2.622783742963977E-003 -2.622783742963977E-003  2.643728522263692E-003
      </IFC>
    </s_s1_m1_m2_m3.2.1.2.1.2>
    <s_s1_m1_m2_m3.2.1.1.2.2>
      <IFC type="real" size="9" columns="3">
-6.599147847028866E-002  4.002295023432936E-002 -4.002295023432935E-002 
 4.002295023432936E-002 -6.599147847028869E-002  4.002295023432935E-002 
-4.002295023432936E-002  4.002295023432935E-002 -6.599147847028868E-002
      </IFC>
    </s_s1_m1_m2_m3.2.1.1.2.2>
    <s_s1_m1_m2_m3.2.1.2.2.2>
      <IFC type="real" size="9" columns="3">
 2.643728522263709E-003 -2.622783742963979E-003 -2.622783742963979E-003 
-2.622783742963986E-003  2.643728522263723E-003 -2.622783742963979E-003 
-2.622783742963972E-003 -2.622783742963979E-003  2.643728522263716E-003
      </IFC>
    </s_s1_m1_m2_m3.2.1.2.2.2>
    <s_s1_m1_m2_m3.2.2.1.1.1>
      <IFC type="real" size="9" columns="3">
 2.573619343032004E-001 -8.673617379884035E-018  2.168404344971009E-018 
-8.673617379884035E-018  2.573619343032004E-001  4.770489558936220E-018 
 2.168404344971009E-018  4.770489558936220E-018  2.573619343032005E-001
      </IFC>
    </s_s1_m1_m2_m3.2.2.1.1.1>
    <s_s1_m1_m2_m3.2.2.2.1.1>
      <IFC type="real" size="9" columns="3">
-8.858764784722077E-003  5.637851296924623E-018  9.817707358708244E-003 
 5.637851296924623E-018  1.735237833965481E-002  2.602085213965211E-018 
 9.817707358708244E-003  2.602085213965211E-018 -8.858764784722077E-003
      </IFC>
    </s_s1_m1_m2_m3.2.2.2.1.1>
    <s_s1_m1_m2_m3.2.2.1.2.1>
      <IFC type="real" size="9" columns="3">
 1.735237833965481E-002 -8.239936510889834E-018  0.000000000000000E+000 
-8.239936510889834E-018 -8.858764784722063E-003 -9.817707358708249E-003 
 0.000000000000000E+000 -9.817707358708249E-003 -8.858764784722042E-003
      </IFC>
    </s_s1_m1_m2_m3.2.2.1.2.1>
    <s_s1_m1_m2_m3.2.2.2.2.1>
      <IFC type="real" size="9" columns="3">
-8.858764784722077E-003 -9.817707358708268E-003  3.903127820947816E-018 
-9.817707358708268E-003 -8.858764784722088E-003 -4.770489558936220E-018 
 3.903127820947816E-018 -4.770489558936220E-018  1.735237833965480E-002
      </IFC>
    </s_s1_m1_m2_m3.2.2.2.2.1>
    <s_s1_m1_m2_m3.2.2.1.1.2>
      <IFC type="real" size="9" columns="3">
-8.858764784722056E-003  9.817707358708247E-003 -2.168404344971009E-018 
 9.817707358708247E-003 -8.858764784722070E-003  4.770489558936220E-018 
-2.168404344971009E-018  4.770489558936220E-018  1.735237833965482E-002
      </IFC>
    </s_s1_m1_m2_m3.2.2.1.1.2>
    <s_s1_m1_m2_m3.2.2.2.1.2>
      <IFC type="real" size="9" columns="3">
 1.735237833965480E-002 -5.637851296924623E-018 -1.734723475976807E-018 
-5.637851296924623E-018 -8.858764784722067E-003  9.817707358708270E-003 
-1.734723475976807E-018  9.817707358708270E-003 -8.858764784722077E-003
      </IFC>
    </s_s1_m1_m2_m3.2.2.2.1.2>
    <s_s1_m1_m2_m3.2.2.1.2.2>
      <IFC type="real" size="9" columns="3">
-8.858764784722070E-003  8.239936510889834E-018 -9.817707358708273E-003 
 8.239936510889834E-018  1.735237833965481E-002 -9.540979117872439E-018 
-9.817707358708273E-003 -9.540979117872439E-018 -8.858764784722042E-003
      </IFC>
    </s_s1_m1_m2_m3.2.2.1.2.2>
    <s_s1_m1_m2_m3.2.2.2.2.2>
      <IFC type="real" size="9" columns="3">
-2.665940899667853E-003 -1.214306433183765E-017 -4.336808689942018E-019 
-1.214306433183765E-017 -2.665940899667863E-003 -4.770489558936220E-018 
-4.336808689942018E-019 -4.770489558936220E-018 -2.665940899667853E-003
      </IFC>
    </s_s1_m1_m2_m3.2.2.2.2.2>
  </INTERATOMIC_FORCE_CONSTANTS>
</Root>

