<?xml version="1.0"?>
<?iotk version="1.2.0"?>
<?iotk file_version="1.0"?>
<?iotk binary="F"?>
<?iotk qe_syntax="F"?>
<Root>
  <GEOMETRY_INFO>
    <NUMBER_OF_TYPES type="integer" size="1">
         1
    </NUMBER_OF_TYPES>
    <NUMBER_OF_ATOMS type="integer" size="1">
         2
    </NUMBER_OF_ATOMS>
    <BRAVAIS_LATTICE_INDEX type="integer" size="1">
         2
    </BRAVAIS_LATTICE_INDEX>
    <SPIN_COMPONENTS type="integer" size="1">
         1
    </SPIN_COMPONENTS>
    <CELL_DIMENSIONS type="real" size="6">
 1.020000000000000E+001
 0.000000000000000E+000
 0.000000000000000E+000
 0.000000000000000E+000
 0.000000000000000E+000
 0.000000000000000E+000
    </CELL_DIMENSIONS>
    <AT type="real" size="9" columns="3">
-5.000000000000000E-001  0.000000000000000E+000  5.000000000000000E-001 
 0.000000000000000E+000  5.000000000000000E-001  5.000000000000000E-001 
-5.000000000000000E-001  5.000000000000000E-001  0.000000000000000E+000
    </AT>
    <BG type="real" size="9" columns="3">
-1.000000000000000E+000 -1.000000000000000E+000  1.000000000000000E+000 
 1.000000000000000E+000  1.000000000000000E+000  1.000000000000000E+000 
-1.000000000000000E+000  1.000000000000000E+000 -1.000000000000000E+000
    </BG>
    <UNIT_CELL_VOLUME_AU type="real" size="1">
 2.653020000000000E+002
    </UNIT_CELL_VOLUME_AU>
    <TYPE_NAME.1 type="character" size="1" len="3">
Si 
    </TYPE_NAME.1>
    <MASS.1 type="real" size="1">
 2.808600000000000E+001
    </MASS.1>
    <ATOM.1 SPECIES="Si " INDEX="1" TAU="0.000000000000000E+000 0.000000000000000E+000 0.000000000000000E+000"/>
    <ATOM.2 SPECIES="Si " INDEX="1" TAU="2.500000000000000E-001 2.500000000000000E-001 2.500000000000000E-001"/>
    <NUMBER_OF_Q type="integer" size="1">
         3
    </NUMBER_OF_Q>
  </GEOMETRY_INFO>
  <DIELECTRIC_PROPERTIES>
    <EPSILON type="real" size="9" columns="3">
 1.382830217448303E+001  0.000000000000000E+000  0.000000000000000E+000 
 3.552713678800501E-015  1.382830217448303E+001 -3.552713678800501E-015 
-5.329070518200751E-015 -7.105427357601002E-015  1.382830217448303E+001
    </EPSILON>
    <ZSTAR>
      <Z_AT_.1 type="real" size="9" columns="3">
 4.440892098500626E-016  6.661338147750939E-016 -2.220446049250313E-016 
-2.220446049250313E-016 -8.881784197001252E-016  6.661338147750940E-016 
 6.661338147750941E-016  1.554312234475219E-015 -8.881784197001252E-016
      </Z_AT_.1>
      <Z_AT_.2 type="real" size="9" columns="3">
-4.440892098500626E-016 -6.661338147750939E-016  2.220446049250317E-016 
 2.220446049250313E-016  8.881784197001252E-016 -6.661338147750940E-016 
-6.661338147750939E-016 -1.554312234475219E-015  8.881784197001252E-016
      </Z_AT_.2>
    </ZSTAR>
  </DIELECTRIC_PROPERTIES>
  <INTERATOMIC_FORCE_CONSTANTS>
    <MESH_NQ1_NQ2_NQ3 type="integer" size="3" columns="3">
         2          2          2
    </MESH_NQ1_NQ2_NQ3>
    <s_s1_m1_m2_m3.1.1.1.1.1>
      <IFC type="real" size="9" columns="3">
 2.820207914200267E-001  4.857225732735060E-017  2.298508605669269E-017 
 4.857225732735060E-017  2.820207914200267E-001 -1.994931997373328E-017 
 2.298508605669269E-017 -1.994931997373328E-017  2.820207914200267E-001
      </IFC>
    </s_s1_m1_m2_m3.1.1.1.1.1>
    <s_s1_m1_m2_m3.1.1.2.1.1>
      <IFC type="real" size="9" columns="3">
-9.711156245476589E-003  6.938893903907228E-018  1.061181883156807E-002 
 6.938893903907228E-018  1.781157869219283E-002  6.071532165918825E-018 
 1.061181883156807E-002  6.071532165918825E-018 -9.711156245476568E-003
      </IFC>
    </s_s1_m1_m2_m3.1.1.2.1.1>
    <s_s1_m1_m2_m3.1.1.1.2.1>
      <IFC type="real" size="9" columns="3">
 1.781157869219283E-002 -6.071532165918825E-018  8.673617379884035E-018 
-6.071532165918825E-018 -9.711156245476596E-003 -1.061181883156808E-002 
 8.673617379884035E-018 -1.061181883156808E-002 -9.711156245476554E-003
      </IFC>
    </s_s1_m1_m2_m3.1.1.1.2.1>
    <s_s1_m1_m2_m3.1.1.2.2.1>
      <IFC type="real" size="9" columns="3">
-9.711156245476589E-003 -1.061181883156803E-002 -1.084202172485504E-017 
-1.061181883156803E-002 -9.711156245476582E-003  4.336808689942018E-018 
-1.084202172485504E-017  4.336808689942018E-018  1.781157869219283E-002
      </IFC>
    </s_s1_m1_m2_m3.1.1.2.2.1>
    <s_s1_m1_m2_m3.1.1.1.1.2>
      <IFC type="real" size="9" columns="3">
-9.711156245476582E-003  1.061181883156807E-002  2.168404344971009E-018 
 1.061181883156807E-002 -9.711156245476610E-003  8.673617379884035E-019 
 2.168404344971009E-018  8.673617379884035E-019  1.781157869219285E-002
      </IFC>
    </s_s1_m1_m2_m3.1.1.1.1.2>
    <s_s1_m1_m2_m3.1.1.2.1.2>
      <IFC type="real" size="9" columns="3">
 1.781157869219284E-002  1.301042606982605E-017  0.000000000000000E+000 
 1.301042606982605E-017 -9.711156245476582E-003  1.061181883156806E-002 
 0.000000000000000E+000  1.061181883156806E-002 -9.711156245476568E-003
      </IFC>
    </s_s1_m1_m2_m3.1.1.2.1.2>
    <s_s1_m1_m2_m3.1.1.1.2.2>
      <IFC type="real" size="9" columns="3">
-9.711156245476582E-003  0.000000000000000E+000 -1.061181883156804E-002 
 0.000000000000000E+000  1.781157869219284E-002 -1.127570259384925E-017 
-1.061181883156804E-002 -1.127570259384925E-017 -9.711156245476554E-003
      </IFC>
    </s_s1_m1_m2_m3.1.1.1.2.2>
    <s_s1_m1_m2_m3.1.1.2.2.2>
      <IFC type="real" size="9" columns="3">
-2.752696025708018E-003  0.000000000000000E+000  3.035766082959412E-018 
 0.000000000000000E+000 -2.752696025708025E-003 -1.647987302177967E-017 
 3.035766082959412E-018 -1.647987302177967E-017 -2.752696025708025E-003
      </IFC>
    </s_s1_m1_m2_m3.1.1.2.2.2>
    <s_s1_m1_m2_m3.1.2.1.1.1>
      <IFC type="real" size="9" columns="3">
-7.160728197866767E-002 -4.759365478208230E-002 -4.759365478208230E-002 
-4.759365478208231E-002 -7.160728197866767E-002 -4.759365478208229E-002 
-4.759365478208230E-002 -4.759365478208229E-002 -7.160728197866767E-002
      </IFC>
    </s_s1_m1_m2_m3.1.2.1.1.1>
    <s_s1_m1_m2_m3.1.2.2.1.1>
      <IFC type="real" size="9" columns="3">
 2.732607782596156E-003  2.661681040838939E-003 -2.661681040838929E-003 
 2.661681040838927E-003  2.732607782596159E-003  2.661681040838927E-003 
-2.661681040838925E-003  2.661681040838927E-003  2.732607782596159E-003
      </IFC>
    </s_s1_m1_m2_m3.1.2.2.1.1>
    <s_s1_m1_m2_m3.1.2.1.2.1>
      <IFC type="real" size="9" columns="3">
-7.160728197866764E-002  4.759365478208231E-002  4.759365478208231E-002 
 4.759365478208231E-002 -7.160728197866764E-002 -4.759365478208231E-002 
 4.759365478208231E-002 -4.759365478208231E-002 -7.160728197866763E-002
      </IFC>
    </s_s1_m1_m2_m3.1.2.1.2.1>
    <s_s1_m1_m2_m3.1.2.2.2.1>
      <IFC type="real" size="9" columns="3">
-7.160728197866767E-002 -4.759365478208230E-002  4.759365478208229E-002 
-4.759365478208230E-002 -7.160728197866767E-002  4.759365478208230E-002 
 4.759365478208229E-002  4.759365478208230E-002 -7.160728197866767E-002
      </IFC>
    </s_s1_m1_m2_m3.1.2.2.2.1>
    <s_s1_m1_m2_m3.1.2.1.1.2>
      <IFC type="real" size="9" columns="3">
 2.732607782596153E-003 -2.661681040838929E-003  2.661681040838918E-003 
-2.661681040838925E-003  2.732607782596153E-003  2.661681040838922E-003 
 2.661681040838932E-003  2.661681040838935E-003  2.732607782596159E-003
      </IFC>
    </s_s1_m1_m2_m3.1.2.1.1.2>
    <s_s1_m1_m2_m3.1.2.2.1.2>
      <IFC type="real" size="9" columns="3">
 2.732607782596128E-003  2.661681040838904E-003  2.661681040838908E-003 
 2.661681040838903E-003  2.732607782596118E-003 -2.661681040838903E-003 
 2.661681040838911E-003 -2.661681040838903E-003  2.732607782596132E-003
      </IFC>
    </s_s1_m1_m2_m3.1.2.2.1.2>
    <s_s1_m1_m2_m3.1.2.1.2.2>
      <IFC type="real" size="9" columns="3">
-7.160728197866767E-002  4.759365478208230E-002 -4.759365478208229E-002 
 4.759365478208229E-002 -7.160728197866767E-002  4.759365478208229E-002 
-4.759365478208229E-002  4.759365478208230E-002 -7.160728197866766E-002
      </IFC>
    </s_s1_m1_m2_m3.1.2.1.2.2>
    <s_s1_m1_m2_m3.1.2.2.2.2>
      <IFC type="real" size="9" columns="3">
 2.732607782596153E-003 -2.661681040838918E-003 -2.661681040838935E-003 
-2.661681040838929E-003  2.732607782596153E-003 -2.661681040838925E-003 
-2.661681040838932E-003 -2.661681040838925E-003  2.732607782596159E-003
      </IFC>
    </s_s1_m1_m2_m3.1.2.2.2.2>
    <s_s1_m1_m2_m3.2.1.1.1.1>
      <IFC type="real" size="9" columns="3">
-7.160728197866767E-002 -4.759365478208231E-002 -4.759365478208230E-002 
-4.759365478208230E-002 -7.160728197866767E-002 -4.759365478208229E-002 
-4.759365478208230E-002 -4.759365478208229E-002 -7.160728197866767E-002
      </IFC>
    </s_s1_m1_m2_m3.2.1.1.1.1>
    <s_s1_m1_m2_m3.2.1.2.1.1>
      <IFC type="real" size="9" columns="3">
 2.732607782596156E-003  2.661681040838927E-003 -2.661681040838925E-003 
 2.661681040838939E-003  2.732607782596159E-003  2.661681040838927E-003 
-2.661681040838929E-003  2.661681040838927E-003  2.732607782596159E-003
      </IFC>
    </s_s1_m1_m2_m3.2.1.2.1.1>
    <s_s1_m1_m2_m3.2.1.1.2.1>
      <IFC type="real" size="9" columns="3">
-7.160728197866764E-002  4.759365478208231E-002  4.759365478208231E-002 
 4.759365478208231E-002 -7.160728197866764E-002 -4.759365478208231E-002 
 4.759365478208231E-002 -4.759365478208231E-002 -7.160728197866763E-002
      </IFC>
    </s_s1_m1_m2_m3.2.1.1.2.1>
    <s_s1_m1_m2_m3.2.1.2.2.1>
      <IFC type="real" size="9" columns="3">
-7.160728197866767E-002 -4.759365478208230E-002  4.759365478208229E-002 
-4.759365478208230E-002 -7.160728197866767E-002  4.759365478208230E-002 
 4.759365478208229E-002  4.759365478208230E-002 -7.160728197866767E-002
      </IFC>
    </s_s1_m1_m2_m3.2.1.2.2.1>
    <s_s1_m1_m2_m3.2.1.1.1.2>
      <IFC type="real" size="9" columns="3">
 2.732607782596153E-003 -2.661681040838925E-003  2.661681040838932E-003 
-2.661681040838929E-003  2.732607782596153E-003  2.661681040838935E-003 
 2.661681040838918E-003  2.661681040838922E-003  2.732607782596159E-003
      </IFC>
    </s_s1_m1_m2_m3.2.1.1.1.2>
    <s_s1_m1_m2_m3.2.1.2.1.2>
      <IFC type="real" size="9" columns="3">
 2.732607782596128E-003  2.661681040838903E-003  2.661681040838911E-003 
 2.661681040838904E-003  2.732607782596118E-003 -2.661681040838903E-003 
 2.661681040838908E-003 -2.661681040838903E-003  2.732607782596132E-003
      </IFC>
    </s_s1_m1_m2_m3.2.1.2.1.2>
    <s_s1_m1_m2_m3.2.1.1.2.2>
      <IFC type="real" size="9" columns="3">
-7.160728197866767E-002  4.759365478208229E-002 -4.759365478208229E-002 
 4.759365478208230E-002 -7.160728197866767E-002  4.759365478208230E-002 
-4.759365478208229E-002  4.759365478208229E-002 -7.160728197866766E-002
      </IFC>
    </s_s1_m1_m2_m3.2.1.1.2.2>
    <s_s1_m1_m2_m3.2.1.2.2.2>
      <IFC type="real" size="9" columns="3">
 2.732607782596153E-003 -2.661681040838929E-003 -2.661681040838932E-003 
-2.661681040838918E-003  2.732607782596153E-003 -2.661681040838925E-003 
-2.661681040838935E-003 -2.661681040838925E-003  2.732607782596159E-003
      </IFC>
    </s_s1_m1_m2_m3.2.1.2.2.2>
    <s_s1_m1_m2_m3.2.2.1.1.1>
      <IFC type="real" size="9" columns="3">
 2.820207914200267E-001  2.515349040166370E-017  1.821459649775647E-017 
 2.515349040166370E-017  2.820207914200267E-001 -5.247538514829841E-017 
 1.821459649775647E-017 -5.247538514829841E-017  2.820207914200267E-001
      </IFC>
    </s_s1_m1_m2_m3.2.2.1.1.1>
    <s_s1_m1_m2_m3.2.2.2.1.1>
      <IFC type="real" size="9" columns="3">
-9.711156245476589E-003 -4.336808689942018E-018  1.061181883156805E-002 
-4.336808689942018E-018  1.781157869219285E-002 -2.688821387764051E-017 
 1.061181883156805E-002 -2.688821387764051E-017 -9.711156245476575E-003
      </IFC>
    </s_s1_m1_m2_m3.2.2.2.1.1>
    <s_s1_m1_m2_m3.2.2.1.2.1>
      <IFC type="real" size="9" columns="3">
 1.781157869219283E-002 -8.673617379884035E-019  2.602085213965211E-018 
-8.673617379884035E-019 -9.711156245476596E-003 -1.061181883156807E-002 
 2.602085213965211E-018 -1.061181883156807E-002 -9.711156245476568E-003
      </IFC>
    </s_s1_m1_m2_m3.2.2.1.2.1>
    <s_s1_m1_m2_m3.2.2.2.2.1>
      <IFC type="real" size="9" columns="3">
-9.711156245476589E-003 -1.061181883156805E-002  2.602085213965211E-018 
-1.061181883156805E-002 -9.711156245476596E-003 -2.992397996059992E-017 
 2.602085213965211E-018 -2.992397996059992E-017  1.781157869219283E-002
      </IFC>
    </s_s1_m1_m2_m3.2.2.2.2.1>
    <s_s1_m1_m2_m3.2.2.1.1.2>
      <IFC type="real" size="9" columns="3">
-9.711156245476582E-003  1.061181883156806E-002 -1.301042606982605E-017 
 1.061181883156806E-002 -9.711156245476610E-003  9.107298248878237E-018 
-1.301042606982605E-017  9.107298248878237E-018  1.781157869219280E-002
      </IFC>
    </s_s1_m1_m2_m3.2.2.1.1.2>
    <s_s1_m1_m2_m3.2.2.2.1.2>
      <IFC type="real" size="9" columns="3">
 1.781157869219284E-002  9.540979117872439E-018 -6.071532165918825E-018 
 9.540979117872439E-018 -9.711156245476596E-003  1.061181883156803E-002 
-6.071532165918825E-018  1.061181883156803E-002 -9.711156245476575E-003
      </IFC>
    </s_s1_m1_m2_m3.2.2.2.1.2>
    <s_s1_m1_m2_m3.2.2.1.2.2>
      <IFC type="real" size="9" columns="3">
-9.711156245476582E-003  6.071532165918825E-018 -1.061181883156805E-002 
 6.071532165918825E-018  1.781157869219284E-002 -8.673617379884035E-019 
-1.061181883156805E-002 -8.673617379884035E-019 -9.711156245476568E-003
      </IFC>
    </s_s1_m1_m2_m3.2.2.1.2.2>
    <s_s1_m1_m2_m3.2.2.2.2.2>
      <IFC type="real" size="9" columns="3">
-2.752696025708018E-003  2.168404344971009E-017  6.071532165918825E-018 
 2.168404344971009E-017 -2.752696025708011E-003 -1.691355389077387E-017 
 6.071532165918825E-018 -1.691355389077387E-017 -2.752696025707983E-003
      </IFC>
    </s_s1_m1_m2_m3.2.2.2.2.2>
  </INTERATOMIC_FORCE_CONSTANTS>
</Root>

