<?xml version="1.0"?>
<?iotk version="1.2.0"?>
<?iotk file_version="1.0"?>
<?iotk binary="F"?>
<?iotk qe_syntax="F"?>
<Root>
  <GEOMETRY_INFO>
    <NUMBER_OF_TYPES type="integer" size="1">
         1
    </NUMBER_OF_TYPES>
    <NUMBER_OF_ATOMS type="integer" size="1">
         2
    </NUMBER_OF_ATOMS>
    <BRAVAIS_LATTICE_INDEX type="integer" size="1">
         2
    </BRAVAIS_LATTICE_INDEX>
    <SPIN_COMPONENTS type="integer" size="1">
         1
    </SPIN_COMPONENTS>
    <CELL_DIMENSIONS type="real" size="6">
 1.000000000000000E+001
 0.000000000000000E+000
 0.000000000000000E+000
 0.000000000000000E+000
 0.000000000000000E+000
 0.000000000000000E+000
    </CELL_DIMENSIONS>
    <AT type="real" size="9" columns="3">
-5.000000000000000E-001  0.000000000000000E+000  5.000000000000000E-001 
 0.000000000000000E+000  5.000000000000000E-001  5.000000000000000E-001 
-5.000000000000000E-001  5.000000000000000E-001  0.000000000000000E+000
    </AT>
    <BG type="real" size="9" columns="3">
-1.000000000000000E+000 -1.000000000000000E+000  1.000000000000000E+000 
 1.000000000000000E+000  1.000000000000000E+000  1.000000000000000E+000 
-1.000000000000000E+000  1.000000000000000E+000 -1.000000000000000E+000
    </BG>
    <UNIT_CELL_VOLUME_AU type="real" size="1">
 2.500000000000000E+002
    </UNIT_CELL_VOLUME_AU>
    <TYPE_NAME.1 type="character" size="1" len="3">
Si 
    </TYPE_NAME.1>
    <MASS.1 type="real" size="1">
 2.808600000000000E+001
    </MASS.1>
    <ATOM.1 SPECIES="Si " INDEX="1" TAU="0.000000000000000E+000 0.000000000000000E+000 0.000000000000000E+000"/>
    <ATOM.2 SPECIES="Si " INDEX="1" TAU="2.500000000000000E-001 2.500000000000000E-001 2.500000000000000E-001"/>
    <NUMBER_OF_Q type="integer" size="1">
         3
    </NUMBER_OF_Q>
  </GEOMETRY_INFO>
  <DIELECTRIC_PROPERTIES>
    <EPSILON type="real" size="9" columns="3">
 1.359560048509823E+001  3.552713678800501E-015  3.552713678800501E-015 
 1.776356839400250E-015  1.359560048509823E+001  1.776356839400250E-015 
 3.552713678800501E-015 -2.664535259100376E-015  1.359560048509823E+001
    </EPSILON>
    <ZSTAR>
      <Z_AT_.1 type="real" size="9" columns="3">
-1.332267629550188E-015 -4.440892098500626E-016 -8.881784197001252E-016 
-6.661338147750939E-016 -8.881784197001252E-016 -2.220446049250311E-016 
 0.000000000000000E+000  0.000000000000000E+000 -1.776356839400250E-015
      </Z_AT_.1>
      <Z_AT_.2 type="real" size="9" columns="3">
 1.332267629550188E-015  4.440892098500624E-016  8.881784197001252E-016 
 6.661338147750939E-016  8.881784197001252E-016  2.220446049250309E-016 
 0.000000000000000E+000  0.000000000000000E+000  1.776356839400250E-015
      </Z_AT_.2>
    </ZSTAR>
  </DIELECTRIC_PROPERTIES>
  <INTERATOMIC_FORCE_CONSTANTS>
    <MESH_NQ1_NQ2_NQ3 type="integer" size="3" columns="3">
         2          2          2
    </MESH_NQ1_NQ2_NQ3>
    <s_s1_m1_m2_m3.1.1.1.1.1>
      <IFC type="real" size="9" columns="3">
 3.184490965420773E-001 -1.561251128379126E-017 -1.517883041479706E-017 
-1.561251128379126E-017  3.184490965420773E-001  3.859759734048396E-017 
-1.517883041479706E-017  3.859759734048396E-017  3.184490965420773E-001
      </IFC>
    </s_s1_m1_m2_m3.1.1.1.1.1>
    <s_s1_m1_m2_m3.1.1.2.1.1>
      <IFC type="real" size="9" columns="3">
-1.077310873041800E-002  3.382710778154774E-017  1.165000844089177E-002 
 3.382710778154774E-017  1.847914537248199E-002 -1.040834085586084E-017 
 1.165000844089177E-002 -1.040834085586084E-017 -1.077310873041801E-002
      </IFC>
    </s_s1_m1_m2_m3.1.1.2.1.1>
    <s_s1_m1_m2_m3.1.1.1.2.1>
      <IFC type="real" size="9" columns="3">
 1.847914537248202E-002  3.556183125752455E-017 -1.734723475976807E-018 
 3.556183125752455E-017 -1.077310873041799E-002 -1.165000844089180E-002 
-1.734723475976807E-018 -1.165000844089180E-002 -1.077310873041798E-002
      </IFC>
    </s_s1_m1_m2_m3.1.1.1.2.1>
    <s_s1_m1_m2_m3.1.1.2.2.1>
      <IFC type="real" size="9" columns="3">
-1.077310873041803E-002 -1.165000844089184E-002  9.107298248878237E-018 
-1.165000844089184E-002 -1.077310873041801E-002  7.372574772901430E-018 
 9.107298248878237E-018  7.372574772901430E-018  1.847914537248199E-002
      </IFC>
    </s_s1_m1_m2_m3.1.1.2.2.1>
    <s_s1_m1_m2_m3.1.1.1.1.2>
      <IFC type="real" size="9" columns="3">
-1.077310873041798E-002  1.165000844089180E-002  2.211772431870429E-017 
 1.165000844089180E-002 -1.077310873041801E-002 -3.165870343657673E-017 
 2.211772431870429E-017 -3.165870343657673E-017  1.847914537248196E-002
      </IFC>
    </s_s1_m1_m2_m3.1.1.1.1.2>
    <s_s1_m1_m2_m3.1.1.2.1.2>
      <IFC type="real" size="9" columns="3">
 1.847914537248197E-002 -1.474514954580286E-017  2.602085213965211E-017 
-1.474514954580286E-017 -1.077310873041801E-002  1.165000844089182E-002 
 2.602085213965211E-017  1.165000844089182E-002 -1.077310873041799E-002
      </IFC>
    </s_s1_m1_m2_m3.1.1.2.1.2>
    <s_s1_m1_m2_m3.1.1.1.2.2>
      <IFC type="real" size="9" columns="3">
-1.077310873041801E-002  7.806255641895632E-018 -1.165000844089183E-002 
 7.806255641895632E-018  1.847914537248201E-002 -1.387778780781446E-017 
-1.165000844089183E-002 -1.387778780781446E-017 -1.077310873041801E-002
      </IFC>
    </s_s1_m1_m2_m3.1.1.1.2.2>
    <s_s1_m1_m2_m3.1.1.2.2.2>
      <IFC type="real" size="9" columns="3">
-2.910153960733707E-003 -5.204170427930421E-018 -2.168404344971009E-018 
-5.204170427930421E-018 -2.910153960733720E-003 -4.336808689942018E-019 
-2.168404344971009E-018 -4.336808689942018E-019 -2.910153960733693E-003
      </IFC>
    </s_s1_m1_m2_m3.1.1.2.2.2>
    <s_s1_m1_m2_m3.1.2.1.1.1>
      <IFC type="real" size="9" columns="3">
-8.009054639433705E-002 -5.935597214620286E-002 -5.935597214620286E-002 
-5.935597214620286E-002 -8.009054639433708E-002 -5.935597214620286E-002 
-5.935597214620286E-002 -5.935597214620287E-002 -8.009054639433705E-002
      </IFC>
    </s_s1_m1_m2_m3.1.2.1.1.1>
    <s_s1_m1_m2_m3.1.2.2.1.1>
      <IFC type="real" size="9" columns="3">
 2.871207542400882E-003  2.742593772268966E-003 -2.742593772268971E-003 
 2.742593772268967E-003  2.871207542400889E-003  2.742593772268971E-003 
-2.742593772268959E-003  2.742593772268966E-003  2.871207542400903E-003
      </IFC>
    </s_s1_m1_m2_m3.1.2.2.1.1>
    <s_s1_m1_m2_m3.1.2.1.2.1>
      <IFC type="real" size="9" columns="3">
-8.009054639433706E-002  5.935597214620285E-002  5.935597214620286E-002 
 5.935597214620285E-002 -8.009054639433708E-002 -5.935597214620286E-002 
 5.935597214620286E-002 -5.935597214620286E-002 -8.009054639433706E-002
      </IFC>
    </s_s1_m1_m2_m3.1.2.1.2.1>
    <s_s1_m1_m2_m3.1.2.2.2.1>
      <IFC type="real" size="9" columns="3">
-8.009054639433705E-002 -5.935597214620287E-002  5.935597214620287E-002 
-5.935597214620286E-002 -8.009054639433705E-002  5.935597214620287E-002 
 5.935597214620288E-002  5.935597214620286E-002 -8.009054639433705E-002
      </IFC>
    </s_s1_m1_m2_m3.1.2.2.2.1>
    <s_s1_m1_m2_m3.1.2.1.1.2>
      <IFC type="real" size="9" columns="3">
 2.871207542400861E-003 -2.742593772268969E-003  2.742593772268969E-003 
-2.742593772268969E-003  2.871207542400896E-003  2.742593772268969E-003 
 2.742593772268962E-003  2.742593772268966E-003  2.871207542400861E-003
      </IFC>
    </s_s1_m1_m2_m3.1.2.1.1.2>
    <s_s1_m1_m2_m3.1.2.2.1.2>
      <IFC type="real" size="9" columns="3">
 2.871207542400875E-003  2.742593772268959E-003  2.742593772268960E-003 
 2.742593772268960E-003  2.871207542400882E-003 -2.742593772268960E-003 
 2.742593772268972E-003 -2.742593772268962E-003  2.871207542400875E-003
      </IFC>
    </s_s1_m1_m2_m3.1.2.2.1.2>
    <s_s1_m1_m2_m3.1.2.1.2.2>
      <IFC type="real" size="9" columns="3">
-8.009054639433706E-002  5.935597214620286E-002 -5.935597214620287E-002 
 5.935597214620286E-002 -8.009054639433708E-002  5.935597214620287E-002 
-5.935597214620287E-002  5.935597214620286E-002 -8.009054639433706E-002
      </IFC>
    </s_s1_m1_m2_m3.1.2.1.2.2>
    <s_s1_m1_m2_m3.1.2.2.2.2>
      <IFC type="real" size="9" columns="3">
 2.871207542400889E-003 -2.742593772268972E-003 -2.742593772268966E-003 
-2.742593772268969E-003  2.871207542400889E-003 -2.742593772268966E-003 
-2.742593772268959E-003 -2.742593772268972E-003  2.871207542400868E-003
      </IFC>
    </s_s1_m1_m2_m3.1.2.2.2.2>
    <s_s1_m1_m2_m3.2.1.1.1.1>
      <IFC type="real" size="9" columns="3">
-8.009054639433705E-002 -5.935597214620286E-002 -5.935597214620286E-002 
-5.935597214620286E-002 -8.009054639433708E-002 -5.935597214620287E-002 
-5.935597214620286E-002 -5.935597214620286E-002 -8.009054639433705E-002
      </IFC>
    </s_s1_m1_m2_m3.2.1.1.1.1>
    <s_s1_m1_m2_m3.2.1.2.1.1>
      <IFC type="real" size="9" columns="3">
 2.871207542400882E-003  2.742593772268967E-003 -2.742593772268959E-003 
 2.742593772268966E-003  2.871207542400889E-003  2.742593772268966E-003 
-2.742593772268971E-003  2.742593772268971E-003  2.871207542400903E-003
      </IFC>
    </s_s1_m1_m2_m3.2.1.2.1.1>
    <s_s1_m1_m2_m3.2.1.1.2.1>
      <IFC type="real" size="9" columns="3">
-8.009054639433706E-002  5.935597214620285E-002  5.935597214620286E-002 
 5.935597214620285E-002 -8.009054639433708E-002 -5.935597214620286E-002 
 5.935597214620286E-002 -5.935597214620286E-002 -8.009054639433706E-002
      </IFC>
    </s_s1_m1_m2_m3.2.1.1.2.1>
    <s_s1_m1_m2_m3.2.1.2.2.1>
      <IFC type="real" size="9" columns="3">
-8.009054639433705E-002 -5.935597214620286E-002  5.935597214620288E-002 
-5.935597214620287E-002 -8.009054639433705E-002  5.935597214620286E-002 
 5.935597214620287E-002  5.935597214620287E-002 -8.009054639433705E-002
      </IFC>
    </s_s1_m1_m2_m3.2.1.2.2.1>
    <s_s1_m1_m2_m3.2.1.1.1.2>
      <IFC type="real" size="9" columns="3">
 2.871207542400861E-003 -2.742593772268969E-003  2.742593772268962E-003 
-2.742593772268969E-003  2.871207542400896E-003  2.742593772268966E-003 
 2.742593772268969E-003  2.742593772268969E-003  2.871207542400861E-003
      </IFC>
    </s_s1_m1_m2_m3.2.1.1.1.2>
    <s_s1_m1_m2_m3.2.1.2.1.2>
      <IFC type="real" size="9" columns="3">
 2.871207542400875E-003  2.742593772268960E-003  2.742593772268972E-003 
 2.742593772268959E-003  2.871207542400882E-003 -2.742593772268962E-003 
 2.742593772268960E-003 -2.742593772268960E-003  2.871207542400875E-003
      </IFC>
    </s_s1_m1_m2_m3.2.1.2.1.2>
    <s_s1_m1_m2_m3.2.1.1.2.2>
      <IFC type="real" size="9" columns="3">
-8.009054639433706E-002  5.935597214620286E-002 -5.935597214620287E-002 
 5.935597214620286E-002 -8.009054639433708E-002  5.935597214620286E-002 
-5.935597214620287E-002  5.935597214620287E-002 -8.009054639433706E-002
      </IFC>
    </s_s1_m1_m2_m3.2.1.1.2.2>
    <s_s1_m1_m2_m3.2.1.2.2.2>
      <IFC type="real" size="9" columns="3">
 2.871207542400889E-003 -2.742593772268969E-003 -2.742593772268959E-003 
-2.742593772268972E-003  2.871207542400889E-003 -2.742593772268972E-003 
-2.742593772268966E-003 -2.742593772268966E-003  2.871207542400868E-003
      </IFC>
    </s_s1_m1_m2_m3.2.1.2.2.2>
    <s_s1_m1_m2_m3.2.2.1.1.1>
      <IFC type="real" size="9" columns="3">
 3.184490965420773E-001 -1.734723475976807E-017 -2.298508605669269E-017 
-1.734723475976807E-017  3.184490965420773E-001  2.602085213965211E-018 
-2.298508605669269E-017  2.602085213965211E-018  3.184490965420773E-001
      </IFC>
    </s_s1_m1_m2_m3.2.2.1.1.1>
    <s_s1_m1_m2_m3.2.2.2.1.1>
      <IFC type="real" size="9" columns="3">
-1.077310873041800E-002  7.372574772901430E-018  1.165000844089180E-002 
 7.372574772901430E-018  1.847914537248197E-002 -1.214306433183765E-017 
 1.165000844089180E-002 -1.214306433183765E-017 -1.077310873041799E-002
      </IFC>
    </s_s1_m1_m2_m3.2.2.2.1.1>
    <s_s1_m1_m2_m3.2.2.1.2.1>
      <IFC type="real" size="9" columns="3">
 1.847914537248198E-002  2.125036258071589E-017  2.255140518769849E-017 
 2.125036258071589E-017 -1.077310873041801E-002 -1.165000844089179E-002 
 2.255140518769849E-017 -1.165000844089179E-002 -1.077310873041795E-002
      </IFC>
    </s_s1_m1_m2_m3.2.2.1.2.1>
    <s_s1_m1_m2_m3.2.2.2.2.1>
      <IFC type="real" size="9" columns="3">
-1.077310873041800E-002 -1.165000844089184E-002  5.637851296924623E-018 
-1.165000844089184E-002 -1.077310873041800E-002 -1.561251128379126E-017 
 5.637851296924623E-018 -1.561251128379126E-017  1.847914537248201E-002
      </IFC>
    </s_s1_m1_m2_m3.2.2.2.2.1>
    <s_s1_m1_m2_m3.2.2.1.1.2>
      <IFC type="real" size="9" columns="3">
-1.077310873041801E-002  1.165000844089180E-002  1.170938346284345E-017 
 1.165000844089180E-002 -1.077310873041798E-002 -2.255140518769849E-017 
 1.170938346284345E-017 -2.255140518769849E-017  1.847914537248199E-002
      </IFC>
    </s_s1_m1_m2_m3.2.2.1.1.2>
    <s_s1_m1_m2_m3.2.2.2.1.2>
      <IFC type="real" size="9" columns="3">
 1.847914537248197E-002 -3.903127820947816E-018 -1.908195823574488E-017 
-3.903127820947816E-018 -1.077310873041803E-002  1.165000844089182E-002 
-1.908195823574488E-017  1.165000844089182E-002 -1.077310873041804E-002
      </IFC>
    </s_s1_m1_m2_m3.2.2.2.1.2>
    <s_s1_m1_m2_m3.2.2.1.2.2>
      <IFC type="real" size="9" columns="3">
-1.077310873041799E-002  9.974659986866641E-018 -1.165000844089183E-002 
 9.974659986866641E-018  1.847914537248199E-002 -1.214306433183765E-017 
-1.165000844089183E-002 -1.214306433183765E-017 -1.077310873041801E-002
      </IFC>
    </s_s1_m1_m2_m3.2.2.1.2.2>
    <s_s1_m1_m2_m3.2.2.2.2.2>
      <IFC type="real" size="9" columns="3">
-2.910153960733679E-003  2.081668171172169E-017  5.637851296924623E-018 
 2.081668171172169E-017 -2.910153960733707E-003  1.474514954580286E-017 
 5.637851296924623E-018  1.474514954580286E-017 -2.910153960733693E-003
      </IFC>
    </s_s1_m1_m2_m3.2.2.2.2.2>
  </INTERATOMIC_FORCE_CONSTANTS>
</Root>

