<?xml version="1.0"?>
<?iotk version="1.2.0"?>
<?iotk file_version="1.0"?>
<?iotk binary="F"?>
<?iotk qe_syntax="F"?>
<Root>
  <GEOMETRY_INFO>
    <NUMBER_OF_TYPES type="integer" size="1">
         1
    </NUMBER_OF_TYPES>
    <NUMBER_OF_ATOMS type="integer" size="1">
         2
    </NUMBER_OF_ATOMS>
    <BRAVAIS_LATTICE_INDEX type="integer" size="1">
         2
    </BRAVAIS_LATTICE_INDEX>
    <SPIN_COMPONENTS type="integer" size="1">
         1
    </SPIN_COMPONENTS>
    <CELL_DIMENSIONS type="real" size="6">
 1.015000000000000E+001
 0.000000000000000E+000
 0.000000000000000E+000
 0.000000000000000E+000
 0.000000000000000E+000
 0.000000000000000E+000
    </CELL_DIMENSIONS>
    <AT type="real" size="9" columns="3">
-4.999999999999999E-001  0.000000000000000E+000  4.999999999999999E-001 
 0.000000000000000E+000  4.999999999999999E-001  4.999999999999999E-001 
-4.999999999999999E-001  4.999999999999999E-001  0.000000000000000E+000
    </AT>
    <BG type="real" size="9" columns="3">
-1.000000000000000E+000 -1.000000000000000E+000  1.000000000000000E+000 
 1.000000000000000E+000  1.000000000000000E+000  1.000000000000000E+000 
-1.000000000000000E+000  1.000000000000000E+000 -1.000000000000000E+000
    </BG>
    <UNIT_CELL_VOLUME_AU type="real" size="1">
 2.614195937499999E+002
    </UNIT_CELL_VOLUME_AU>
    <TYPE_NAME.1 type="character" size="1" len="3">
Si 
    </TYPE_NAME.1>
    <MASS.1 type="real" size="1">
 2.808600000000000E+001
    </MASS.1>
    <ATOM.1 SPECIES="Si " INDEX="1" TAU="0.000000000000000E+000 0.000000000000000E+000 0.000000000000000E+000"/>
    <ATOM.2 SPECIES="Si " INDEX="1" TAU="2.500000000000000E-001 2.500000000000000E-001 2.500000000000000E-001"/>
    <NUMBER_OF_Q type="integer" size="1">
         3
    </NUMBER_OF_Q>
  </GEOMETRY_INFO>
  <DIELECTRIC_PROPERTIES>
    <EPSILON type="real" size="9" columns="3">
 1.375103219744310E+001  8.881784197001252E-016 -4.440892098500626E-015 
-1.776356839400250E-015  1.375103219744310E+001 -3.552713678800501E-015 
-7.993605777301127E-015  2.664535259100376E-015  1.375103219744311E+001
    </EPSILON>
    <ZSTAR>
      <Z_AT_.1 type="real" size="9" columns="3">
 1.776356839400250E-015  8.881784197001252E-016  4.440892098500626E-016 
 8.881784197001250E-016  1.776356839400250E-015 -4.440892098500626E-016 
 1.332267629550188E-015 -4.440892098500626E-016  8.881784197001252E-016
      </Z_AT_.1>
      <Z_AT_.2 type="real" size="9" columns="3">
-1.776356839400250E-015 -8.881784197001252E-016 -4.440892098500626E-016 
-8.881784197001248E-016 -1.776356839400250E-015  4.440892098500626E-016 
-1.332267629550188E-015  4.440892098500626E-016 -8.881784197001252E-016
      </Z_AT_.2>
    </ZSTAR>
  </DIELECTRIC_PROPERTIES>
  <INTERATOMIC_FORCE_CONSTANTS>
    <MESH_NQ1_NQ2_NQ3 type="integer" size="3" columns="3">
         2          2          2
    </MESH_NQ1_NQ2_NQ3>
    <s_s1_m1_m2_m3.1.1.1.1.1>
      <IFC type="real" size="9" columns="3">
 2.907832276004678E-001 -1.734723475976807E-017  1.561251128379126E-017 
-1.734723475976807E-017  2.907832276004678E-001  3.469446951953614E-018 
 1.561251128379126E-017  3.469446951953614E-018  2.907832276004678E-001
      </IFC>
    </s_s1_m1_m2_m3.1.1.1.1.1>
    <s_s1_m1_m2_m3.1.1.2.1.1>
      <IFC type="real" size="9" columns="3">
-9.979182702352374E-003 -6.938893903907228E-018  1.086740816346819E-002 
-6.938893903907228E-018  1.796780008838684E-002  7.806255641895632E-018 
 1.086740816346819E-002  7.806255641895632E-018 -9.979182702352415E-003
      </IFC>
    </s_s1_m1_m2_m3.1.1.2.1.1>
    <s_s1_m1_m2_m3.1.1.1.2.1>
      <IFC type="real" size="9" columns="3">
 1.796780008838686E-002 -1.387778780781446E-017  4.336808689942018E-018 
-1.387778780781446E-017 -9.979182702352415E-003 -1.086740816346818E-002 
 4.336808689942018E-018 -1.086740816346818E-002 -9.979182702352388E-003
      </IFC>
    </s_s1_m1_m2_m3.1.1.1.2.1>
    <s_s1_m1_m2_m3.1.1.2.2.1>
      <IFC type="real" size="9" columns="3">
-9.979182702352374E-003 -1.086740816346815E-002 -1.561251128379126E-017 
-1.086740816346815E-002 -9.979182702352409E-003  2.081668171172169E-017 
-1.561251128379126E-017  2.081668171172169E-017  1.796780008838682E-002
      </IFC>
    </s_s1_m1_m2_m3.1.1.2.2.1>
    <s_s1_m1_m2_m3.1.1.1.1.2>
      <IFC type="real" size="9" columns="3">
-9.979182702352402E-003  1.086740816346817E-002 -1.561251128379126E-017 
 1.086740816346817E-002 -9.979182702352429E-003  1.040834085586084E-017 
-1.561251128379126E-017  1.040834085586084E-017  1.796780008838683E-002
      </IFC>
    </s_s1_m1_m2_m3.1.1.1.1.2>
    <s_s1_m1_m2_m3.1.1.2.1.2>
      <IFC type="real" size="9" columns="3">
 1.796780008838683E-002 -1.387778780781446E-017 -3.556183125752455E-017 
-1.387778780781446E-017 -9.979182702352409E-003  1.086740816346815E-002 
-3.556183125752455E-017  1.086740816346815E-002 -9.979182702352388E-003
      </IFC>
    </s_s1_m1_m2_m3.1.1.2.1.2>
    <s_s1_m1_m2_m3.1.1.1.2.2>
      <IFC type="real" size="9" columns="3">
-9.979182702352402E-003 -6.938893903907228E-018 -1.086740816346816E-002 
-6.938893903907228E-018  1.796780008838685E-002  3.729655473350135E-017 
-1.086740816346816E-002  3.729655473350135E-017 -9.979182702352415E-003
      </IFC>
    </s_s1_m1_m2_m3.1.1.1.2.2>
    <s_s1_m1_m2_m3.1.1.2.2.2>
      <IFC type="real" size="9" columns="3">
-2.784681671456068E-003  3.816391647148976E-017  8.673617379884035E-018 
 3.816391647148976E-017 -2.784681671456062E-003 -2.081668171172169E-017 
 8.673617379884035E-018 -2.081668171172169E-017 -2.784681671456055E-003
      </IFC>
    </s_s1_m1_m2_m3.1.1.2.2.2>
    <s_s1_m1_m2_m3.1.2.1.1.1>
      <IFC type="real" size="9" columns="3">
-7.363680349545201E-002 -5.034696978992259E-002 -5.034696978992260E-002 
-5.034696978992260E-002 -7.363680349545203E-002 -5.034696978992258E-002 
-5.034696978992259E-002 -5.034696978992258E-002 -7.363680349545201E-002
      </IFC>
    </s_s1_m1_m2_m3.1.2.1.1.1>
    <s_s1_m1_m2_m3.1.2.2.1.1>
      <IFC type="real" size="9" columns="3">
 2.766495066410038E-003  2.677996934670012E-003 -2.677996934670010E-003 
 2.677996934670012E-003  2.766495066410024E-003  2.677996934670000E-003 
-2.677996934670003E-003  2.677996934670001E-003  2.766495066410031E-003
      </IFC>
    </s_s1_m1_m2_m3.1.2.2.1.1>
    <s_s1_m1_m2_m3.1.2.1.2.1>
      <IFC type="real" size="9" columns="3">
-7.363680349545199E-002  5.034696978992260E-002  5.034696978992260E-002 
 5.034696978992259E-002 -7.363680349545201E-002 -5.034696978992260E-002 
 5.034696978992260E-002 -5.034696978992259E-002 -7.363680349545200E-002
      </IFC>
    </s_s1_m1_m2_m3.1.2.1.2.1>
    <s_s1_m1_m2_m3.1.2.2.2.1>
      <IFC type="real" size="9" columns="3">
-7.363680349545200E-002 -5.034696978992260E-002  5.034696978992259E-002 
-5.034696978992259E-002 -7.363680349545201E-002  5.034696978992258E-002 
 5.034696978992259E-002  5.034696978992258E-002 -7.363680349545201E-002
      </IFC>
    </s_s1_m1_m2_m3.1.2.2.2.1>
    <s_s1_m1_m2_m3.1.2.1.1.2>
      <IFC type="real" size="9" columns="3">
 2.766495066410024E-003 -2.677996934670007E-003  2.677996934670017E-003 
-2.677996934670017E-003  2.766495066410010E-003  2.677996934670010E-003 
 2.677996934670024E-003  2.677996934670013E-003  2.766495066410003E-003
      </IFC>
    </s_s1_m1_m2_m3.1.2.1.1.2>
    <s_s1_m1_m2_m3.1.2.2.1.2>
      <IFC type="real" size="9" columns="3">
 2.766495066410024E-003  2.677996934669998E-003  2.677996934670013E-003 
 2.677996934670005E-003  2.766495066410010E-003 -2.677996934669996E-003 
 2.677996934670010E-003 -2.677996934669991E-003  2.766495066410003E-003
      </IFC>
    </s_s1_m1_m2_m3.1.2.2.1.2>
    <s_s1_m1_m2_m3.1.2.1.2.2>
      <IFC type="real" size="9" columns="3">
-7.363680349545201E-002  5.034696978992259E-002 -5.034696978992258E-002 
 5.034696978992259E-002 -7.363680349545201E-002  5.034696978992258E-002 
-5.034696978992258E-002  5.034696978992259E-002 -7.363680349545203E-002
      </IFC>
    </s_s1_m1_m2_m3.1.2.1.2.2>
    <s_s1_m1_m2_m3.1.2.2.2.2>
      <IFC type="real" size="9" columns="3">
 2.766495066410038E-003 -2.677996934670017E-003 -2.677996934669996E-003 
-2.677996934670010E-003  2.766495066410024E-003 -2.677996934670003E-003 
-2.677996934670003E-003 -2.677996934670003E-003  2.766495066410017E-003
      </IFC>
    </s_s1_m1_m2_m3.1.2.2.2.2>
    <s_s1_m1_m2_m3.2.1.1.1.1>
      <IFC type="real" size="9" columns="3">
-7.363680349545201E-002 -5.034696978992260E-002 -5.034696978992259E-002 
-5.034696978992259E-002 -7.363680349545203E-002 -5.034696978992258E-002 
-5.034696978992260E-002 -5.034696978992258E-002 -7.363680349545201E-002
      </IFC>
    </s_s1_m1_m2_m3.2.1.1.1.1>
    <s_s1_m1_m2_m3.2.1.2.1.1>
      <IFC type="real" size="9" columns="3">
 2.766495066410038E-003  2.677996934670012E-003 -2.677996934670003E-003 
 2.677996934670012E-003  2.766495066410024E-003  2.677996934670001E-003 
-2.677996934670010E-003  2.677996934670000E-003  2.766495066410031E-003
      </IFC>
    </s_s1_m1_m2_m3.2.1.2.1.1>
    <s_s1_m1_m2_m3.2.1.1.2.1>
      <IFC type="real" size="9" columns="3">
-7.363680349545199E-002  5.034696978992259E-002  5.034696978992260E-002 
 5.034696978992260E-002 -7.363680349545201E-002 -5.034696978992259E-002 
 5.034696978992260E-002 -5.034696978992260E-002 -7.363680349545200E-002
      </IFC>
    </s_s1_m1_m2_m3.2.1.1.2.1>
    <s_s1_m1_m2_m3.2.1.2.2.1>
      <IFC type="real" size="9" columns="3">
-7.363680349545200E-002 -5.034696978992259E-002  5.034696978992259E-002 
-5.034696978992260E-002 -7.363680349545201E-002  5.034696978992258E-002 
 5.034696978992259E-002  5.034696978992258E-002 -7.363680349545201E-002
      </IFC>
    </s_s1_m1_m2_m3.2.1.2.2.1>
    <s_s1_m1_m2_m3.2.1.1.1.2>
      <IFC type="real" size="9" columns="3">
 2.766495066410024E-003 -2.677996934670017E-003  2.677996934670024E-003 
-2.677996934670007E-003  2.766495066410010E-003  2.677996934670013E-003 
 2.677996934670017E-003  2.677996934670010E-003  2.766495066410003E-003
      </IFC>
    </s_s1_m1_m2_m3.2.1.1.1.2>
    <s_s1_m1_m2_m3.2.1.2.1.2>
      <IFC type="real" size="9" columns="3">
 2.766495066410024E-003  2.677996934670005E-003  2.677996934670010E-003 
 2.677996934669998E-003  2.766495066410010E-003 -2.677996934669991E-003 
 2.677996934670013E-003 -2.677996934669996E-003  2.766495066410003E-003
      </IFC>
    </s_s1_m1_m2_m3.2.1.2.1.2>
    <s_s1_m1_m2_m3.2.1.1.2.2>
      <IFC type="real" size="9" columns="3">
-7.363680349545201E-002  5.034696978992259E-002 -5.034696978992258E-002 
 5.034696978992259E-002 -7.363680349545201E-002  5.034696978992259E-002 
-5.034696978992258E-002  5.034696978992258E-002 -7.363680349545203E-002
      </IFC>
    </s_s1_m1_m2_m3.2.1.1.2.2>
    <s_s1_m1_m2_m3.2.1.2.2.2>
      <IFC type="real" size="9" columns="3">
 2.766495066410038E-003 -2.677996934670010E-003 -2.677996934670003E-003 
-2.677996934670017E-003  2.766495066410024E-003 -2.677996934670003E-003 
-2.677996934669996E-003 -2.677996934670003E-003  2.766495066410017E-003
      </IFC>
    </s_s1_m1_m2_m3.2.1.2.2.2>
    <s_s1_m1_m2_m3.2.2.1.1.1>
      <IFC type="real" size="9" columns="3">
 2.907832276004678E-001 -2.168404344971009E-017  1.691355389077387E-017 
-2.168404344971009E-017  2.907832276004678E-001 -6.505213034913027E-018 
 1.691355389077387E-017 -6.505213034913027E-018  2.907832276004678E-001
      </IFC>
    </s_s1_m1_m2_m3.2.2.1.1.1>
    <s_s1_m1_m2_m3.2.2.2.1.1>
      <IFC type="real" size="9" columns="3">
-9.979182702352388E-003 -1.084202172485504E-017  1.086740816346818E-002 
-1.084202172485504E-017  1.796780008838685E-002  6.071532165918825E-018 
 1.086740816346818E-002  6.071532165918825E-018 -9.979182702352402E-003
      </IFC>
    </s_s1_m1_m2_m3.2.2.2.1.1>
    <s_s1_m1_m2_m3.2.2.1.2.1>
      <IFC type="real" size="9" columns="3">
 1.796780008838685E-002 -1.778091562876227E-017  4.336808689942018E-018 
-1.778091562876227E-017 -9.979182702352402E-003 -1.086740816346818E-002 
 4.336808689942018E-018 -1.086740816346818E-002 -9.979182702352374E-003
      </IFC>
    </s_s1_m1_m2_m3.2.2.1.2.1>
    <s_s1_m1_m2_m3.2.2.2.2.1>
      <IFC type="real" size="9" columns="3">
-9.979182702352388E-003 -1.086740816346816E-002 -2.385244779468110E-017 
-1.086740816346816E-002 -9.979182702352395E-003  1.604619215278547E-017 
-2.385244779468110E-017  1.604619215278547E-017  1.796780008838683E-002
      </IFC>
    </s_s1_m1_m2_m3.2.2.2.2.1>
    <s_s1_m1_m2_m3.2.2.1.1.2>
      <IFC type="real" size="9" columns="3">
-9.979182702352429E-003  1.086740816346816E-002 -1.084202172485504E-017 
 1.086740816346816E-002 -9.979182702352429E-003  1.301042606982605E-018 
-1.084202172485504E-017  1.301042606982605E-018  1.796780008838683E-002
      </IFC>
    </s_s1_m1_m2_m3.2.2.1.1.2>
    <s_s1_m1_m2_m3.2.2.2.1.2>
      <IFC type="real" size="9" columns="3">
 1.796780008838682E-002 -2.385244779468110E-017 -3.903127820947816E-017 
-2.385244779468110E-017 -9.979182702352422E-003  1.086740816346815E-002 
-3.903127820947816E-017  1.086740816346815E-002 -9.979182702352374E-003
      </IFC>
    </s_s1_m1_m2_m3.2.2.2.1.2>
    <s_s1_m1_m2_m3.2.2.1.2.2>
      <IFC type="real" size="9" columns="3">
-9.979182702352415E-003 -1.691355389077387E-017 -1.086740816346816E-002 
-1.691355389077387E-017  1.796780008838683E-002  3.903127820947816E-017 
-1.086740816346816E-002  3.903127820947816E-017 -9.979182702352402E-003
      </IFC>
    </s_s1_m1_m2_m3.2.2.1.2.2>
    <s_s1_m1_m2_m3.2.2.2.2.2>
      <IFC type="real" size="9" columns="3">
-2.784681671456082E-003  2.862293735361732E-017  3.903127820947816E-018 
 2.862293735361732E-017 -2.784681671456075E-003 -2.471980953266950E-017 
 3.903127820947816E-018 -2.471980953266950E-017 -2.784681671456041E-003
      </IFC>
    </s_s1_m1_m2_m3.2.2.2.2.2>
  </INTERATOMIC_FORCE_CONSTANTS>
</Root>

