<?xml version="1.0"?>
<?iotk version="1.2.0"?>
<?iotk file_version="1.0"?>
<?iotk binary="F"?>
<?iotk qe_syntax="F"?>
<Root>
  <GEOMETRY_INFO>
    <NUMBER_OF_TYPES type="integer" size="1">
         1
    </NUMBER_OF_TYPES>
    <NUMBER_OF_ATOMS type="integer" size="1">
         2
    </NUMBER_OF_ATOMS>
    <BRAVAIS_LATTICE_INDEX type="integer" size="1">
         2
    </BRAVAIS_LATTICE_INDEX>
    <SPIN_COMPONENTS type="integer" size="1">
         1
    </SPIN_COMPONENTS>
    <CELL_DIMENSIONS type="real" size="6">
 1.025000000000000E+001
 0.000000000000000E+000
 0.000000000000000E+000
 0.000000000000000E+000
 0.000000000000000E+000
 0.000000000000000E+000
    </CELL_DIMENSIONS>
    <AT type="real" size="9" columns="3">
-5.000000000000000E-001  0.000000000000000E+000  5.000000000000000E-001 
 0.000000000000000E+000  5.000000000000000E-001  5.000000000000000E-001 
-5.000000000000000E-001  5.000000000000000E-001  0.000000000000000E+000
    </AT>
    <BG type="real" size="9" columns="3">
-1.000000000000000E+000 -1.000000000000000E+000  1.000000000000000E+000 
 1.000000000000000E+000  1.000000000000000E+000  1.000000000000000E+000 
-1.000000000000000E+000  1.000000000000000E+000 -1.000000000000000E+000
    </BG>
    <UNIT_CELL_VOLUME_AU type="real" size="1">
 2.692226562500000E+002
    </UNIT_CELL_VOLUME_AU>
    <TYPE_NAME.1 type="character" size="1" len="3">
Si 
    </TYPE_NAME.1>
    <MASS.1 type="real" size="1">
 2.808600000000000E+001
    </MASS.1>
    <ATOM.1 SPECIES="Si " INDEX="1" TAU="0.000000000000000E+000 0.000000000000000E+000 0.000000000000000E+000"/>
    <ATOM.2 SPECIES="Si " INDEX="1" TAU="2.500000000000000E-001 2.500000000000000E-001 2.500000000000000E-001"/>
    <NUMBER_OF_Q type="integer" size="1">
         3
    </NUMBER_OF_Q>
  </GEOMETRY_INFO>
  <DIELECTRIC_PROPERTIES>
    <EPSILON type="real" size="9" columns="3">
 1.391969632811552E+001 -8.881784197001252E-016  6.217248937900877E-015 
-1.776356839400250E-015  1.391969632811552E+001  1.776356839400250E-015 
 6.217248937900877E-015  2.664535259100376E-015  1.391969632811552E+001
    </EPSILON>
    <ZSTAR>
      <Z_AT_.1 type="real" size="9" columns="3">
 0.000000000000000E+000  8.881784197001250E-016  0.000000000000000E+000 
 6.661338147750941E-016  8.881784197001252E-016  1.110223024625157E-015 
-2.220446049250315E-016  6.661338147750939E-016 -1.332267629550188E-015
      </Z_AT_.1>
      <Z_AT_.2 type="real" size="9" columns="3">
 0.000000000000000E+000 -8.881784197001248E-016  0.000000000000000E+000 
-6.661338147750939E-016 -8.881784197001252E-016 -1.110223024625157E-015 
 2.220446049250313E-016 -6.661338147750939E-016  1.332267629550188E-015
      </Z_AT_.2>
    </ZSTAR>
  </DIELECTRIC_PROPERTIES>
  <INTERATOMIC_FORCE_CONSTANTS>
    <MESH_NQ1_NQ2_NQ3 type="integer" size="3" columns="3">
         2          2          2
    </MESH_NQ1_NQ2_NQ3>
    <s_s1_m1_m2_m3.1.1.1.1.1>
      <IFC type="real" size="9" columns="3">
 2.735959023094445E-001  1.040834085586084E-017  2.688821387764051E-017 
 1.040834085586084E-017  2.735959023094445E-001 -1.604619215278547E-017 
 2.688821387764051E-017 -1.604619215278547E-017  2.735959023094445E-001
      </IFC>
    </s_s1_m1_m2_m3.1.1.1.1.1>
    <s_s1_m1_m2_m3.1.1.2.1.1>
      <IFC type="real" size="9" columns="3">
-9.424644068732703E-003 -6.505213034913027E-018  1.034196478465622E-002 
-6.505213034913027E-018  1.764923854321659E-002  1.214306433183765E-017 
 1.034196478465622E-002  1.214306433183765E-017 -9.424644068732672E-003
      </IFC>
    </s_s1_m1_m2_m3.1.1.2.1.1>
    <s_s1_m1_m2_m3.1.1.1.2.1>
      <IFC type="real" size="9" columns="3">
 1.764923854321657E-002 -1.257674520083185E-017  6.938893903907228E-018 
-1.257674520083185E-017 -9.424644068732682E-003 -1.034196478465623E-002 
 6.938893903907228E-018 -1.034196478465623E-002 -9.424644068732682E-003
      </IFC>
    </s_s1_m1_m2_m3.1.1.1.2.1>
    <s_s1_m1_m2_m3.1.1.2.2.1>
      <IFC type="real" size="9" columns="3">
-9.424644068732703E-003 -1.034196478465620E-002 -1.994931997373328E-017 
-1.034196478465620E-002 -9.424644068732713E-003  8.239936510889834E-018 
-1.994931997373328E-017  8.239936510889834E-018  1.764923854321658E-002
      </IFC>
    </s_s1_m1_m2_m3.1.1.2.2.1>
    <s_s1_m1_m2_m3.1.1.1.1.2>
      <IFC type="real" size="9" columns="3">
-9.424644068732696E-003  1.034196478465623E-002 -1.821459649775647E-017 
 1.034196478465623E-002 -9.424644068732668E-003  1.604619215278547E-017 
-1.821459649775647E-017  1.604619215278547E-017  1.764923854321657E-002
      </IFC>
    </s_s1_m1_m2_m3.1.1.1.1.2>
    <s_s1_m1_m2_m3.1.1.2.1.2>
      <IFC type="real" size="9" columns="3">
 1.764923854321657E-002 -8.239936510889834E-018  1.734723475976807E-017 
-8.239936510889834E-018 -9.424644068732693E-003  1.034196478465620E-002 
 1.734723475976807E-017  1.034196478465620E-002 -9.424644068732706E-003
      </IFC>
    </s_s1_m1_m2_m3.1.1.2.1.2>
    <s_s1_m1_m2_m3.1.1.1.2.2>
      <IFC type="real" size="9" columns="3">
-9.424644068732696E-003 -1.431146867680866E-017 -1.034196478465620E-002 
-1.431146867680866E-017  1.764923854321655E-002  1.214306433183765E-017 
-1.034196478465620E-002  1.214306433183765E-017 -9.424644068732738E-003
      </IFC>
    </s_s1_m1_m2_m3.1.1.1.2.2>
    <s_s1_m1_m2_m3.1.1.2.2.2>
      <IFC type="real" size="9" columns="3">
-2.716901706304280E-003 -3.122502256758253E-017 -2.602085213965211E-018 
-3.122502256758253E-017 -2.716901706304242E-003 -8.239936510889834E-018 
-2.602085213965211E-018 -8.239936510889834E-018 -2.716901706304200E-003
      </IFC>
    </s_s1_m1_m2_m3.1.1.2.2.2>
    <s_s1_m1_m2_m3.1.2.1.1.1>
      <IFC type="real" size="9" columns="3">
-6.968496667959691E-002 -4.495466150925904E-002 -4.495466150925904E-002 
-4.495466150925905E-002 -6.968496667959691E-002 -4.495466150925906E-002 
-4.495466150925904E-002 -4.495466150925904E-002 -6.968496667959691E-002
      </IFC>
    </s_s1_m1_m2_m3.1.2.1.1.1>
    <s_s1_m1_m2_m3.1.2.2.1.1>
      <IFC type="real" size="9" columns="3">
 2.703847467543138E-003  2.649171174936385E-003 -2.649171174936382E-003 
 2.649171174936382E-003  2.703847467543135E-003  2.649171174936382E-003 
-2.649171174936375E-003  2.649171174936382E-003  2.703847467543142E-003
      </IFC>
    </s_s1_m1_m2_m3.1.2.2.1.1>
    <s_s1_m1_m2_m3.1.2.1.2.1>
      <IFC type="real" size="9" columns="3">
-6.968496667959691E-002  4.495466150925904E-002  4.495466150925904E-002 
 4.495466150925904E-002 -6.968496667959691E-002 -4.495466150925905E-002 
 4.495466150925904E-002 -4.495466150925904E-002 -6.968496667959691E-002
      </IFC>
    </s_s1_m1_m2_m3.1.2.1.2.1>
    <s_s1_m1_m2_m3.1.2.2.2.1>
      <IFC type="real" size="9" columns="3">
-6.968496667959691E-002 -4.495466150925904E-002  4.495466150925905E-002 
-4.495466150925904E-002 -6.968496667959691E-002  4.495466150925904E-002 
 4.495466150925906E-002  4.495466150925904E-002 -6.968496667959691E-002
      </IFC>
    </s_s1_m1_m2_m3.1.2.2.2.1>
    <s_s1_m1_m2_m3.1.2.1.1.2>
      <IFC type="real" size="9" columns="3">
 2.703847467543138E-003 -2.649171174936377E-003  2.649171174936387E-003 
-2.649171174936370E-003  2.703847467543138E-003  2.649171174936377E-003 
 2.649171174936391E-003  2.649171174936380E-003  2.703847467543138E-003
      </IFC>
    </s_s1_m1_m2_m3.1.2.1.1.2>
    <s_s1_m1_m2_m3.1.2.2.1.2>
      <IFC type="real" size="9" columns="3">
 2.703847467543138E-003  2.649171174936385E-003  2.649171174936382E-003 
 2.649171174936385E-003  2.703847467543135E-003 -2.649171174936378E-003 
 2.649171174936382E-003 -2.649171174936378E-003  2.703847467543135E-003
      </IFC>
    </s_s1_m1_m2_m3.1.2.2.1.2>
    <s_s1_m1_m2_m3.1.2.1.2.2>
      <IFC type="real" size="9" columns="3">
-6.968496667959691E-002  4.495466150925906E-002 -4.495466150925904E-002 
 4.495466150925906E-002 -6.968496667959691E-002  4.495466150925904E-002 
-4.495466150925904E-002  4.495466150925904E-002 -6.968496667959691E-002
      </IFC>
    </s_s1_m1_m2_m3.1.2.1.2.2>
    <s_s1_m1_m2_m3.1.2.2.2.2>
      <IFC type="real" size="9" columns="3">
 2.703847467543138E-003 -2.649171174936377E-003 -2.649171174936384E-003 
-2.649171174936377E-003  2.703847467543138E-003 -2.649171174936391E-003 
-2.649171174936380E-003 -2.649171174936380E-003  2.703847467543138E-003
      </IFC>
    </s_s1_m1_m2_m3.1.2.2.2.2>
    <s_s1_m1_m2_m3.2.1.1.1.1>
      <IFC type="real" size="9" columns="3">
-6.968496667959691E-002 -4.495466150925905E-002 -4.495466150925904E-002 
-4.495466150925904E-002 -6.968496667959691E-002 -4.495466150925904E-002 
-4.495466150925904E-002 -4.495466150925906E-002 -6.968496667959691E-002
      </IFC>
    </s_s1_m1_m2_m3.2.1.1.1.1>
    <s_s1_m1_m2_m3.2.1.2.1.1>
      <IFC type="real" size="9" columns="3">
 2.703847467543138E-003  2.649171174936382E-003 -2.649171174936375E-003 
 2.649171174936385E-003  2.703847467543135E-003  2.649171174936382E-003 
-2.649171174936382E-003  2.649171174936382E-003  2.703847467543142E-003
      </IFC>
    </s_s1_m1_m2_m3.2.1.2.1.1>
    <s_s1_m1_m2_m3.2.1.1.2.1>
      <IFC type="real" size="9" columns="3">
-6.968496667959691E-002  4.495466150925904E-002  4.495466150925904E-002 
 4.495466150925904E-002 -6.968496667959691E-002 -4.495466150925904E-002 
 4.495466150925904E-002 -4.495466150925905E-002 -6.968496667959691E-002
      </IFC>
    </s_s1_m1_m2_m3.2.1.1.2.1>
    <s_s1_m1_m2_m3.2.1.2.2.1>
      <IFC type="real" size="9" columns="3">
-6.968496667959691E-002 -4.495466150925904E-002  4.495466150925906E-002 
-4.495466150925904E-002 -6.968496667959691E-002  4.495466150925904E-002 
 4.495466150925905E-002  4.495466150925904E-002 -6.968496667959691E-002
      </IFC>
    </s_s1_m1_m2_m3.2.1.2.2.1>
    <s_s1_m1_m2_m3.2.1.1.1.2>
      <IFC type="real" size="9" columns="3">
 2.703847467543138E-003 -2.649171174936370E-003  2.649171174936391E-003 
-2.649171174936377E-003  2.703847467543138E-003  2.649171174936380E-003 
 2.649171174936387E-003  2.649171174936377E-003  2.703847467543138E-003
      </IFC>
    </s_s1_m1_m2_m3.2.1.1.1.2>
    <s_s1_m1_m2_m3.2.1.2.1.2>
      <IFC type="real" size="9" columns="3">
 2.703847467543138E-003  2.649171174936385E-003  2.649171174936382E-003 
 2.649171174936385E-003  2.703847467543135E-003 -2.649171174936378E-003 
 2.649171174936382E-003 -2.649171174936378E-003  2.703847467543135E-003
      </IFC>
    </s_s1_m1_m2_m3.2.1.2.1.2>
    <s_s1_m1_m2_m3.2.1.1.2.2>
      <IFC type="real" size="9" columns="3">
-6.968496667959691E-002  4.495466150925906E-002 -4.495466150925904E-002 
 4.495466150925906E-002 -6.968496667959691E-002  4.495466150925904E-002 
-4.495466150925904E-002  4.495466150925904E-002 -6.968496667959691E-002
      </IFC>
    </s_s1_m1_m2_m3.2.1.1.2.2>
    <s_s1_m1_m2_m3.2.1.2.2.2>
      <IFC type="real" size="9" columns="3">
 2.703847467543138E-003 -2.649171174936377E-003 -2.649171174936380E-003 
-2.649171174936377E-003  2.703847467543138E-003 -2.649171174936380E-003 
-2.649171174936384E-003 -2.649171174936391E-003  2.703847467543138E-003
      </IFC>
    </s_s1_m1_m2_m3.2.1.2.2.2>
    <s_s1_m1_m2_m3.2.2.1.1.1>
      <IFC type="real" size="9" columns="3">
 2.735959023094445E-001  8.673617379884035E-018  3.035766082959412E-017 
 8.673617379884035E-018  2.735959023094445E-001 -1.301042606982605E-017 
 3.035766082959412E-017 -1.301042606982605E-017  2.735959023094445E-001
      </IFC>
    </s_s1_m1_m2_m3.2.2.1.1.1>
    <s_s1_m1_m2_m3.2.2.2.1.1>
      <IFC type="real" size="9" columns="3">
-9.424644068732651E-003  1.170938346284345E-017  1.034196478465624E-002 
 1.170938346284345E-017  1.764923854321659E-002  6.071532165918825E-018 
 1.034196478465624E-002  6.071532165918825E-018 -9.424644068732706E-003
      </IFC>
    </s_s1_m1_m2_m3.2.2.2.1.1>
    <s_s1_m1_m2_m3.2.2.1.2.1>
      <IFC type="real" size="9" columns="3">
 1.764923854321654E-002 -1.604619215278547E-017 -1.908195823574488E-017 
-1.604619215278547E-017 -9.424644068732668E-003 -1.034196478465622E-002 
-1.908195823574488E-017 -1.034196478465622E-002 -9.424644068732654E-003
      </IFC>
    </s_s1_m1_m2_m3.2.2.1.2.1>
    <s_s1_m1_m2_m3.2.2.2.2.1>
      <IFC type="real" size="9" columns="3">
-9.424644068732672E-003 -1.034196478465620E-002 -1.561251128379126E-017 
-1.034196478465620E-002 -9.424644068732717E-003  9.540979117872439E-018 
-1.561251128379126E-017  9.540979117872439E-018  1.764923854321658E-002
      </IFC>
    </s_s1_m1_m2_m3.2.2.2.2.1>
    <s_s1_m1_m2_m3.2.2.1.1.2>
      <IFC type="real" size="9" columns="3">
-9.424644068732724E-003  1.034196478465624E-002 -1.561251128379126E-017 
 1.034196478465624E-002 -9.424644068732668E-003  1.821459649775647E-017 
-1.561251128379126E-017  1.821459649775647E-017  1.764923854321657E-002
      </IFC>
    </s_s1_m1_m2_m3.2.2.1.1.2>
    <s_s1_m1_m2_m3.2.2.2.1.2>
      <IFC type="real" size="9" columns="3">
 1.764923854321660E-002 -8.239936510889834E-018 -5.204170427930421E-018 
-8.239936510889834E-018 -9.424644068732717E-003  1.034196478465622E-002 
-5.204170427930421E-018  1.034196478465622E-002 -9.424644068732783E-003
      </IFC>
    </s_s1_m1_m2_m3.2.2.2.1.2>
    <s_s1_m1_m2_m3.2.2.1.2.2>
      <IFC type="real" size="9" columns="3">
-9.424644068732724E-003 -8.239936510889834E-018 -1.034196478465619E-002 
-8.239936510889834E-018  1.764923854321659E-002  7.806255641895632E-018 
-1.034196478465619E-002  7.806255641895632E-018 -9.424644068732710E-003
      </IFC>
    </s_s1_m1_m2_m3.2.2.1.2.2>
    <s_s1_m1_m2_m3.2.2.2.2.2>
      <IFC type="real" size="9" columns="3">
-2.716901706304228E-003  1.734723475976807E-018  7.806255641895632E-018 
 1.734723475976807E-018 -2.716901706304210E-003 -8.673617379884035E-019 
 7.806255641895632E-018 -8.673617379884035E-019 -2.716901706304200E-003
      </IFC>
    </s_s1_m1_m2_m3.2.2.2.2.2>
  </INTERATOMIC_FORCE_CONSTANTS>
</Root>

