<?xml version="1.0"?>
<?iotk version="1.2.0"?>
<?iotk file_version="1.0"?>
<?iotk binary="F"?>
<?iotk qe_syntax="F"?>
<Root>
  <GEOMETRY_INFO>
    <NUMBER_OF_TYPES type="integer" size="1">
         1
    </NUMBER_OF_TYPES>
    <NUMBER_OF_ATOMS type="integer" size="1">
         2
    </NUMBER_OF_ATOMS>
    <BRAVAIS_LATTICE_INDEX type="integer" size="1">
         2
    </BRAVAIS_LATTICE_INDEX>
    <SPIN_COMPONENTS type="integer" size="1">
         1
    </SPIN_COMPONENTS>
    <CELL_DIMENSIONS type="real" size="6">
 1.030000000000000E+001
 0.000000000000000E+000
 0.000000000000000E+000
 0.000000000000000E+000
 0.000000000000000E+000
 0.000000000000000E+000
    </CELL_DIMENSIONS>
    <AT type="real" size="9" columns="3">
-4.999999999999998E-001  0.000000000000000E+000  4.999999999999998E-001 
 0.000000000000000E+000  4.999999999999998E-001  4.999999999999998E-001 
-4.999999999999998E-001  4.999999999999998E-001  0.000000000000000E+000
    </AT>
    <BG type="real" size="9" columns="3">
-1.000000000000000E+000 -1.000000000000000E+000  1.000000000000000E+000 
 1.000000000000000E+000  1.000000000000000E+000  1.000000000000000E+000 
-1.000000000000000E+000  1.000000000000000E+000 -1.000000000000000E+000
    </BG>
    <UNIT_CELL_VOLUME_AU type="real" size="1">
 2.731817499999998E+002
    </UNIT_CELL_VOLUME_AU>
    <TYPE_NAME.1 type="character" size="1" len="3">
Si 
    </TYPE_NAME.1>
    <MASS.1 type="real" size="1">
 2.808600000000000E+001
    </MASS.1>
    <ATOM.1 SPECIES="Si " INDEX="1" TAU="0.000000000000000E+000 0.000000000000000E+000 0.000000000000000E+000"/>
    <ATOM.2 SPECIES="Si " INDEX="1" TAU="2.500000000000000E-001 2.500000000000000E-001 2.500000000000000E-001"/>
    <NUMBER_OF_Q type="integer" size="1">
         3
    </NUMBER_OF_Q>
  </GEOMETRY_INFO>
  <DIELECTRIC_PROPERTIES>
    <EPSILON type="real" size="9" columns="3">
 1.402701749550848E+001 -2.664535259100376E-015  4.440892098500626E-015 
-5.329070518200751E-015  1.402701749550848E+001  1.776356839400250E-015 
 4.440892098500626E-015  2.664535259100376E-015  1.402701749550848E+001
    </EPSILON>
    <ZSTAR>
      <Z_AT_.1 type="real" size="9" columns="3">
 8.881784197001252E-016  4.440892098500626E-016  4.440892098500624E-016 
 2.220446049250313E-016  8.881784197001252E-016  2.220446049250311E-016 
 8.881784197001250E-016  2.220446049250313E-016  0.000000000000000E+000
      </Z_AT_.1>
      <Z_AT_.2 type="real" size="9" columns="3">
-8.881784197001252E-016 -4.440892098500624E-016 -4.440892098500626E-016 
-2.220446049250313E-016 -8.881784197001252E-016 -2.220446049250309E-016 
-8.881784197001250E-016 -2.220446049250313E-016  0.000000000000000E+000
      </Z_AT_.2>
    </ZSTAR>
  </DIELECTRIC_PROPERTIES>
  <INTERATOMIC_FORCE_CONSTANTS>
    <MESH_NQ1_NQ2_NQ3 type="integer" size="3" columns="3">
         2          2          2
    </MESH_NQ1_NQ2_NQ3>
    <s_s1_m1_m2_m3.1.1.1.1.1>
      <IFC type="real" size="9" columns="3">
 2.653767355878361E-001 -4.336808689942018E-018 -1.040834085586084E-017 
-4.336808689942018E-018  2.653767355878361E-001  1.387778780781446E-017 
-1.040834085586084E-017  1.387778780781446E-017  2.653767355878361E-001
      </IFC>
    </s_s1_m1_m2_m3.1.1.1.1.1>
    <s_s1_m1_m2_m3.1.1.2.1.1>
      <IFC type="real" size="9" columns="3">
-9.142732174425315E-003  1.301042606982605E-018  1.007812279879978E-002 
 1.301042606982605E-018  1.749927730677613E-002 -3.469446951953614E-018 
 1.007812279879978E-002 -3.469446951953614E-018 -9.142732174425301E-003
      </IFC>
    </s_s1_m1_m2_m3.1.1.2.1.1>
    <s_s1_m1_m2_m3.1.1.1.2.1>
      <IFC type="real" size="9" columns="3">
 1.749927730677614E-002 -1.301042606982605E-018  1.561251128379126E-017 
-1.301042606982605E-018 -9.142732174425308E-003 -1.007812279879977E-002 
 1.561251128379126E-017 -1.007812279879977E-002 -9.142732174425294E-003
      </IFC>
    </s_s1_m1_m2_m3.1.1.1.2.1>
    <s_s1_m1_m2_m3.1.1.2.2.1>
      <IFC type="real" size="9" columns="3">
-9.142732174425315E-003 -1.007812279879977E-002  5.204170427930421E-018 
-1.007812279879977E-002 -9.142732174425322E-003  6.071532165918825E-018 
 5.204170427930421E-018  6.071532165918825E-018  1.749927730677615E-002
      </IFC>
    </s_s1_m1_m2_m3.1.1.2.2.1>
    <s_s1_m1_m2_m3.1.1.1.1.2>
      <IFC type="real" size="9" columns="3">
-9.142732174425350E-003  1.007812279879976E-002  1.561251128379126E-017 
 1.007812279879976E-002 -9.142732174425350E-003 -1.474514954580286E-017 
 1.561251128379126E-017 -1.474514954580286E-017  1.749927730677617E-002
      </IFC>
    </s_s1_m1_m2_m3.1.1.1.1.2>
    <s_s1_m1_m2_m3.1.1.2.1.2>
      <IFC type="real" size="9" columns="3">
 1.749927730677614E-002  6.505213034913027E-018 -1.734723475976807E-018 
 6.505213034913027E-018 -9.142732174425336E-003  1.007812279879977E-002 
-1.734723475976807E-018  1.007812279879977E-002 -9.142732174425301E-003
      </IFC>
    </s_s1_m1_m2_m3.1.1.2.1.2>
    <s_s1_m1_m2_m3.1.1.1.2.2>
      <IFC type="real" size="9" columns="3">
-9.142732174425322E-003  3.903127820947816E-018 -1.007812279879976E-002 
 3.903127820947816E-018  1.749927730677613E-002  5.204170427930421E-018 
-1.007812279879976E-002  5.204170427930421E-018 -9.142732174425294E-003
      </IFC>
    </s_s1_m1_m2_m3.1.1.1.2.2>
    <s_s1_m1_m2_m3.1.1.2.2.2>
      <IFC type="real" size="9" columns="3">
-2.688104351194417E-003 -7.806255641895632E-018  3.469446951953614E-018 
-7.806255641895632E-018 -2.688104351194438E-003  5.204170427930421E-018 
 3.469446951953614E-018  5.204170427930421E-018 -2.688104351194404E-003
      </IFC>
    </s_s1_m1_m2_m3.1.1.2.2.2>
    <s_s1_m1_m2_m3.1.2.1.1.1>
      <IFC type="real" size="9" columns="3">
-6.781320191540997E-002 -4.243641004634055E-002 -4.243641004634055E-002 
-4.243641004634055E-002 -6.781320191540996E-002 -4.243641004634054E-002 
-4.243641004634055E-002 -4.243641004634055E-002 -6.781320191540996E-002
      </IFC>
    </s_s1_m1_m2_m3.1.2.1.1.1>
    <s_s1_m1_m2_m3.1.2.2.1.1>
      <IFC type="real" size="9" columns="3">
 2.674412520113436E-003  2.634935840191453E-003 -2.634935840191446E-003 
 2.634935840191454E-003  2.674412520113433E-003  2.634935840191454E-003 
-2.634935840191451E-003  2.634935840191458E-003  2.674412520113460E-003
      </IFC>
    </s_s1_m1_m2_m3.1.2.2.1.1>
    <s_s1_m1_m2_m3.1.2.1.2.1>
      <IFC type="real" size="9" columns="3">
-6.781320191540999E-002  4.243641004634054E-002  4.243641004634054E-002 
 4.243641004634054E-002 -6.781320191540999E-002 -4.243641004634055E-002 
 4.243641004634054E-002 -4.243641004634054E-002 -6.781320191540999E-002
      </IFC>
    </s_s1_m1_m2_m3.1.2.1.2.1>
    <s_s1_m1_m2_m3.1.2.2.2.1>
      <IFC type="real" size="9" columns="3">
-6.781320191540997E-002 -4.243641004634054E-002  4.243641004634054E-002 
-4.243641004634053E-002 -6.781320191540999E-002  4.243641004634055E-002 
 4.243641004634054E-002  4.243641004634055E-002 -6.781320191540996E-002
      </IFC>
    </s_s1_m1_m2_m3.1.2.2.2.1>
    <s_s1_m1_m2_m3.1.2.1.1.2>
      <IFC type="real" size="9" columns="3">
 2.674412520113426E-003 -2.634935840191473E-003  2.634935840191463E-003 
-2.634935840191477E-003  2.674412520113433E-003  2.634935840191456E-003 
 2.634935840191466E-003  2.634935840191463E-003  2.674412520113446E-003
      </IFC>
    </s_s1_m1_m2_m3.1.2.1.1.2>
    <s_s1_m1_m2_m3.1.2.2.1.2>
      <IFC type="real" size="9" columns="3">
 2.674412520113443E-003  2.634935840191456E-003  2.634935840191473E-003 
 2.634935840191454E-003  2.674412520113433E-003 -2.634935840191451E-003 
 2.634935840191472E-003 -2.634935840191447E-003  2.674412520113460E-003
      </IFC>
    </s_s1_m1_m2_m3.1.2.2.1.2>
    <s_s1_m1_m2_m3.1.2.1.2.2>
      <IFC type="real" size="9" columns="3">
-6.781320191540999E-002  4.243641004634053E-002 -4.243641004634055E-002 
 4.243641004634053E-002 -6.781320191540999E-002  4.243641004634055E-002 
-4.243641004634054E-002  4.243641004634054E-002 -6.781320191540999E-002
      </IFC>
    </s_s1_m1_m2_m3.1.2.1.2.2>
    <s_s1_m1_m2_m3.1.2.2.2.2>
      <IFC type="real" size="9" columns="3">
 2.674412520113426E-003 -2.634935840191463E-003 -2.634935840191449E-003 
-2.634935840191456E-003  2.674412520113419E-003 -2.634935840191435E-003 
-2.634935840191449E-003 -2.634935840191435E-003  2.674412520113433E-003
      </IFC>
    </s_s1_m1_m2_m3.1.2.2.2.2>
    <s_s1_m1_m2_m3.2.1.1.1.1>
      <IFC type="real" size="9" columns="3">
-6.781320191540997E-002 -4.243641004634055E-002 -4.243641004634055E-002 
-4.243641004634055E-002 -6.781320191540996E-002 -4.243641004634055E-002 
-4.243641004634055E-002 -4.243641004634054E-002 -6.781320191540996E-002
      </IFC>
    </s_s1_m1_m2_m3.2.1.1.1.1>
    <s_s1_m1_m2_m3.2.1.2.1.1>
      <IFC type="real" size="9" columns="3">
 2.674412520113436E-003  2.634935840191454E-003 -2.634935840191451E-003 
 2.634935840191453E-003  2.674412520113433E-003  2.634935840191458E-003 
-2.634935840191446E-003  2.634935840191454E-003  2.674412520113460E-003
      </IFC>
    </s_s1_m1_m2_m3.2.1.2.1.1>
    <s_s1_m1_m2_m3.2.1.1.2.1>
      <IFC type="real" size="9" columns="3">
-6.781320191540999E-002  4.243641004634054E-002  4.243641004634054E-002 
 4.243641004634054E-002 -6.781320191540999E-002 -4.243641004634054E-002 
 4.243641004634054E-002 -4.243641004634055E-002 -6.781320191540999E-002
      </IFC>
    </s_s1_m1_m2_m3.2.1.1.2.1>
    <s_s1_m1_m2_m3.2.1.2.2.1>
      <IFC type="real" size="9" columns="3">
-6.781320191540997E-002 -4.243641004634053E-002  4.243641004634054E-002 
-4.243641004634054E-002 -6.781320191540999E-002  4.243641004634055E-002 
 4.243641004634054E-002  4.243641004634055E-002 -6.781320191540996E-002
      </IFC>
    </s_s1_m1_m2_m3.2.1.2.2.1>
    <s_s1_m1_m2_m3.2.1.1.1.2>
      <IFC type="real" size="9" columns="3">
 2.674412520113426E-003 -2.634935840191477E-003  2.634935840191466E-003 
-2.634935840191473E-003  2.674412520113433E-003  2.634935840191463E-003 
 2.634935840191463E-003  2.634935840191456E-003  2.674412520113446E-003
      </IFC>
    </s_s1_m1_m2_m3.2.1.1.1.2>
    <s_s1_m1_m2_m3.2.1.2.1.2>
      <IFC type="real" size="9" columns="3">
 2.674412520113443E-003  2.634935840191454E-003  2.634935840191472E-003 
 2.634935840191456E-003  2.674412520113433E-003 -2.634935840191447E-003 
 2.634935840191473E-003 -2.634935840191451E-003  2.674412520113460E-003
      </IFC>
    </s_s1_m1_m2_m3.2.1.2.1.2>
    <s_s1_m1_m2_m3.2.1.1.2.2>
      <IFC type="real" size="9" columns="3">
-6.781320191540999E-002  4.243641004634053E-002 -4.243641004634054E-002 
 4.243641004634053E-002 -6.781320191540999E-002  4.243641004634054E-002 
-4.243641004634055E-002  4.243641004634055E-002 -6.781320191540999E-002
      </IFC>
    </s_s1_m1_m2_m3.2.1.1.2.2>
    <s_s1_m1_m2_m3.2.1.2.2.2>
      <IFC type="real" size="9" columns="3">
 2.674412520113426E-003 -2.634935840191456E-003 -2.634935840191449E-003 
-2.634935840191463E-003  2.674412520113419E-003 -2.634935840191435E-003 
-2.634935840191449E-003 -2.634935840191435E-003  2.674412520113433E-003
      </IFC>
    </s_s1_m1_m2_m3.2.1.2.2.2>
    <s_s1_m1_m2_m3.2.2.1.1.1>
      <IFC type="real" size="9" columns="3">
 2.653767355878360E-001 -2.081668171172169E-017 -1.647987302177967E-017 
-2.081668171172169E-017  2.653767355878361E-001  1.561251128379126E-017 
-1.647987302177967E-017  1.561251128379126E-017  2.653767355878361E-001
      </IFC>
    </s_s1_m1_m2_m3.2.2.1.1.1>
    <s_s1_m1_m2_m3.2.2.2.1.1>
      <IFC type="real" size="9" columns="3">
-9.142732174425315E-003  6.938893903907228E-018  1.007812279879976E-002 
 6.938893903907228E-018  1.749927730677612E-002 -1.214306433183765E-017 
 1.007812279879976E-002 -1.214306433183765E-017 -9.142732174425329E-003
      </IFC>
    </s_s1_m1_m2_m3.2.2.2.1.1>
    <s_s1_m1_m2_m3.2.2.1.2.1>
      <IFC type="real" size="9" columns="3">
 1.749927730677613E-002  6.938893903907228E-018  1.127570259384925E-017 
 6.938893903907228E-018 -9.142732174425322E-003 -1.007812279879977E-002 
 1.127570259384925E-017 -1.007812279879977E-002 -9.142732174425322E-003
      </IFC>
    </s_s1_m1_m2_m3.2.2.1.2.1>
    <s_s1_m1_m2_m3.2.2.2.2.1>
      <IFC type="real" size="9" columns="3">
-9.142732174425315E-003 -1.007812279879976E-002 -6.071532165918825E-018 
-1.007812279879976E-002 -9.142732174425322E-003  6.938893903907228E-018 
-6.071532165918825E-018  6.938893903907228E-018  1.749927730677613E-002
      </IFC>
    </s_s1_m1_m2_m3.2.2.2.2.1>
    <s_s1_m1_m2_m3.2.2.1.1.2>
      <IFC type="real" size="9" columns="3">
-9.142732174425322E-003  1.007812279879977E-002  1.301042606982605E-017 
 1.007812279879977E-002 -9.142732174425294E-003 -1.561251128379126E-017 
 1.301042606982605E-017 -1.561251128379126E-017  1.749927730677614E-002
      </IFC>
    </s_s1_m1_m2_m3.2.2.1.1.2>
    <s_s1_m1_m2_m3.2.2.2.1.2>
      <IFC type="real" size="9" columns="3">
 1.749927730677611E-002 -5.204170427930421E-018  2.602085213965211E-018 
-5.204170427930421E-018 -9.142732174425308E-003  1.007812279879977E-002 
 2.602085213965211E-018  1.007812279879977E-002 -9.142732174425329E-003
      </IFC>
    </s_s1_m1_m2_m3.2.2.2.1.2>
    <s_s1_m1_m2_m3.2.2.1.2.2>
      <IFC type="real" size="9" columns="3">
-9.142732174425308E-003 -5.204170427930421E-018 -1.007812279879978E-002 
-5.204170427930421E-018  1.749927730677611E-002 -1.387778780781446E-017 
-1.007812279879978E-002 -1.387778780781446E-017 -9.142732174425322E-003
      </IFC>
    </s_s1_m1_m2_m3.2.2.1.2.2>
    <s_s1_m1_m2_m3.2.2.2.2.2>
      <IFC type="real" size="9" columns="3">
-2.688104351194445E-003 -2.255140518769849E-017 -4.336808689942018E-018 
-2.255140518769849E-017 -2.688104351194452E-003  3.469446951953614E-018 
-4.336808689942018E-018  3.469446951953614E-018 -2.688104351194431E-003
      </IFC>
    </s_s1_m1_m2_m3.2.2.2.2.2>
  </INTERATOMIC_FORCE_CONSTANTS>
</Root>

