<?xml version="1.0"?>
<?iotk version="1.2.0"?>
<?iotk file_version="1.0"?>
<?iotk binary="F"?>
<?iotk qe_syntax="F"?>
<Root>
  <GEOMETRY_INFO>
    <NUMBER_OF_TYPES type="integer" size="1">
         1
    </NUMBER_OF_TYPES>
    <NUMBER_OF_ATOMS type="integer" size="1">
         2
    </NUMBER_OF_ATOMS>
    <BRAVAIS_LATTICE_INDEX type="integer" size="1">
         2
    </BRAVAIS_LATTICE_INDEX>
    <SPIN_COMPONENTS type="integer" size="1">
         1
    </SPIN_COMPONENTS>
    <CELL_DIMENSIONS type="real" size="6">
 1.040000000000000E+001
 0.000000000000000E+000
 0.000000000000000E+000
 0.000000000000000E+000
 0.000000000000000E+000
 0.000000000000000E+000
    </CELL_DIMENSIONS>
    <AT type="real" size="9" columns="3">
-4.999999999999999E-001  0.000000000000000E+000  4.999999999999999E-001 
 0.000000000000000E+000  4.999999999999999E-001  4.999999999999999E-001 
-4.999999999999999E-001  4.999999999999999E-001  0.000000000000000E+000
    </AT>
    <BG type="real" size="9" columns="3">
-1.000000000000000E+000 -1.000000000000000E+000  1.000000000000000E+000 
 1.000000000000000E+000  1.000000000000000E+000  1.000000000000000E+000 
-1.000000000000000E+000  1.000000000000000E+000 -1.000000000000000E+000
    </BG>
    <UNIT_CELL_VOLUME_AU type="real" size="1">
 2.812159999999999E+002
    </UNIT_CELL_VOLUME_AU>
    <TYPE_NAME.1 type="character" size="1" len="3">
Si 
    </TYPE_NAME.1>
    <MASS.1 type="real" size="1">
 2.808600000000000E+001
    </MASS.1>
    <ATOM.1 SPECIES="Si " INDEX="1" TAU="0.000000000000000E+000 0.000000000000000E+000 0.000000000000000E+000"/>
    <ATOM.2 SPECIES="Si " INDEX="1" TAU="2.500000000000000E-001 2.500000000000000E-001 2.500000000000000E-001"/>
    <NUMBER_OF_Q type="integer" size="1">
         3
    </NUMBER_OF_Q>
  </GEOMETRY_INFO>
  <DIELECTRIC_PROPERTIES>
    <EPSILON type="real" size="9" columns="3">
 1.428607280175323E+001  8.881784197001252E-016 -5.329070518200751E-015 
 8.881784197001252E-016  1.428607280175324E+001  9.769962616701378E-015 
-7.105427357601002E-015  8.881784197001252E-015  1.428607280175323E+001
    </EPSILON>
    <ZSTAR>
      <Z_AT_.1 type="real" size="9" columns="3">
 8.881784197001252E-016  4.440892098500626E-016  8.881784197001250E-016 
 8.881784197001256E-016  0.000000000000000E+000  4.440892098500624E-016 
 1.554312234475219E-015  4.440892098500626E-016  1.776356839400250E-015
      </Z_AT_.1>
      <Z_AT_.2 type="real" size="9" columns="3">
-8.881784197001252E-016 -4.440892098500626E-016 -8.881784197001250E-016 
-8.881784197001252E-016  0.000000000000000E+000 -4.440892098500624E-016 
-1.554312234475219E-015 -4.440892098500626E-016 -1.776356839400250E-015
      </Z_AT_.2>
    </ZSTAR>
  </DIELECTRIC_PROPERTIES>
  <INTERATOMIC_FORCE_CONSTANTS>
    <MESH_NQ1_NQ2_NQ3 type="integer" size="3" columns="3">
         2          2          2
    </MESH_NQ1_NQ2_NQ3>
    <s_s1_m1_m2_m3.1.1.1.1.1>
      <IFC type="real" size="9" columns="3">
 2.496109252237126E-001 -1.734723475976807E-018  0.000000000000000E+000 
-1.734723475976807E-018  2.496109252237126E-001  6.505213034913027E-018 
 0.000000000000000E+000  6.505213034913027E-018  2.496109252237126E-001
      </IFC>
    </s_s1_m1_m2_m3.1.1.1.1.1>
    <s_s1_m1_m2_m3.1.1.2.1.1>
      <IFC type="real" size="9" columns="3">
-8.572774864744271E-003  4.336808689942018E-019  9.558803991191942E-003 
 4.336808689942018E-019  1.720345351197127E-002 -3.469446951953614E-018 
 9.558803991191942E-003 -3.469446951953614E-018 -8.572774864744271E-003
      </IFC>
    </s_s1_m1_m2_m3.1.1.2.1.1>
    <s_s1_m1_m2_m3.1.1.1.2.1>
      <IFC type="real" size="9" columns="3">
 1.720345351197126E-002  4.336808689942018E-019  8.673617379884035E-019 
 4.336808689942018E-019 -8.572774864744268E-003 -9.558803991191942E-003 
 8.673617379884035E-019 -9.558803991191942E-003 -8.572774864744281E-003
      </IFC>
    </s_s1_m1_m2_m3.1.1.1.2.1>
    <s_s1_m1_m2_m3.1.1.2.2.1>
      <IFC type="real" size="9" columns="3">
-8.572774864744271E-003 -9.558803991191947E-003  3.469446951953614E-018 
-9.558803991191947E-003 -8.572774864744271E-003  6.505213034913027E-018 
 3.469446951953614E-018  6.505213034913027E-018  1.720345351197127E-002
      </IFC>
    </s_s1_m1_m2_m3.1.1.2.2.1>
    <s_s1_m1_m2_m3.1.1.1.1.2>
      <IFC type="real" size="9" columns="3">
-8.572774864744254E-003  9.558803991191944E-003  0.000000000000000E+000 
 9.558803991191944E-003 -8.572774864744254E-003 -6.505213034913027E-018 
 0.000000000000000E+000 -6.505213034913027E-018  1.720345351197132E-002
      </IFC>
    </s_s1_m1_m2_m3.1.1.1.1.2>
    <s_s1_m1_m2_m3.1.1.2.1.2>
      <IFC type="real" size="9" columns="3">
 1.720345351197127E-002  3.035766082959412E-018 -4.336808689942018E-018 
 3.035766082959412E-018 -8.572774864744271E-003  9.558803991191949E-003 
-4.336808689942018E-018  9.558803991191949E-003 -8.572774864744299E-003
      </IFC>
    </s_s1_m1_m2_m3.1.1.2.1.2>
    <s_s1_m1_m2_m3.1.1.1.2.2>
      <IFC type="real" size="9" columns="3">
-8.572774864744268E-003  3.035766082959412E-018 -9.558803991191946E-003 
 3.035766082959412E-018  1.720345351197126E-002  1.040834085586084E-017 
-9.558803991191946E-003  1.040834085586084E-017 -8.572774864744309E-003
      </IFC>
    </s_s1_m1_m2_m3.1.1.1.2.2>
    <s_s1_m1_m2_m3.1.1.2.2.2>
      <IFC type="real" size="9" columns="3">
-2.644164774346539E-003 -1.734723475976807E-018  3.469446951953614E-018 
-1.734723475976807E-018 -2.644164774346539E-003 -6.505213034913027E-018 
 3.469446951953614E-018 -6.505213034913027E-018 -2.644164774346511E-003
      </IFC>
    </s_s1_m1_m2_m3.1.1.2.2.2>
    <s_s1_m1_m2_m3.1.2.1.1.1>
      <IFC type="real" size="9" columns="3">
-6.424188503942718E-002 -3.771722974948580E-002 -3.771722974948581E-002 
-3.771722974948580E-002 -6.424188503942718E-002 -3.771722974948580E-002 
-3.771722974948580E-002 -3.771722974948580E-002 -6.424188503942718E-002
      </IFC>
    </s_s1_m1_m2_m3.1.2.1.1.1>
    <s_s1_m1_m2_m3.1.2.2.1.1>
      <IFC type="real" size="9" columns="3">
 2.613198377718055E-003  2.609667418639803E-003 -2.609667418639817E-003 
 2.609667418639806E-003  2.613198377718055E-003  2.609667418639813E-003 
-2.609667418639815E-003  2.609667418639806E-003  2.613198377718052E-003
      </IFC>
    </s_s1_m1_m2_m3.1.2.2.1.1>
    <s_s1_m1_m2_m3.1.2.1.2.1>
      <IFC type="real" size="9" columns="3">
-6.424188503942718E-002  3.771722974948580E-002  3.771722974948581E-002 
 3.771722974948581E-002 -6.424188503942718E-002 -3.771722974948580E-002 
 3.771722974948580E-002 -3.771722974948580E-002 -6.424188503942718E-002
      </IFC>
    </s_s1_m1_m2_m3.1.2.1.2.1>
    <s_s1_m1_m2_m3.1.2.2.2.1>
      <IFC type="real" size="9" columns="3">
-6.424188503942718E-002 -3.771722974948579E-002  3.771722974948581E-002 
-3.771722974948580E-002 -6.424188503942718E-002  3.771722974948580E-002 
 3.771722974948580E-002  3.771722974948581E-002 -6.424188503942718E-002
      </IFC>
    </s_s1_m1_m2_m3.1.2.2.2.1>
    <s_s1_m1_m2_m3.1.2.1.1.2>
      <IFC type="real" size="9" columns="3">
 2.613198377718062E-003 -2.609667418639793E-003  2.609667418639813E-003 
-2.609667418639803E-003  2.613198377718066E-003  2.609667418639806E-003 
 2.609667418639806E-003  2.609667418639813E-003  2.613198377718055E-003
      </IFC>
    </s_s1_m1_m2_m3.1.2.1.1.2>
    <s_s1_m1_m2_m3.1.2.2.1.2>
      <IFC type="real" size="9" columns="3">
 2.613198377718062E-003  2.609667418639806E-003  2.609667418639813E-003 
 2.609667418639813E-003  2.613198377718055E-003 -2.609667418639799E-003 
 2.609667418639798E-003 -2.609667418639806E-003  2.613198377718059E-003
      </IFC>
    </s_s1_m1_m2_m3.1.2.2.1.2>
    <s_s1_m1_m2_m3.1.2.1.2.2>
      <IFC type="real" size="9" columns="3">
-6.424188503942718E-002  3.771722974948579E-002 -3.771722974948581E-002 
 3.771722974948581E-002 -6.424188503942718E-002  3.771722974948581E-002 
-3.771722974948580E-002  3.771722974948581E-002 -6.424188503942718E-002
      </IFC>
    </s_s1_m1_m2_m3.1.2.1.2.2>
    <s_s1_m1_m2_m3.1.2.2.2.2>
      <IFC type="real" size="9" columns="3">
 2.613198377718059E-003 -2.609667418639793E-003 -2.609667418639813E-003 
-2.609667418639806E-003  2.613198377718062E-003 -2.609667418639806E-003 
-2.609667418639813E-003 -2.609667418639803E-003  2.613198377718055E-003
      </IFC>
    </s_s1_m1_m2_m3.1.2.2.2.2>
    <s_s1_m1_m2_m3.2.1.1.1.1>
      <IFC type="real" size="9" columns="3">
-6.424188503942718E-002 -3.771722974948580E-002 -3.771722974948580E-002 
-3.771722974948580E-002 -6.424188503942718E-002 -3.771722974948580E-002 
-3.771722974948581E-002 -3.771722974948580E-002 -6.424188503942718E-002
      </IFC>
    </s_s1_m1_m2_m3.2.1.1.1.1>
    <s_s1_m1_m2_m3.2.1.2.1.1>
      <IFC type="real" size="9" columns="3">
 2.613198377718055E-003  2.609667418639806E-003 -2.609667418639815E-003 
 2.609667418639803E-003  2.613198377718055E-003  2.609667418639806E-003 
-2.609667418639817E-003  2.609667418639813E-003  2.613198377718052E-003
      </IFC>
    </s_s1_m1_m2_m3.2.1.2.1.1>
    <s_s1_m1_m2_m3.2.1.1.2.1>
      <IFC type="real" size="9" columns="3">
-6.424188503942718E-002  3.771722974948581E-002  3.771722974948580E-002 
 3.771722974948580E-002 -6.424188503942718E-002 -3.771722974948580E-002 
 3.771722974948581E-002 -3.771722974948580E-002 -6.424188503942718E-002
      </IFC>
    </s_s1_m1_m2_m3.2.1.1.2.1>
    <s_s1_m1_m2_m3.2.1.2.2.1>
      <IFC type="real" size="9" columns="3">
-6.424188503942718E-002 -3.771722974948580E-002  3.771722974948580E-002 
-3.771722974948579E-002 -6.424188503942718E-002  3.771722974948581E-002 
 3.771722974948581E-002  3.771722974948580E-002 -6.424188503942718E-002
      </IFC>
    </s_s1_m1_m2_m3.2.1.2.2.1>
    <s_s1_m1_m2_m3.2.1.1.1.2>
      <IFC type="real" size="9" columns="3">
 2.613198377718062E-003 -2.609667418639803E-003  2.609667418639806E-003 
-2.609667418639793E-003  2.613198377718066E-003  2.609667418639813E-003 
 2.609667418639813E-003  2.609667418639806E-003  2.613198377718055E-003
      </IFC>
    </s_s1_m1_m2_m3.2.1.1.1.2>
    <s_s1_m1_m2_m3.2.1.2.1.2>
      <IFC type="real" size="9" columns="3">
 2.613198377718062E-003  2.609667418639813E-003  2.609667418639798E-003 
 2.609667418639806E-003  2.613198377718055E-003 -2.609667418639806E-003 
 2.609667418639813E-003 -2.609667418639799E-003  2.613198377718059E-003
      </IFC>
    </s_s1_m1_m2_m3.2.1.2.1.2>
    <s_s1_m1_m2_m3.2.1.1.2.2>
      <IFC type="real" size="9" columns="3">
-6.424188503942718E-002  3.771722974948581E-002 -3.771722974948580E-002 
 3.771722974948579E-002 -6.424188503942718E-002  3.771722974948581E-002 
-3.771722974948581E-002  3.771722974948581E-002 -6.424188503942718E-002
      </IFC>
    </s_s1_m1_m2_m3.2.1.1.2.2>
    <s_s1_m1_m2_m3.2.1.2.2.2>
      <IFC type="real" size="9" columns="3">
 2.613198377718059E-003 -2.609667418639806E-003 -2.609667418639813E-003 
-2.609667418639793E-003  2.613198377718062E-003 -2.609667418639803E-003 
-2.609667418639813E-003 -2.609667418639806E-003  2.613198377718055E-003
      </IFC>
    </s_s1_m1_m2_m3.2.1.2.2.2>
    <s_s1_m1_m2_m3.2.2.1.1.1>
      <IFC type="real" size="9" columns="3">
 2.496109252237126E-001  0.000000000000000E+000 -1.084202172485504E-017 
 0.000000000000000E+000  2.496109252237125E-001  3.903127820947816E-018 
-1.084202172485504E-017  3.903127820947816E-018  2.496109252237125E-001
      </IFC>
    </s_s1_m1_m2_m3.2.2.1.1.1>
    <s_s1_m1_m2_m3.2.2.2.1.1>
      <IFC type="real" size="9" columns="3">
-8.572774864744271E-003 -4.336808689942018E-018  9.558803991191953E-003 
-4.336808689942018E-018  1.720345351197126E-002  8.673617379884035E-019 
 9.558803991191953E-003  8.673617379884035E-019 -8.572774864744271E-003
      </IFC>
    </s_s1_m1_m2_m3.2.2.2.1.1>
    <s_s1_m1_m2_m3.2.2.1.2.1>
      <IFC type="real" size="9" columns="3">
 1.720345351197126E-002 -7.806255641895632E-018  7.806255641895632E-018 
-7.806255641895632E-018 -8.572774864744281E-003 -9.558803991191946E-003 
 7.806255641895632E-018 -9.558803991191946E-003 -8.572774864744268E-003
      </IFC>
    </s_s1_m1_m2_m3.2.2.1.2.1>
    <s_s1_m1_m2_m3.2.2.2.2.1>
      <IFC type="real" size="9" columns="3">
-8.572774864744271E-003 -9.558803991191942E-003 -2.168404344971009E-018 
-9.558803991191942E-003 -8.572774864744285E-003  1.084202172485504E-017 
-2.168404344971009E-018  1.084202172485504E-017  1.720345351197125E-002
      </IFC>
    </s_s1_m1_m2_m3.2.2.2.2.1>
    <s_s1_m1_m2_m3.2.2.1.1.2>
      <IFC type="real" size="9" columns="3">
-8.572774864744254E-003  9.558803991191942E-003 -1.301042606982605E-018 
 9.558803991191942E-003 -8.572774864744268E-003 -5.637851296924623E-018 
-1.301042606982605E-018 -5.637851296924623E-018  1.720345351197126E-002
      </IFC>
    </s_s1_m1_m2_m3.2.2.1.1.2>
    <s_s1_m1_m2_m3.2.2.2.1.2>
      <IFC type="real" size="9" columns="3">
 1.720345351197127E-002  7.806255641895632E-018 -1.127570259384925E-017 
 7.806255641895632E-018 -8.572774864744285E-003  9.558803991191949E-003 
-1.127570259384925E-017  9.558803991191949E-003 -8.572774864744299E-003
      </IFC>
    </s_s1_m1_m2_m3.2.2.2.1.2>
    <s_s1_m1_m2_m3.2.2.1.2.2>
      <IFC type="real" size="9" columns="3">
-8.572774864744268E-003  4.336808689942018E-018 -9.558803991191956E-003 
 4.336808689942018E-018  1.720345351197125E-002  4.336808689942018E-018 
-9.558803991191956E-003  4.336808689942018E-018 -8.572774864744295E-003
      </IFC>
    </s_s1_m1_m2_m3.2.2.1.2.2>
    <s_s1_m1_m2_m3.2.2.2.2.2>
      <IFC type="real" size="9" columns="3">
-2.644164774346539E-003  0.000000000000000E+000  7.372574772901430E-018 
 0.000000000000000E+000 -2.644164774346553E-003  1.301042606982605E-018 
 7.372574772901430E-018  1.301042606982605E-018 -2.644164774346539E-003
      </IFC>
    </s_s1_m1_m2_m3.2.2.2.2.2>
  </INTERATOMIC_FORCE_CONSTANTS>
</Root>

