<?xml version="1.0"?>
<?iotk version="1.2.0"?>
<?iotk file_version="1.0"?>
<?iotk binary="F"?>
<?iotk qe_syntax="F"?>
<Root>
  <GEOMETRY_INFO>
    <NUMBER_OF_TYPES type="integer" size="1">
         1
    </NUMBER_OF_TYPES>
    <NUMBER_OF_ATOMS type="integer" size="1">
         2
    </NUMBER_OF_ATOMS>
    <BRAVAIS_LATTICE_INDEX type="integer" size="1">
         2
    </BRAVAIS_LATTICE_INDEX>
    <SPIN_COMPONENTS type="integer" size="1">
         1
    </SPIN_COMPONENTS>
    <CELL_DIMENSIONS type="real" size="6">
 1.010000000000000E+001
 0.000000000000000E+000
 0.000000000000000E+000
 0.000000000000000E+000
 0.000000000000000E+000
 0.000000000000000E+000
    </CELL_DIMENSIONS>
    <AT type="real" size="9" columns="3">
-5.000000000000000E-001  0.000000000000000E+000  5.000000000000000E-001 
 0.000000000000000E+000  5.000000000000000E-001  5.000000000000000E-001 
-5.000000000000000E-001  5.000000000000000E-001  0.000000000000000E+000
    </AT>
    <BG type="real" size="9" columns="3">
-1.000000000000000E+000 -1.000000000000000E+000  1.000000000000000E+000 
 1.000000000000000E+000  1.000000000000000E+000  1.000000000000000E+000 
-1.000000000000000E+000  1.000000000000000E+000 -1.000000000000000E+000
    </BG>
    <UNIT_CELL_VOLUME_AU type="real" size="1">
 2.575752500000000E+002
    </UNIT_CELL_VOLUME_AU>
    <TYPE_NAME.1 type="character" size="1" len="3">
Si 
    </TYPE_NAME.1>
    <MASS.1 type="real" size="1">
 2.808600000000000E+001
    </MASS.1>
    <ATOM.1 SPECIES="Si " INDEX="1" TAU="0.000000000000000E+000 0.000000000000000E+000 0.000000000000000E+000"/>
    <ATOM.2 SPECIES="Si " INDEX="1" TAU="2.500000000000000E-001 2.500000000000000E-001 2.500000000000000E-001"/>
    <NUMBER_OF_Q type="integer" size="1">
         3
    </NUMBER_OF_Q>
  </GEOMETRY_INFO>
  <DIELECTRIC_PROPERTIES>
    <EPSILON type="real" size="9" columns="3">
 1.368716670988083E+001  4.440892098500626E-015 -8.881784197001252E-016 
 8.881784197001252E-016  1.368716670988083E+001 -7.993605777301127E-015 
-8.881784197001252E-016 -2.664535259100376E-015  1.368716670988083E+001
    </EPSILON>
    <ZSTAR>
      <Z_AT_.1 type="real" size="9" columns="3">
 0.000000000000000E+000  8.881784197001252E-016 -1.332267629550188E-015 
 0.000000000000000E+000  8.881784197001252E-016 -8.881784197001252E-016 
-4.440892098500626E-016 -4.440892098500628E-016 -8.881784197001252E-016
      </Z_AT_.1>
      <Z_AT_.2 type="real" size="9" columns="3">
 0.000000000000000E+000 -8.881784197001252E-016  1.332267629550188E-015 
 0.000000000000000E+000 -8.881784197001252E-016  8.881784197001252E-016 
 4.440892098500622E-016  4.440892098500626E-016  8.881784197001252E-016
      </Z_AT_.2>
    </ZSTAR>
  </DIELECTRIC_PROPERTIES>
  <INTERATOMIC_FORCE_CONSTANTS>
    <MESH_NQ1_NQ2_NQ3 type="integer" size="3" columns="3">
         2          2          2
    </MESH_NQ1_NQ2_NQ3>
    <s_s1_m1_m2_m3.1.1.1.1.1>
      <IFC type="real" size="9" columns="3">
 2.996721121479089E-001 -1.908195823574488E-017  9.540979117872439E-018 
-1.908195823574488E-017  2.996721121479089E-001 -8.239936510889834E-018 
 9.540979117872439E-018 -8.239936510889834E-018  2.996721121479089E-001
      </IFC>
    </s_s1_m1_m2_m3.1.1.1.1.1>
    <s_s1_m1_m2_m3.1.1.2.1.1>
      <IFC type="real" size="9" columns="3">
-1.024244938540816E-002  1.734723475976807E-018  1.112649886454945E-002 
 1.734723475976807E-018  1.813345542176690E-002  8.673617379884035E-018 
 1.112649886454945E-002  8.673617379884035E-018 -1.024244938540817E-002
      </IFC>
    </s_s1_m1_m2_m3.1.1.2.1.1>
    <s_s1_m1_m2_m3.1.1.1.2.1>
      <IFC type="real" size="9" columns="3">
 1.813345542176689E-002  6.071532165918825E-018  1.127570259384925E-017 
 6.071532165918825E-018 -1.024244938540818E-002 -1.112649886454943E-002 
 1.127570259384925E-017 -1.112649886454943E-002 -1.024244938540816E-002
      </IFC>
    </s_s1_m1_m2_m3.1.1.1.2.1>
    <s_s1_m1_m2_m3.1.1.2.2.1>
      <IFC type="real" size="9" columns="3">
-1.024244938540819E-002 -1.112649886454942E-002 -9.540979117872439E-018 
-1.112649886454942E-002 -1.024244938540817E-002  2.211772431870429E-017 
-9.540979117872439E-018  2.211772431870429E-017  1.813345542176684E-002
      </IFC>
    </s_s1_m1_m2_m3.1.1.2.2.1>
    <s_s1_m1_m2_m3.1.1.1.1.2>
      <IFC type="real" size="9" columns="3">
-1.024244938540816E-002  1.112649886454944E-002 -8.673617379884035E-019 
 1.112649886454944E-002 -1.024244938540819E-002 -8.239936510889834E-018 
-8.673617379884035E-019 -8.239936510889834E-018  1.813345542176689E-002
      </IFC>
    </s_s1_m1_m2_m3.1.1.1.1.2>
    <s_s1_m1_m2_m3.1.1.2.1.2>
      <IFC type="real" size="9" columns="3">
 1.813345542176686E-002 -1.647987302177967E-017  1.994931997373328E-017 
-1.647987302177967E-017 -1.024244938540817E-002  1.112649886454944E-002 
 1.994931997373328E-017  1.112649886454944E-002 -1.024244938540817E-002
      </IFC>
    </s_s1_m1_m2_m3.1.1.2.1.2>
    <s_s1_m1_m2_m3.1.1.1.2.2>
      <IFC type="real" size="9" columns="3">
-1.024244938540816E-002 -5.204170427930421E-018 -1.112649886454946E-002 
-5.204170427930421E-018  1.813345542176691E-002  5.204170427930421E-018 
-1.112649886454946E-002  5.204170427930421E-018 -1.024244938540816E-002
      </IFC>
    </s_s1_m1_m2_m3.1.1.1.2.2>
    <s_s1_m1_m2_m3.1.1.2.2.2>
      <IFC type="real" size="9" columns="3">
-2.825262276770608E-003 -1.214306433183765E-017 -6.071532165918825E-018 
-1.214306433183765E-017 -2.825262276770595E-003 -2.645453300864631E-017 
-6.071532165918825E-018 -2.645453300864631E-017 -2.825262276770595E-003
      </IFC>
    </s_s1_m1_m2_m3.1.1.2.2.2>
    <s_s1_m1_m2_m3.1.2.1.1.1>
      <IFC type="real" size="9" columns="3">
-7.570613656174927E-002 -5.321951412967377E-002 -5.321951412967375E-002 
-5.321951412967375E-002 -7.570613656174924E-002 -5.321951412967377E-002 
-5.321951412967376E-002 -5.321951412967377E-002 -7.570613656174927E-002
      </IFC>
    </s_s1_m1_m2_m3.1.2.1.1.1>
    <s_s1_m1_m2_m3.1.2.2.1.1>
      <IFC type="real" size="9" columns="3">
 2.804868943032831E-003  2.698194448720359E-003 -2.698194448720359E-003 
 2.698194448720371E-003  2.804868943032821E-003  2.698194448720373E-003 
-2.698194448720366E-003  2.698194448720367E-003  2.804868943032824E-003
      </IFC>
    </s_s1_m1_m2_m3.1.2.2.1.1>
    <s_s1_m1_m2_m3.1.2.1.2.1>
      <IFC type="real" size="9" columns="3">
-7.570613656174927E-002  5.321951412967377E-002  5.321951412967377E-002 
 5.321951412967375E-002 -7.570613656174927E-002 -5.321951412967375E-002 
 5.321951412967377E-002 -5.321951412967375E-002 -7.570613656174927E-002
      </IFC>
    </s_s1_m1_m2_m3.1.2.1.2.1>
    <s_s1_m1_m2_m3.1.2.2.2.1>
      <IFC type="real" size="9" columns="3">
-7.570613656174924E-002 -5.321951412967377E-002  5.321951412967377E-002 
-5.321951412967376E-002 -7.570613656174925E-002  5.321951412967377E-002 
 5.321951412967376E-002  5.321951412967377E-002 -7.570613656174927E-002
      </IFC>
    </s_s1_m1_m2_m3.1.2.2.2.1>
    <s_s1_m1_m2_m3.1.2.1.1.2>
      <IFC type="real" size="9" columns="3">
 2.804868943032841E-003 -2.698194448720364E-003  2.698194448720360E-003 
-2.698194448720374E-003  2.804868943032848E-003  2.698194448720357E-003 
 2.698194448720360E-003  2.698194448720354E-003  2.804868943032827E-003
      </IFC>
    </s_s1_m1_m2_m3.1.2.1.1.2>
    <s_s1_m1_m2_m3.1.2.2.1.2>
      <IFC type="real" size="9" columns="3">
 2.804868943032852E-003  2.698194448720369E-003  2.698194448720359E-003 
 2.698194448720385E-003  2.804868943032834E-003 -2.698194448720366E-003 
 2.698194448720369E-003 -2.698194448720367E-003  2.804868943032824E-003
      </IFC>
    </s_s1_m1_m2_m3.1.2.2.1.2>
    <s_s1_m1_m2_m3.1.2.1.2.2>
      <IFC type="real" size="9" columns="3">
-7.570613656174927E-002  5.321951412967376E-002 -5.321951412967377E-002 
 5.321951412967376E-002 -7.570613656174927E-002  5.321951412967375E-002 
-5.321951412967377E-002  5.321951412967375E-002 -7.570613656174927E-002
      </IFC>
    </s_s1_m1_m2_m3.1.2.1.2.2>
    <s_s1_m1_m2_m3.1.2.2.2.2>
      <IFC type="real" size="9" columns="3">
 2.804868943032827E-003 -2.698194448720364E-003 -2.698194448720360E-003 
-2.698194448720367E-003  2.804868943032834E-003 -2.698194448720378E-003 
-2.698194448720360E-003 -2.698194448720381E-003  2.804868943032855E-003
      </IFC>
    </s_s1_m1_m2_m3.1.2.2.2.2>
    <s_s1_m1_m2_m3.2.1.1.1.1>
      <IFC type="real" size="9" columns="3">
-7.570613656174927E-002 -5.321951412967375E-002 -5.321951412967376E-002 
-5.321951412967377E-002 -7.570613656174924E-002 -5.321951412967377E-002 
-5.321951412967375E-002 -5.321951412967377E-002 -7.570613656174927E-002
      </IFC>
    </s_s1_m1_m2_m3.2.1.1.1.1>
    <s_s1_m1_m2_m3.2.1.2.1.1>
      <IFC type="real" size="9" columns="3">
 2.804868943032831E-003  2.698194448720371E-003 -2.698194448720366E-003 
 2.698194448720359E-003  2.804868943032821E-003  2.698194448720367E-003 
-2.698194448720359E-003  2.698194448720373E-003  2.804868943032824E-003
      </IFC>
    </s_s1_m1_m2_m3.2.1.2.1.1>
    <s_s1_m1_m2_m3.2.1.1.2.1>
      <IFC type="real" size="9" columns="3">
-7.570613656174927E-002  5.321951412967375E-002  5.321951412967377E-002 
 5.321951412967377E-002 -7.570613656174927E-002 -5.321951412967375E-002 
 5.321951412967377E-002 -5.321951412967375E-002 -7.570613656174927E-002
      </IFC>
    </s_s1_m1_m2_m3.2.1.1.2.1>
    <s_s1_m1_m2_m3.2.1.2.2.1>
      <IFC type="real" size="9" columns="3">
-7.570613656174924E-002 -5.321951412967376E-002  5.321951412967376E-002 
-5.321951412967377E-002 -7.570613656174925E-002  5.321951412967377E-002 
 5.321951412967377E-002  5.321951412967377E-002 -7.570613656174927E-002
      </IFC>
    </s_s1_m1_m2_m3.2.1.2.2.1>
    <s_s1_m1_m2_m3.2.1.1.1.2>
      <IFC type="real" size="9" columns="3">
 2.804868943032841E-003 -2.698194448720374E-003  2.698194448720360E-003 
-2.698194448720364E-003  2.804868943032848E-003  2.698194448720354E-003 
 2.698194448720360E-003  2.698194448720357E-003  2.804868943032827E-003
      </IFC>
    </s_s1_m1_m2_m3.2.1.1.1.2>
    <s_s1_m1_m2_m3.2.1.2.1.2>
      <IFC type="real" size="9" columns="3">
 2.804868943032852E-003  2.698194448720385E-003  2.698194448720369E-003 
 2.698194448720369E-003  2.804868943032834E-003 -2.698194448720367E-003 
 2.698194448720359E-003 -2.698194448720366E-003  2.804868943032824E-003
      </IFC>
    </s_s1_m1_m2_m3.2.1.2.1.2>
    <s_s1_m1_m2_m3.2.1.1.2.2>
      <IFC type="real" size="9" columns="3">
-7.570613656174927E-002  5.321951412967376E-002 -5.321951412967377E-002 
 5.321951412967376E-002 -7.570613656174927E-002  5.321951412967375E-002 
-5.321951412967377E-002  5.321951412967375E-002 -7.570613656174927E-002
      </IFC>
    </s_s1_m1_m2_m3.2.1.1.2.2>
    <s_s1_m1_m2_m3.2.1.2.2.2>
      <IFC type="real" size="9" columns="3">
 2.804868943032827E-003 -2.698194448720367E-003 -2.698194448720360E-003 
-2.698194448720364E-003  2.804868943032834E-003 -2.698194448720381E-003 
-2.698194448720360E-003 -2.698194448720378E-003  2.804868943032855E-003
      </IFC>
    </s_s1_m1_m2_m3.2.1.2.2.2>
    <s_s1_m1_m2_m3.2.2.1.1.1>
      <IFC type="real" size="9" columns="3">
 2.996721121479089E-001 -1.214306433183765E-017  2.038300084272748E-017 
-1.214306433183765E-017  2.996721121479089E-001  1.127570259384925E-017 
 2.038300084272748E-017  1.127570259384925E-017  2.996721121479089E-001
      </IFC>
    </s_s1_m1_m2_m3.2.2.1.1.1>
    <s_s1_m1_m2_m3.2.2.2.1.1>
      <IFC type="real" size="9" columns="3">
-1.024244938540816E-002  9.107298248878237E-018  1.112649886454946E-002 
 9.107298248878237E-018  1.813345542176689E-002 -4.336808689942018E-018 
 1.112649886454946E-002 -4.336808689942018E-018 -1.024244938540817E-002
      </IFC>
    </s_s1_m1_m2_m3.2.2.2.1.1>
    <s_s1_m1_m2_m3.2.2.1.2.1>
      <IFC type="real" size="9" columns="3">
 1.813345542176691E-002  1.604619215278547E-017  7.806255641895632E-018 
 1.604619215278547E-017 -1.024244938540816E-002 -1.112649886454942E-002 
 7.806255641895632E-018 -1.112649886454942E-002 -1.024244938540816E-002
      </IFC>
    </s_s1_m1_m2_m3.2.2.1.2.1>
    <s_s1_m1_m2_m3.2.2.2.2.1>
      <IFC type="real" size="9" columns="3">
-1.024244938540819E-002 -1.112649886454943E-002  1.301042606982605E-018 
-1.112649886454943E-002 -1.024244938540816E-002  9.540979117872439E-018 
 1.301042606982605E-018  9.540979117872439E-018  1.813345542176684E-002
      </IFC>
    </s_s1_m1_m2_m3.2.2.2.2.1>
    <s_s1_m1_m2_m3.2.2.1.1.2>
      <IFC type="real" size="9" columns="3">
-1.024244938540819E-002  1.112649886454944E-002  2.168404344971009E-018 
 1.112649886454944E-002 -1.024244938540816E-002 -6.071532165918825E-018 
 2.168404344971009E-018 -6.071532165918825E-018  1.813345542176689E-002
      </IFC>
    </s_s1_m1_m2_m3.2.2.1.1.2>
    <s_s1_m1_m2_m3.2.2.2.1.2>
      <IFC type="real" size="9" columns="3">
 1.813345542176689E-002 -1.604619215278547E-017  1.647987302177967E-017 
-1.604619215278547E-017 -1.024244938540816E-002  1.112649886454944E-002 
 1.647987302177967E-017  1.112649886454944E-002 -1.024244938540817E-002
      </IFC>
    </s_s1_m1_m2_m3.2.2.2.1.2>
    <s_s1_m1_m2_m3.2.2.1.2.2>
      <IFC type="real" size="9" columns="3">
-1.024244938540818E-002 -2.168404344971009E-018 -1.112649886454945E-002 
-2.168404344971009E-018  1.813345542176689E-002 -6.071532165918825E-018 
-1.112649886454945E-002 -6.071532165918825E-018 -1.024244938540816E-002
      </IFC>
    </s_s1_m1_m2_m3.2.2.1.2.2>
    <s_s1_m1_m2_m3.2.2.2.2.2>
      <IFC type="real" size="9" columns="3">
-2.825262276770581E-003 -8.673617379884035E-018  1.084202172485504E-017 
-8.673617379884035E-018 -2.825262276770608E-003 -7.806255641895632E-018 
 1.084202172485504E-017 -7.806255641895632E-018 -2.825262276770595E-003
      </IFC>
    </s_s1_m1_m2_m3.2.2.2.2.2>
  </INTERATOMIC_FORCE_CONSTANTS>
</Root>

