<?xml version="1.0"?>
<?iotk version="1.2.0"?>
<?iotk file_version="1.0"?>
<?iotk binary="F"?>
<?iotk qe_syntax="F"?>
<Root>
  <GEOMETRY_INFO>
    <NUMBER_OF_TYPES type="integer" size="1">
         1
    </NUMBER_OF_TYPES>
    <NUMBER_OF_ATOMS type="integer" size="1">
         2
    </NUMBER_OF_ATOMS>
    <BRAVAIS_LATTICE_INDEX type="integer" size="1">
         2
    </BRAVAIS_LATTICE_INDEX>
    <SPIN_COMPONENTS type="integer" size="1">
         1
    </SPIN_COMPONENTS>
    <CELL_DIMENSIONS type="real" size="6">
 1.035000000000000E+001
 0.000000000000000E+000
 0.000000000000000E+000
 0.000000000000000E+000
 0.000000000000000E+000
 0.000000000000000E+000
    </CELL_DIMENSIONS>
    <AT type="real" size="9" columns="3">
-5.000000000000000E-001  0.000000000000000E+000  5.000000000000000E-001 
 0.000000000000000E+000  5.000000000000000E-001  5.000000000000000E-001 
-5.000000000000000E-001  5.000000000000000E-001  0.000000000000000E+000
    </AT>
    <BG type="real" size="9" columns="3">
-1.000000000000000E+000 -1.000000000000000E+000  1.000000000000000E+000 
 1.000000000000000E+000  1.000000000000000E+000  1.000000000000000E+000 
-1.000000000000000E+000  1.000000000000000E+000 -1.000000000000000E+000
    </BG>
    <UNIT_CELL_VOLUME_AU type="real" size="1">
 2.771794687500000E+002
    </UNIT_CELL_VOLUME_AU>
    <TYPE_NAME.1 type="character" size="1" len="3">
Si 
    </TYPE_NAME.1>
    <MASS.1 type="real" size="1">
 2.808600000000000E+001
    </MASS.1>
    <ATOM.1 SPECIES="Si " INDEX="1" TAU="0.000000000000000E+000 0.000000000000000E+000 0.000000000000000E+000"/>
    <ATOM.2 SPECIES="Si " INDEX="1" TAU="2.500000000000000E-001 2.500000000000000E-001 2.500000000000000E-001"/>
    <NUMBER_OF_Q type="integer" size="1">
         6
    </NUMBER_OF_Q>
  </GEOMETRY_INFO>
  <DIELECTRIC_PROPERTIES>
    <EPSILON type="real" size="9" columns="3">
 1.414808873763582E+001 -8.881784197001252E-016  4.440892098500626E-015 
 4.440892098500626E-015  1.414808873763582E+001  8.881784197001252E-016 
 4.440892098500626E-015 -8.881784197001252E-016  1.414808873763581E+001
    </EPSILON>
    <ZSTAR>
      <Z_AT_.1 type="real" size="9" columns="3">
 4.440892098500626E-015  3.108624468950439E-015  1.332267629550188E-015 
 3.108624468950438E-015  4.440892098500626E-015 -8.881784197001250E-016 
 2.220446049250313E-015 -4.440892098500626E-016  4.884981308350689E-015
      </Z_AT_.1>
      <Z_AT_.2 type="real" size="9" columns="3">
-4.440892098500626E-015 -3.108624468950439E-015 -1.332267629550188E-015 
-3.108624468950438E-015 -4.440892098500626E-015  8.881784197001250E-016 
-2.220446049250313E-015  4.440892098500628E-016 -4.884981308350689E-015
      </Z_AT_.2>
    </ZSTAR>
  </DIELECTRIC_PROPERTIES>
  <INTERATOMIC_FORCE_CONSTANTS>
    <MESH_NQ1_NQ2_NQ3 type="integer" size="3" columns="3">
         4          4          4
    </MESH_NQ1_NQ2_NQ3>
    <s_s1_m1_m2_m3.1.1.1.1.1>
      <IFC type="real" size="9" columns="3">
 2.492883930603013E-001 -1.517883041479706E-018  5.177065373618284E-018 
-1.517883041479706E-018  2.492883930603013E-001 -3.252606517456513E-019 
 5.177065373618284E-018 -3.252606517456513E-019  2.492883930603013E-001
      </IFC>
    </s_s1_m1_m2_m3.1.1.1.1.1>
    <s_s1_m1_m2_m3.1.1.2.1.1>
      <IFC type="real" size="9" columns="3">
-3.524407783717824E-003 -1.947942654191701E-003  3.669961051256897E-003 
 1.947942654191703E-003  8.925429113575458E-003 -1.947942654191703E-003 
 3.669961051256897E-003  1.947942654191701E-003 -3.524407783717822E-003
      </IFC>
    </s_s1_m1_m2_m3.1.1.2.1.1>
    <s_s1_m1_m2_m3.1.1.3.1.1>
      <IFC type="real" size="9" columns="3">
 9.459007999329527E-005 -1.517883041479706E-018  5.758674775847980E-004 
-1.517883041479706E-018  3.943653902509829E-003  1.843143693225358E-018 
 5.758674775847980E-004  1.843143693225358E-018  9.459007999329527E-005
      </IFC>
    </s_s1_m1_m2_m3.1.1.3.1.1>
    <s_s1_m1_m2_m3.1.1.4.1.1>
      <IFC type="real" size="9" columns="3">
-3.524407783717824E-003  1.947942654191703E-003  3.669961051256897E-003 
-1.947942654191701E-003  8.925429113575458E-003  1.947942654191701E-003 
 3.669961051256897E-003 -1.947942654191703E-003 -3.524407783717822E-003
      </IFC>
    </s_s1_m1_m2_m3.1.1.4.1.1>
    <s_s1_m1_m2_m3.1.1.1.2.1>
      <IFC type="real" size="9" columns="3">
 8.925429113575462E-003  1.947942654191703E-003  1.947942654191703E-003 
-1.947942654191702E-003 -3.524407783717824E-003 -3.669961051256901E-003 
-1.947942654191702E-003 -3.669961051256901E-003 -3.524407783717825E-003
      </IFC>
    </s_s1_m1_m2_m3.1.1.1.2.1>
    <s_s1_m1_m2_m3.1.1.2.2.1>
      <IFC type="real" size="9" columns="3">
-3.370577745000353E-004 -6.236739789114696E-004  2.732734154861440E-004 
-6.236739789114696E-004 -3.370577745000379E-004 -2.732734154861443E-004 
 4.202862518071216E-004 -4.202862518071217E-004  1.188050028386178E-005
      </IFC>
    </s_s1_m1_m2_m3.1.1.2.2.1>
    <s_s1_m1_m2_m3.1.1.3.2.1>
      <IFC type="real" size="9" columns="3">
 1.188050028387046E-005 -4.202862518071237E-004  4.202862518071263E-004 
-2.732734154861460E-004 -3.370577745000301E-004 -6.236739789114710E-004 
 2.732734154861487E-004 -6.236739789114710E-004 -3.370577745000266E-004
      </IFC>
    </s_s1_m1_m2_m3.1.1.3.2.1>
    <s_s1_m1_m2_m3.1.1.4.2.1>
      <IFC type="real" size="9" columns="3">
-3.524407783717827E-003 -3.669961051256899E-003 -1.947942654191703E-003 
-3.669961051256899E-003 -3.524407783717835E-003 -1.947942654191698E-003 
 1.947942654191701E-003  1.947942654191706E-003  8.925429113575451E-003
      </IFC>
    </s_s1_m1_m2_m3.1.1.4.2.1>
    <s_s1_m1_m2_m3.1.1.1.3.1>
      <IFC type="real" size="9" columns="3">
 3.943653902509833E-003 -2.276824562219559E-018 -6.071532165918825E-018 
-2.276824562219559E-018  9.459007999329527E-005 -5.758674775847985E-004 
-6.071532165918825E-018 -5.758674775847985E-004  9.459007999328833E-005
      </IFC>
    </s_s1_m1_m2_m3.1.1.1.3.1>
    <s_s1_m1_m2_m3.1.1.2.3.1>
      <IFC type="real" size="9" columns="3">
-3.370577745000249E-004 -2.732734154861423E-004  6.236739789114683E-004 
-4.202862518071203E-004  1.188050028387393E-005 -4.202862518071268E-004 
 6.236739789114687E-004 -2.732734154861491E-004 -3.370577745000314E-004
      </IFC>
    </s_s1_m1_m2_m3.1.1.2.3.1>
    <s_s1_m1_m2_m3.1.1.3.3.1>
      <IFC type="real" size="9" columns="3">
 9.459007999329180E-005 -5.758674775848010E-004 -3.523657060577889E-019 
-5.758674775848010E-004  9.459007999329874E-005 -3.144186300207963E-018 
-3.523657060577889E-019 -3.144186300207963E-018  3.943653902509840E-003
      </IFC>
    </s_s1_m1_m2_m3.1.1.3.3.1>
    <s_s1_m1_m2_m3.1.1.4.3.1>
      <IFC type="real" size="9" columns="3">
-3.370577745000249E-004 -4.202862518071203E-004  6.236739789114687E-004 
-2.732734154861423E-004  1.188050028387393E-005 -2.732734154861491E-004 
 6.236739789114683E-004 -4.202862518071268E-004 -3.370577745000314E-004
      </IFC>
    </s_s1_m1_m2_m3.1.1.4.3.1>
    <s_s1_m1_m2_m3.1.1.1.4.1>
      <IFC type="real" size="9" columns="3">
 8.925429113575462E-003 -1.947942654191702E-003 -1.947942654191702E-003 
 1.947942654191703E-003 -3.524407783717824E-003 -3.669961051256901E-003 
 1.947942654191703E-003 -3.669961051256901E-003 -3.524407783717825E-003
      </IFC>
    </s_s1_m1_m2_m3.1.1.1.4.1>
    <s_s1_m1_m2_m3.1.1.2.4.1>
      <IFC type="real" size="9" columns="3">
-3.524407783717827E-003 -3.669961051256899E-003  1.947942654191701E-003 
-3.669961051256899E-003 -3.524407783717835E-003  1.947942654191706E-003 
-1.947942654191703E-003 -1.947942654191698E-003  8.925429113575451E-003
      </IFC>
    </s_s1_m1_m2_m3.1.1.2.4.1>
    <s_s1_m1_m2_m3.1.1.3.4.1>
      <IFC type="real" size="9" columns="3">
 1.188050028387046E-005 -2.732734154861460E-004  2.732734154861487E-004 
-4.202862518071237E-004 -3.370577745000301E-004 -6.236739789114710E-004 
 4.202862518071263E-004 -6.236739789114710E-004 -3.370577745000266E-004
      </IFC>
    </s_s1_m1_m2_m3.1.1.3.4.1>
    <s_s1_m1_m2_m3.1.1.4.4.1>
      <IFC type="real" size="9" columns="3">
-3.370577745000353E-004 -6.236739789114696E-004  4.202862518071216E-004 
-6.236739789114696E-004 -3.370577745000379E-004 -4.202862518071217E-004 
 2.732734154861440E-004 -2.732734154861443E-004  1.188050028386178E-005
      </IFC>
    </s_s1_m1_m2_m3.1.1.4.4.1>
    <s_s1_m1_m2_m3.1.1.1.1.2>
      <IFC type="real" size="9" columns="3">
-3.524407783717820E-003  3.669961051256903E-003 -1.947942654191702E-003 
 3.669961051256903E-003 -3.524407783717820E-003  1.947942654191704E-003 
 1.947942654191703E-003 -1.947942654191701E-003  8.925429113575467E-003
      </IFC>
    </s_s1_m1_m2_m3.1.1.1.1.2>
    <s_s1_m1_m2_m3.1.1.2.1.2>
      <IFC type="real" size="9" columns="3">
 1.188050028386265E-005  4.202862518071202E-004  4.202862518071218E-004 
 2.732734154861422E-004 -3.370577745000379E-004  6.236739789114718E-004 
 2.732734154861441E-004  6.236739789114718E-004 -3.370577745000431E-004
      </IFC>
    </s_s1_m1_m2_m3.1.1.2.1.2>
    <s_s1_m1_m2_m3.1.1.3.1.2>
      <IFC type="real" size="9" columns="3">
-3.370577745000231E-004  6.236739789114709E-004  2.732734154861479E-004 
 6.236739789114709E-004 -3.370577745000301E-004  2.732734154861447E-004 
 4.202862518071256E-004  4.202862518071223E-004  1.188050028387046E-005
      </IFC>
    </s_s1_m1_m2_m3.1.1.3.1.2>
    <s_s1_m1_m2_m3.1.1.4.1.2>
      <IFC type="real" size="9" columns="3">
 8.925429113575443E-003 -1.947942654191707E-003  1.947942654191702E-003 
 1.947942654191698E-003 -3.524407783717835E-003  3.669961051256903E-003 
-1.947942654191703E-003  3.669961051256903E-003 -3.524407783717830E-003
      </IFC>
    </s_s1_m1_m2_m3.1.1.4.1.2>
    <s_s1_m1_m2_m3.1.1.1.2.2>
      <IFC type="real" size="9" columns="3">
-3.370577745000353E-004  2.732734154861441E-004 -6.236739789114731E-004 
 4.202862518071220E-004  1.188050028386699E-005 -4.202862518071225E-004 
-6.236739789114731E-004 -2.732734154861445E-004 -3.370577745000439E-004
      </IFC>
    </s_s1_m1_m2_m3.1.1.1.2.2>
    <s_s1_m1_m2_m3.1.1.2.2.2>
      <IFC type="real" size="9" columns="3">
-2.144357276768821E-004  1.084202172485504E-019  2.602085213965211E-018 
 1.084202172485504E-019 -2.144357276768795E-004 -1.734723475976807E-018 
 2.602085213965211E-018 -1.788933584601082E-018 -2.144357276768799E-004
      </IFC>
    </s_s1_m1_m2_m3.1.1.2.2.2>
    <s_s1_m1_m2_m3.1.1.3.2.2>
      <IFC type="real" size="9" columns="3">
-3.370577745000283E-004 -2.732734154861482E-004 -6.236739789114685E-004 
-4.202862518071259E-004  1.188050028386872E-005  4.202862518071228E-004 
-6.236739789114685E-004  2.732734154861451E-004 -3.370577745000318E-004
      </IFC>
    </s_s1_m1_m2_m3.1.1.3.2.2>
    <s_s1_m1_m2_m3.1.1.4.2.2>
      <IFC type="real" size="9" columns="3">
-4.599152544606374E-004  1.843143693225358E-018  3.035766082959412E-018 
 1.843143693225358E-018 -2.019099236042696E-004 -5.421010862427522E-019 
 3.035766082959412E-018 -4.336808689942018E-019 -4.599152544606318E-004
      </IFC>
    </s_s1_m1_m2_m3.1.1.4.2.2>
    <s_s1_m1_m2_m3.1.1.1.3.2>
      <IFC type="real" size="9" columns="3">
-3.370577745000179E-004  6.236739789114716E-004 -2.732734154861455E-004 
 6.236739789114716E-004 -3.370577745000214E-004 -2.732734154861482E-004 
-4.202862518071235E-004 -4.202862518071260E-004  1.188050028386872E-005
      </IFC>
    </s_s1_m1_m2_m3.1.1.1.3.2>
    <s_s1_m1_m2_m3.1.1.2.3.2>
      <IFC type="real" size="9" columns="3">
 1.188050028386439E-005 -4.202862518071263E-004 -4.202862518071236E-004 
-2.732734154861484E-004 -3.370577745000309E-004  6.236739789114666E-004 
-2.732734154861460E-004  6.236739789114667E-004 -3.370577745000309E-004
      </IFC>
    </s_s1_m1_m2_m3.1.1.2.3.2>
    <s_s1_m1_m2_m3.1.1.3.3.2>
      <IFC type="real" size="9" columns="3">
-2.308601135115346E-004 -1.000852497350373E-005 -2.326153198861307E-005 
-1.000852497350373E-005 -2.308601135115346E-004  2.326153198861419E-005 
 2.326153198861551E-005 -2.326153198861452E-005 -2.728995167027692E-004
      </IFC>
    </s_s1_m1_m2_m3.1.1.3.3.2>
    <s_s1_m1_m2_m3.1.1.4.3.2>
      <IFC type="real" size="9" columns="3">
-2.728995167027787E-004 -2.326153198861433E-005  2.326153198861121E-005 
 2.326153198861427E-005 -2.308601135115407E-004 -1.000852497349896E-005 
-2.326153198861734E-005 -1.000852497349912E-005 -2.308601135115407E-004
      </IFC>
    </s_s1_m1_m2_m3.1.1.4.3.2>
    <s_s1_m1_m2_m3.1.1.1.4.2>
      <IFC type="real" size="9" columns="3">
-3.524407783717830E-003  1.947942654191699E-003 -3.669961051256899E-003 
-1.947942654191706E-003  8.925429113575448E-003 -1.947942654191700E-003 
-3.669961051256899E-003  1.947942654191705E-003 -3.524407783717822E-003
      </IFC>
    </s_s1_m1_m2_m3.1.1.1.4.2>
    <s_s1_m1_m2_m3.1.1.2.4.2>
      <IFC type="real" size="9" columns="3">
-2.019099236042670E-004  4.228388472693467E-018  8.673617379884035E-019 
 4.228388472693467E-018 -4.599152544606331E-004  1.301042606982605E-018 
 8.673617379884035E-019  1.192622389734055E-018 -4.599152544606379E-004
      </IFC>
    </s_s1_m1_m2_m3.1.1.2.4.2>
    <s_s1_m1_m2_m3.1.1.3.4.2>
      <IFC type="real" size="9" columns="3">
-2.308601135115364E-004  2.326153198861235E-005  1.000852497350189E-005 
-2.326153198861625E-005 -2.728995167027744E-004 -2.326153198861216E-005 
 1.000852497350189E-005  2.326153198861660E-005 -2.308601135115398E-004
      </IFC>
    </s_s1_m1_m2_m3.1.1.3.4.2>
    <s_s1_m1_m2_m3.1.1.4.4.2>
      <IFC type="real" size="9" columns="3">
-4.599152544606426E-004  7.589415207398531E-019  4.336808689942018E-019 
 7.589415207398531E-019 -4.599152544606331E-004 -2.656295322589486E-018 
 4.336808689942018E-019 -2.602085213965211E-018 -2.019099236042657E-004
      </IFC>
    </s_s1_m1_m2_m3.1.1.4.4.2>
    <s_s1_m1_m2_m3.1.1.1.1.3>
      <IFC type="real" size="9" columns="3">
 9.459007999329527E-005  5.758674775847921E-004 -4.906014830496908E-018 
 5.758674775847921E-004  9.459007999329527E-005 -3.686287386450715E-018 
-4.906014830496908E-018 -3.686287386450715E-018  3.943653902509836E-003
      </IFC>
    </s_s1_m1_m2_m3.1.1.1.1.3>
    <s_s1_m1_m2_m3.1.1.2.1.3>
      <IFC type="real" size="9" columns="3">
-3.370577745000231E-004  2.732734154861479E-004  6.236739789114696E-004 
 4.202862518071259E-004  1.188050028387393E-005  4.202862518071211E-004 
 6.236739789114694E-004  2.732734154861434E-004 -3.370577745000296E-004
      </IFC>
    </s_s1_m1_m2_m3.1.1.2.1.3>
    <s_s1_m1_m2_m3.1.1.3.1.3>
      <IFC type="real" size="9" columns="3">
 3.943653902509833E-003 -3.035766082959412E-018 -1.084202172485504E-019 
-3.035766082959412E-018  9.459007999329874E-005  5.758674775847925E-004 
-1.084202172485504E-019  5.758674775847925E-004  9.459007999329874E-005
      </IFC>
    </s_s1_m1_m2_m3.1.1.3.1.3>
    <s_s1_m1_m2_m3.1.1.4.1.3>
      <IFC type="real" size="9" columns="3">
-3.370577745000231E-004  4.202862518071259E-004  6.236739789114694E-004 
 2.732734154861479E-004  1.188050028387393E-005  2.732734154861434E-004 
 6.236739789114696E-004  4.202862518071211E-004 -3.370577745000296E-004
      </IFC>
    </s_s1_m1_m2_m3.1.1.4.1.3>
    <s_s1_m1_m2_m3.1.1.1.2.3>
      <IFC type="real" size="9" columns="3">
 1.188050028387046E-005  4.202862518071237E-004 -4.202862518071228E-004 
 2.732734154861456E-004 -3.370577745000249E-004 -6.236739789114731E-004 
-2.732734154861451E-004 -6.236739789114731E-004 -3.370577745000197E-004
      </IFC>
    </s_s1_m1_m2_m3.1.1.1.2.3>
    <s_s1_m1_m2_m3.1.1.2.2.3>
      <IFC type="real" size="9" columns="3">
-3.370577745000318E-004 -6.236739789114679E-004 -2.732734154861472E-004 
-6.236739789114679E-004 -3.370577745000309E-004  2.732734154861484E-004 
-4.202862518071248E-004  4.202862518071257E-004  1.188050028386872E-005
      </IFC>
    </s_s1_m1_m2_m3.1.1.2.2.3>
    <s_s1_m1_m2_m3.1.1.3.2.3>
      <IFC type="real" size="9" columns="3">
-2.728995167027761E-004  2.326153198861560E-005  2.326153198861563E-005 
-2.326153198861300E-005 -2.308601135115346E-004  1.000852497350330E-005 
-2.326153198861292E-005  1.000852497350351E-005 -2.308601135115381E-004
      </IFC>
    </s_s1_m1_m2_m3.1.1.3.2.3>
    <s_s1_m1_m2_m3.1.1.4.2.3>
      <IFC type="real" size="9" columns="3">
-2.308601135115364E-004  1.000852497350492E-005 -2.326153198861712E-005 
 1.000852497350492E-005 -2.308601135115407E-004 -2.326153198861051E-005 
 2.326153198861137E-005  2.326153198861799E-005 -2.728995167027761E-004
      </IFC>
    </s_s1_m1_m2_m3.1.1.4.2.3>
    <s_s1_m1_m2_m3.1.1.1.3.3>
      <IFC type="real" size="9" columns="3">
 9.459007999330568E-005  4.445228907190568E-018 -5.758674775847929E-004 
 4.445228907190568E-018  3.943653902509836E-003  0.000000000000000E+000 
-5.758674775847929E-004  0.000000000000000E+000  9.459007999331609E-005
      </IFC>
    </s_s1_m1_m2_m3.1.1.1.3.3>
    <s_s1_m1_m2_m3.1.1.2.3.3>
      <IFC type="real" size="9" columns="3">
-2.308601135115312E-004 -2.326153198861091E-005 -1.000852497350720E-005 
 2.326153198861769E-005 -2.728995167027726E-004 -2.326153198861571E-005 
-1.000852497350715E-005  2.326153198861303E-005 -2.308601135115333E-004
      </IFC>
    </s_s1_m1_m2_m3.1.1.2.3.3>
    <s_s1_m1_m2_m3.1.1.3.3.3>
      <IFC type="real" size="9" columns="3">
-1.861127408611940E-004 -2.602085213965211E-018  8.402566836762659E-019 
-2.602085213965211E-018 -1.861127408611871E-004  3.035766082959412E-018 
 8.402566836762659E-019  3.035766082959412E-018 -1.861127408611940E-004
      </IFC>
    </s_s1_m1_m2_m3.1.1.3.3.3>
    <s_s1_m1_m2_m3.1.1.4.3.3>
      <IFC type="real" size="9" columns="3">
-2.308601135115312E-004  2.326153198861769E-005 -1.000852497350715E-005 
-2.326153198861091E-005 -2.728995167027726E-004  2.326153198861303E-005 
-1.000852497350720E-005 -2.326153198861571E-005 -2.308601135115333E-004
      </IFC>
    </s_s1_m1_m2_m3.1.1.4.3.3>
    <s_s1_m1_m2_m3.1.1.1.4.3>
      <IFC type="real" size="9" columns="3">
 1.188050028387046E-005  2.732734154861456E-004 -2.732734154861451E-004 
 4.202862518071237E-004 -3.370577745000249E-004 -6.236739789114731E-004 
-4.202862518071228E-004 -6.236739789114731E-004 -3.370577745000197E-004
      </IFC>
    </s_s1_m1_m2_m3.1.1.1.4.3>
    <s_s1_m1_m2_m3.1.1.2.4.3>
      <IFC type="real" size="9" columns="3">
-2.308601135115364E-004  1.000852497350492E-005  2.326153198861137E-005 
 1.000852497350492E-005 -2.308601135115407E-004  2.326153198861799E-005 
-2.326153198861712E-005 -2.326153198861051E-005 -2.728995167027761E-004
      </IFC>
    </s_s1_m1_m2_m3.1.1.2.4.3>
    <s_s1_m1_m2_m3.1.1.3.4.3>
      <IFC type="real" size="9" columns="3">
-2.728995167027761E-004 -2.326153198861300E-005 -2.326153198861292E-005 
 2.326153198861560E-005 -2.308601135115346E-004  1.000852497350351E-005 
 2.326153198861563E-005  1.000852497350330E-005 -2.308601135115381E-004
      </IFC>
    </s_s1_m1_m2_m3.1.1.3.4.3>
    <s_s1_m1_m2_m3.1.1.4.4.3>
      <IFC type="real" size="9" columns="3">
-3.370577745000318E-004 -6.236739789114679E-004 -4.202862518071248E-004 
-6.236739789114679E-004 -3.370577745000309E-004  4.202862518071257E-004 
-2.732734154861472E-004  2.732734154861484E-004  1.188050028386872E-005
      </IFC>
    </s_s1_m1_m2_m3.1.1.4.4.3>
    <s_s1_m1_m2_m3.1.1.1.1.4>
      <IFC type="real" size="9" columns="3">
-3.524407783717820E-003  3.669961051256903E-003  1.947942654191703E-003 
 3.669961051256903E-003 -3.524407783717820E-003 -1.947942654191701E-003 
-1.947942654191702E-003  1.947942654191704E-003  8.925429113575467E-003
      </IFC>
    </s_s1_m1_m2_m3.1.1.1.1.4>
    <s_s1_m1_m2_m3.1.1.2.1.4>
      <IFC type="real" size="9" columns="3">
 8.925429113575443E-003  1.947942654191698E-003 -1.947942654191703E-003 
-1.947942654191707E-003 -3.524407783717835E-003  3.669961051256903E-003 
 1.947942654191702E-003  3.669961051256903E-003 -3.524407783717830E-003
      </IFC>
    </s_s1_m1_m2_m3.1.1.2.1.4>
    <s_s1_m1_m2_m3.1.1.3.1.4>
      <IFC type="real" size="9" columns="3">
-3.370577745000231E-004  6.236739789114709E-004  4.202862518071256E-004 
 6.236739789114709E-004 -3.370577745000301E-004  4.202862518071223E-004 
 2.732734154861479E-004  2.732734154861447E-004  1.188050028387046E-005
      </IFC>
    </s_s1_m1_m2_m3.1.1.3.1.4>
    <s_s1_m1_m2_m3.1.1.4.1.4>
      <IFC type="real" size="9" columns="3">
 1.188050028386265E-005  2.732734154861422E-004  2.732734154861441E-004 
 4.202862518071202E-004 -3.370577745000379E-004  6.236739789114718E-004 
 4.202862518071218E-004  6.236739789114718E-004 -3.370577745000431E-004
      </IFC>
    </s_s1_m1_m2_m3.1.1.4.1.4>
    <s_s1_m1_m2_m3.1.1.1.2.4>
      <IFC type="real" size="9" columns="3">
-3.524407783717830E-003 -1.947942654191706E-003 -3.669961051256899E-003 
 1.947942654191699E-003  8.925429113575448E-003  1.947942654191705E-003 
-3.669961051256899E-003 -1.947942654191700E-003 -3.524407783717822E-003
      </IFC>
    </s_s1_m1_m2_m3.1.1.1.2.4>
    <s_s1_m1_m2_m3.1.1.2.2.4>
      <IFC type="real" size="9" columns="3">
-4.599152544606426E-004  7.589415207398531E-019  4.336808689942018E-019 
 7.589415207398531E-019 -4.599152544606331E-004 -2.602085213965211E-018 
 4.336808689942018E-019 -2.656295322589486E-018 -2.019099236042657E-004
      </IFC>
    </s_s1_m1_m2_m3.1.1.2.2.4>
    <s_s1_m1_m2_m3.1.1.3.2.4>
      <IFC type="real" size="9" columns="3">
-2.308601135115364E-004 -2.326153198861625E-005  1.000852497350189E-005 
 2.326153198861235E-005 -2.728995167027744E-004  2.326153198861660E-005 
 1.000852497350189E-005 -2.326153198861216E-005 -2.308601135115398E-004
      </IFC>
    </s_s1_m1_m2_m3.1.1.3.2.4>
    <s_s1_m1_m2_m3.1.1.4.2.4>
      <IFC type="real" size="9" columns="3">
-2.019099236042670E-004  4.228388472693467E-018  8.673617379884035E-019 
 4.228388472693467E-018 -4.599152544606331E-004  1.192622389734055E-018 
 8.673617379884035E-019  1.301042606982605E-018 -4.599152544606379E-004
      </IFC>
    </s_s1_m1_m2_m3.1.1.4.2.4>
    <s_s1_m1_m2_m3.1.1.1.3.4>
      <IFC type="real" size="9" columns="3">
-3.370577745000179E-004  6.236739789114716E-004 -4.202862518071235E-004 
 6.236739789114716E-004 -3.370577745000214E-004 -4.202862518071260E-004 
-2.732734154861455E-004 -2.732734154861482E-004  1.188050028386872E-005
      </IFC>
    </s_s1_m1_m2_m3.1.1.1.3.4>
    <s_s1_m1_m2_m3.1.1.2.3.4>
      <IFC type="real" size="9" columns="3">
-2.728995167027787E-004  2.326153198861427E-005 -2.326153198861734E-005 
-2.326153198861433E-005 -2.308601135115407E-004 -1.000852497349912E-005 
 2.326153198861121E-005 -1.000852497349896E-005 -2.308601135115407E-004
      </IFC>
    </s_s1_m1_m2_m3.1.1.2.3.4>
    <s_s1_m1_m2_m3.1.1.3.3.4>
      <IFC type="real" size="9" columns="3">
-2.308601135115346E-004 -1.000852497350373E-005  2.326153198861551E-005 
-1.000852497350373E-005 -2.308601135115346E-004 -2.326153198861452E-005 
-2.326153198861307E-005  2.326153198861419E-005 -2.728995167027692E-004
      </IFC>
    </s_s1_m1_m2_m3.1.1.3.3.4>
    <s_s1_m1_m2_m3.1.1.4.3.4>
      <IFC type="real" size="9" columns="3">
 1.188050028386439E-005 -2.732734154861484E-004 -2.732734154861460E-004 
-4.202862518071263E-004 -3.370577745000309E-004  6.236739789114667E-004 
-4.202862518071236E-004  6.236739789114666E-004 -3.370577745000309E-004
      </IFC>
    </s_s1_m1_m2_m3.1.1.4.3.4>
    <s_s1_m1_m2_m3.1.1.1.4.4>
      <IFC type="real" size="9" columns="3">
-3.370577745000353E-004  4.202862518071220E-004 -6.236739789114731E-004 
 2.732734154861441E-004  1.188050028386699E-005 -2.732734154861445E-004 
-6.236739789114731E-004 -4.202862518071225E-004 -3.370577745000439E-004
      </IFC>
    </s_s1_m1_m2_m3.1.1.1.4.4>
    <s_s1_m1_m2_m3.1.1.2.4.4>
      <IFC type="real" size="9" columns="3">
-4.599152544606374E-004  1.843143693225358E-018  3.035766082959412E-018 
 1.843143693225358E-018 -2.019099236042696E-004 -4.336808689942018E-019 
 3.035766082959412E-018 -5.421010862427522E-019 -4.599152544606318E-004
      </IFC>
    </s_s1_m1_m2_m3.1.1.2.4.4>
    <s_s1_m1_m2_m3.1.1.3.4.4>
      <IFC type="real" size="9" columns="3">
-3.370577745000283E-004 -4.202862518071259E-004 -6.236739789114685E-004 
-2.732734154861482E-004  1.188050028386872E-005  2.732734154861451E-004 
-6.236739789114685E-004  4.202862518071228E-004 -3.370577745000318E-004
      </IFC>
    </s_s1_m1_m2_m3.1.1.3.4.4>
    <s_s1_m1_m2_m3.1.1.4.4.4>
      <IFC type="real" size="9" columns="3">
-2.144357276768821E-004  1.084202172485504E-019  2.602085213965211E-018 
 1.084202172485504E-019 -2.144357276768795E-004 -1.788933584601082E-018 
 2.602085213965211E-018 -1.734723475976807E-018 -2.144357276768799E-004
      </IFC>
    </s_s1_m1_m2_m3.1.1.4.4.4>
    <s_s1_m1_m2_m3.1.2.1.1.1>
      <IFC type="real" size="9" columns="3">
-6.119551506957693E-002 -3.866416582963166E-002 -3.866416582963166E-002 
-3.866416582963166E-002 -6.119551506957693E-002 -3.866416582963166E-002 
-3.866416582963166E-002 -3.866416582963166E-002 -6.119551506957694E-002
      </IFC>
    </s_s1_m1_m2_m3.1.2.1.1.1>
    <s_s1_m1_m2_m3.1.2.2.1.1>
      <IFC type="real" size="9" columns="3">
 1.396445410420448E-004  6.225802476452402E-004 -6.225802476452404E-004 
 6.225802476452404E-004  6.867493547918157E-004  8.801792918103793E-004 
-6.225802476452407E-004  8.801792918103793E-004  6.867493547918139E-004
      </IFC>
    </s_s1_m1_m2_m3.1.2.2.1.1>
    <s_s1_m1_m2_m3.1.2.3.1.1>
      <IFC type="real" size="9" columns="3">
-4.079949334262999E-005  4.205134258461228E-004 -1.975809955085101E-004 
 4.205134258461249E-004  3.623345216927710E-004  4.205134258461202E-004 
-1.975809955085112E-004  4.205134258461210E-004 -4.079949334263053E-005
      </IFC>
    </s_s1_m1_m2_m3.1.2.3.1.1>
    <s_s1_m1_m2_m3.1.2.4.1.1>
      <IFC type="real" size="9" columns="3">
 6.867493547918157E-004  8.801792918103780E-004 -6.225802476452380E-004 
 8.801792918103773E-004  6.867493547918139E-004  6.225802476452396E-004 
-6.225802476452383E-004  6.225802476452385E-004  1.396445410420395E-004
      </IFC>
    </s_s1_m1_m2_m3.1.2.4.1.1>
    <s_s1_m1_m2_m3.1.2.1.2.1>
      <IFC type="real" size="9" columns="3">
-6.119551506957694E-002  3.866416582963166E-002  3.866416582963167E-002 
 3.866416582963166E-002 -6.119551506957694E-002 -3.866416582963166E-002 
 3.866416582963166E-002 -3.866416582963166E-002 -6.119551506957694E-002
      </IFC>
    </s_s1_m1_m2_m3.1.2.1.2.1>
    <s_s1_m1_m2_m3.1.2.2.2.1>
      <IFC type="real" size="9" columns="3">
-3.657814482132741E-004 -8.853200401624107E-004  2.088123075159928E-004 
-8.853200401624133E-004 -4.602010091155593E-003  8.853200401624157E-004 
 2.088123075159923E-004  8.853200401624166E-004 -3.657814482132772E-004
      </IFC>
    </s_s1_m1_m2_m3.1.2.2.2.1>
    <s_s1_m1_m2_m3.1.2.3.2.1>
      <IFC type="real" size="9" columns="3">
-3.657814482132755E-004  8.853200401624156E-004  2.088123075159946E-004 
 8.853200401624146E-004 -4.602010091155589E-003 -8.853200401624185E-004 
 2.088123075159949E-004 -8.853200401624153E-004 -3.657814482132764E-004
      </IFC>
    </s_s1_m1_m2_m3.1.2.3.2.1>
    <s_s1_m1_m2_m3.1.2.4.2.1>
      <IFC type="real" size="9" columns="3">
-6.119551506957694E-002 -3.866416582963166E-002  3.866416582963167E-002 
-3.866416582963166E-002 -6.119551506957694E-002  3.866416582963166E-002 
 3.866416582963166E-002  3.866416582963166E-002 -6.119551506957693E-002
      </IFC>
    </s_s1_m1_m2_m3.1.2.4.2.1>
    <s_s1_m1_m2_m3.1.2.1.3.1>
      <IFC type="real" size="9" columns="3">
-4.602010091155591E-003 -8.853200401624170E-004 -8.853200401624161E-004 
-8.853200401624153E-004 -3.657814482132728E-004 -2.088123075159945E-004 
-8.853200401624153E-004 -2.088123075159936E-004 -3.657814482132746E-004
      </IFC>
    </s_s1_m1_m2_m3.1.2.1.3.1>
    <s_s1_m1_m2_m3.1.2.2.3.1>
      <IFC type="real" size="9" columns="3">
 1.687187793242953E-004  5.159730887887372E-004 -5.159730887887371E-004 
 5.159730887887372E-004  1.687187793242939E-004  5.159730887887371E-004 
-5.159730887887364E-004  5.159730887887371E-004  1.687187793242944E-004
      </IFC>
    </s_s1_m1_m2_m3.1.2.2.3.1>
    <s_s1_m1_m2_m3.1.2.3.3.1>
      <IFC type="real" size="9" columns="3">
-3.657814482132727E-004 -2.088123075159932E-004 -8.853200401624137E-004 
-2.088123075159910E-004 -3.657814482132694E-004 -8.853200401624187E-004 
-8.853200401624161E-004 -8.853200401624179E-004 -4.602010091155592E-003
      </IFC>
    </s_s1_m1_m2_m3.1.2.3.3.1>
    <s_s1_m1_m2_m3.1.2.4.3.1>
      <IFC type="real" size="9" columns="3">
 6.867493547918165E-004  6.225802476452413E-004 -8.801792918103786E-004 
 6.225802476452402E-004  1.396445410420428E-004  6.225802476452413E-004 
-8.801792918103793E-004  6.225802476452407E-004  6.867493547918120E-004
      </IFC>
    </s_s1_m1_m2_m3.1.2.4.3.1>
    <s_s1_m1_m2_m3.1.2.1.4.1>
      <IFC type="real" size="9" columns="3">
-4.602010091155584E-003  8.853200401624143E-004  8.853200401624178E-004 
 8.853200401624127E-004 -3.657814482132737E-004 -2.088123075159949E-004 
 8.853200401624196E-004 -2.088123075159958E-004 -3.657814482132783E-004
      </IFC>
    </s_s1_m1_m2_m3.1.2.1.4.1>
    <s_s1_m1_m2_m3.1.2.2.4.1>
      <IFC type="real" size="9" columns="3">
-3.657814482132715E-004 -2.088123075159912E-004  8.853200401624179E-004 
-2.088123075159904E-004 -3.657814482132748E-004  8.853200401624153E-004 
 8.853200401624170E-004  8.853200401624144E-004 -4.602010091155588E-003
      </IFC>
    </s_s1_m1_m2_m3.1.2.2.4.1>
    <s_s1_m1_m2_m3.1.2.3.4.1>
      <IFC type="real" size="9" columns="3">
-4.079949334262397E-005  1.975809955085123E-004 -4.205134258461202E-004 
 1.975809955085133E-004 -4.079949334262489E-005  4.205134258461189E-004 
-4.205134258461205E-004  4.205134258461183E-004  3.623345216927763E-004
      </IFC>
    </s_s1_m1_m2_m3.1.2.3.4.1>
    <s_s1_m1_m2_m3.1.2.4.4.1>
      <IFC type="real" size="9" columns="3">
 3.623345216927721E-004  4.205134258461231E-004 -4.205134258461213E-004 
 4.205134258461240E-004 -4.079949334263085E-005  1.975809955085082E-004 
-4.205134258461213E-004  1.975809955085100E-004 -4.079949334262565E-005
      </IFC>
    </s_s1_m1_m2_m3.1.2.4.4.1>
    <s_s1_m1_m2_m3.1.2.1.1.2>
      <IFC type="real" size="9" columns="3">
 1.396445410420440E-004 -6.225802476452396E-004  6.225802476452400E-004 
-6.225802476452374E-004  6.867493547918161E-004  8.801792918103771E-004 
 6.225802476452383E-004  8.801792918103762E-004  6.867493547918087E-004
      </IFC>
    </s_s1_m1_m2_m3.1.2.1.1.2>
    <s_s1_m1_m2_m3.1.2.2.1.2>
      <IFC type="real" size="9" columns="3">
 1.254120060157333E-004  1.844726334470156E-005  1.844726334470270E-005 
 1.844726334470232E-005  3.041019314105735E-004  5.747922708047301E-005 
 1.844726334470042E-005  5.747922708047306E-005  3.041019314105760E-004
      </IFC>
    </s_s1_m1_m2_m3.1.2.2.1.2>
    <s_s1_m1_m2_m3.1.2.3.1.2>
      <IFC type="real" size="9" columns="3">
 3.041019314105786E-004  5.747922708047512E-005  1.844726334470476E-005 
 5.747922708047555E-005  3.041019314105817E-004  1.844726334470064E-005 
 1.844726334470389E-005  1.844726334470042E-005  1.254120060157377E-004
      </IFC>
    </s_s1_m1_m2_m3.1.2.3.1.2>
    <s_s1_m1_m2_m3.1.2.4.1.2>
      <IFC type="real" size="9" columns="3">
 6.867493547918146E-004  8.801792918103773E-004  6.225802476452429E-004 
 8.801792918103782E-004  6.867493547918147E-004 -6.225802476452387E-004 
 6.225802476452426E-004 -6.225802476452412E-004  1.396445410420389E-004
      </IFC>
    </s_s1_m1_m2_m3.1.2.4.1.2>
    <s_s1_m1_m2_m3.1.2.1.2.2>
      <IFC type="real" size="9" columns="3">
-3.657814482132746E-004  2.088123075159945E-004 -8.853200401624135E-004 
 2.088123075159945E-004 -3.657814482132815E-004  8.853200401624170E-004 
-8.853200401624170E-004  8.853200401624170E-004 -4.602010091155594E-003
      </IFC>
    </s_s1_m1_m2_m3.1.2.1.2.2>
    <s_s1_m1_m2_m3.1.2.2.2.2>
      <IFC type="real" size="9" columns="3">
 1.687187793242906E-004 -5.159730887887338E-004 -5.159730887887345E-004 
-5.159730887887343E-004  1.687187793242896E-004 -5.159730887887362E-004 
-5.159730887887345E-004 -5.159730887887373E-004  1.687187793242891E-004
      </IFC>
    </s_s1_m1_m2_m3.1.2.2.2.2>
    <s_s1_m1_m2_m3.1.2.3.2.2>
      <IFC type="real" size="9" columns="3">
-4.602010091155590E-003  8.853200401624149E-004 -8.853200401624146E-004 
 8.853200401624155E-004 -3.657814482132746E-004  2.088123075159955E-004 
-8.853200401624163E-004  2.088123075159938E-004 -3.657814482132787E-004
      </IFC>
    </s_s1_m1_m2_m3.1.2.3.2.2>
    <s_s1_m1_m2_m3.1.2.4.2.2>
      <IFC type="real" size="9" columns="3">
 6.867493547918166E-004 -6.225802476452371E-004 -8.801792918103795E-004 
-6.225802476452377E-004  1.396445410420415E-004 -6.225802476452386E-004 
-8.801792918103780E-004 -6.225802476452404E-004  6.867493547918188E-004
      </IFC>
    </s_s1_m1_m2_m3.1.2.4.2.2>
    <s_s1_m1_m2_m3.1.2.1.3.2>
      <IFC type="real" size="9" columns="3">
 1.687187793242917E-004 -5.159730887887353E-004  5.159730887887375E-004 
-5.159730887887349E-004  1.687187793242961E-004  5.159730887887362E-004 
 5.159730887887384E-004  5.159730887887345E-004  1.687187793242913E-004
      </IFC>
    </s_s1_m1_m2_m3.1.2.1.3.2>
    <s_s1_m1_m2_m3.1.2.2.3.2>
      <IFC type="real" size="9" columns="3">
 1.687187793242929E-004  5.159730887887365E-004  5.159730887887396E-004 
 5.159730887887378E-004  1.687187793242929E-004 -5.159730887887351E-004 
 5.159730887887379E-004 -5.159730887887378E-004  1.687187793242921E-004
      </IFC>
    </s_s1_m1_m2_m3.1.2.2.3.2>
    <s_s1_m1_m2_m3.1.2.3.3.2>
      <IFC type="real" size="9" columns="3">
 3.041019314105773E-004 -1.844726334470238E-005 -5.747922708047404E-005 
-1.844726334470108E-005  1.254120060157405E-004  1.844726334470324E-005 
-5.747922708047490E-005  1.844726334470216E-005  3.041019314105736E-004
      </IFC>
    </s_s1_m1_m2_m3.1.2.3.3.2>
    <s_s1_m1_m2_m3.1.2.4.3.2>
      <IFC type="real" size="9" columns="3">
 3.041019314105748E-004  1.844726334470319E-005 -5.747922708047306E-005 
 1.844726334470265E-005  1.254120060157328E-004 -1.844726334470091E-005 
-5.747922708047404E-005 -1.844726334470314E-005  3.041019314105744E-004
      </IFC>
    </s_s1_m1_m2_m3.1.2.4.3.2>
    <s_s1_m1_m2_m3.1.2.1.4.2>
      <IFC type="real" size="9" columns="3">
-3.657814482132752E-004  8.853200401624110E-004 -2.088123075159920E-004 
 8.853200401624118E-004 -4.602010091155588E-003  8.853200401624157E-004 
-2.088123075159954E-004  8.853200401624131E-004 -3.657814482132822E-004
      </IFC>
    </s_s1_m1_m2_m3.1.2.1.4.2>
    <s_s1_m1_m2_m3.1.2.2.4.2>
      <IFC type="real" size="9" columns="3">
 1.254120060157372E-004 -1.844726334470010E-005 -1.844726334470135E-005 
-1.844726334470010E-005  3.041019314105751E-004  5.747922708047480E-005 
-1.844726334470178E-005  5.747922708047377E-005  3.041019314105792E-004
      </IFC>
    </s_s1_m1_m2_m3.1.2.2.4.2>
    <s_s1_m1_m2_m3.1.2.3.4.2>
      <IFC type="real" size="9" columns="3">
 2.537762161286995E-004  2.422641592768725E-005 -2.422641592768571E-005 
 2.422641592768666E-005  2.537762161286967E-004  2.422641592768495E-005 
-2.422641592768755E-005  2.422641592768538E-005  2.537762161286997E-004
      </IFC>
    </s_s1_m1_m2_m3.1.2.3.4.2>
    <s_s1_m1_m2_m3.1.2.4.4.2>
      <IFC type="real" size="9" columns="3">
 3.041019314105773E-004  5.747922708047620E-005 -1.844726334470243E-005 
 5.747922708047469E-005  3.041019314105747E-004 -1.844726334470520E-005 
-1.844726334470265E-005 -1.844726334470612E-005  1.254120060157403E-004
      </IFC>
    </s_s1_m1_m2_m3.1.2.4.4.2>
    <s_s1_m1_m2_m3.1.2.1.1.3>
      <IFC type="real" size="9" columns="3">
-4.079949334263519E-005 -1.975809955085082E-004  4.205134258461300E-004 
-1.975809955085048E-004 -4.079949334262825E-005  4.205134258461231E-004 
 4.205134258461266E-004  4.205134258461266E-004  3.623345216927712E-004
      </IFC>
    </s_s1_m1_m2_m3.1.2.1.1.3>
    <s_s1_m1_m2_m3.1.2.2.1.3>
      <IFC type="real" size="9" columns="3">
 3.041019314105767E-004  1.844726334470232E-005  5.747922708047604E-005 
 1.844726334470286E-005  1.254120060157378E-004  1.844726334470438E-005 
 5.747922708047550E-005  1.844726334470362E-005  3.041019314105787E-004
      </IFC>
    </s_s1_m1_m2_m3.1.2.2.1.3>
    <s_s1_m1_m2_m3.1.2.3.1.3>
      <IFC type="real" size="9" columns="3">
 3.623345216927716E-004  4.205134258461234E-004  4.205134258461224E-004 
 4.205134258461260E-004 -4.079949334262462E-005 -1.975809955085127E-004 
 4.205134258461213E-004 -1.975809955085131E-004 -4.079949334262684E-005
      </IFC>
    </s_s1_m1_m2_m3.1.2.3.1.3>
    <s_s1_m1_m2_m3.1.2.4.1.3>
      <IFC type="real" size="9" columns="3">
 2.313484592110594E-004  4.062746160289686E-007 -4.062746160294023E-007 
 4.062746160299444E-007  2.313484592110607E-004  4.062746160295107E-007 
-4.062746160295107E-007  4.062746160285349E-007  2.313484592110615E-004
      </IFC>
    </s_s1_m1_m2_m3.1.2.4.1.3>
    <s_s1_m1_m2_m3.1.2.1.2.3>
      <IFC type="real" size="9" columns="3">
-3.657814482132746E-004  2.088123075159945E-004  8.853200401624205E-004 
 2.088123075159980E-004 -3.657814482132746E-004 -8.853200401624170E-004 
 8.853200401624170E-004 -8.853200401624170E-004 -4.602010091155594E-003
      </IFC>
    </s_s1_m1_m2_m3.1.2.1.2.3>
    <s_s1_m1_m2_m3.1.2.2.2.3>
      <IFC type="real" size="9" columns="3">
-4.602010091155590E-003 -8.853200401624137E-004  8.853200401624200E-004 
-8.853200401624120E-004 -3.657814482132754E-004  2.088123075159967E-004 
 8.853200401624192E-004  2.088123075159949E-004 -3.657814482132733E-004
      </IFC>
    </s_s1_m1_m2_m3.1.2.2.2.3>
    <s_s1_m1_m2_m3.1.2.3.2.3>
      <IFC type="real" size="9" columns="3">
 3.623345216927739E-004 -4.205134258461228E-004 -4.205134258461195E-004 
-4.205134258461242E-004 -4.079949334262391E-005 -1.975809955085132E-004 
-4.205134258461196E-004 -1.975809955085130E-004 -4.079949334262172E-005
      </IFC>
    </s_s1_m1_m2_m3.1.2.3.2.3>
    <s_s1_m1_m2_m3.1.2.4.2.3>
      <IFC type="real" size="9" columns="3">
-4.079949334263172E-005 -1.975809955085117E-004 -4.205134258461231E-004 
-1.975809955085117E-004 -4.079949334263172E-005 -4.205134258461266E-004 
-4.205134258461196E-004 -4.205134258461231E-004  3.623345216927747E-004
      </IFC>
    </s_s1_m1_m2_m3.1.2.4.2.3>
    <s_s1_m1_m2_m3.1.2.1.3.3>
      <IFC type="real" size="9" columns="3">
-3.657814482132754E-004 -8.853200401624170E-004 -2.088123075159919E-004 
-8.853200401624118E-004 -4.602010091155581E-003 -8.853200401624170E-004 
-2.088123075159945E-004 -8.853200401624179E-004 -3.657814482132746E-004
      </IFC>
    </s_s1_m1_m2_m3.1.2.1.3.3>
    <s_s1_m1_m2_m3.1.2.2.3.3>
      <IFC type="real" size="9" columns="3">
 3.041019314105763E-004 -5.747922708047423E-005 -1.844726334470243E-005 
-5.747922708047298E-005  3.041019314105761E-004  1.844726334470514E-005 
-1.844726334470232E-005  1.844726334470417E-005  1.254120060157409E-004
      </IFC>
    </s_s1_m1_m2_m3.1.2.2.3.3>
    <s_s1_m1_m2_m3.1.2.3.3.3>
      <IFC type="real" size="9" columns="3">
 2.537762161286976E-004 -2.422641592768554E-005 -2.422641592768571E-005 
-2.422641592768381E-005  2.537762161286982E-004 -2.422641592768641E-005 
-2.422641592768636E-005 -2.422641592768679E-005  2.537762161286977E-004
      </IFC>
    </s_s1_m1_m2_m3.1.2.3.3.3>
    <s_s1_m1_m2_m3.1.2.4.3.3>
      <IFC type="real" size="9" columns="3">
 1.254120060157363E-004  1.844726334470438E-005 -1.844726334470135E-005 
 1.844726334470514E-005  3.041019314105749E-004 -5.747922708047192E-005 
-1.844726334470211E-005 -5.747922708047268E-005  3.041019314105758E-004
      </IFC>
    </s_s1_m1_m2_m3.1.2.4.3.3>
    <s_s1_m1_m2_m3.1.2.1.4.3>
      <IFC type="real" size="9" columns="3">
-4.079949334262565E-005 -4.205134258461258E-004  1.975809955085107E-004 
-4.205134258461240E-004  3.623345216927755E-004  4.205134258461192E-004 
 1.975809955085108E-004  4.205134258461218E-004 -4.079949334262329E-005
      </IFC>
    </s_s1_m1_m2_m3.1.2.1.4.3>
    <s_s1_m1_m2_m3.1.2.2.4.3>
      <IFC type="real" size="9" columns="3">
 2.537762161286959E-004 -2.422641592768489E-005  2.422641592768728E-005 
-2.422641592768489E-005  2.537762161286935E-004  2.422641592768598E-005 
 2.422641592768598E-005  2.422641592768598E-005  2.537762161287016E-004
      </IFC>
    </s_s1_m1_m2_m3.1.2.2.4.3>
    <s_s1_m1_m2_m3.1.2.3.4.3>
