<?xml version="1.0"?>
<?iotk version="1.2.0"?>
<?iotk file_version="1.0"?>
<?iotk binary="F"?>
<?iotk qe_syntax="F"?>
<Root>
  <GEOMETRY_INFO>
    <NUMBER_OF_TYPES type="integer" size="1">
         1
    </NUMBER_OF_TYPES>
    <NUMBER_OF_ATOMS type="integer" size="1">
         2
    </NUMBER_OF_ATOMS>
    <BRAVAIS_LATTICE_INDEX type="integer" size="1">
         2
    </BRAVAIS_LATTICE_INDEX>
    <SPIN_COMPONENTS type="integer" size="1">
         1
    </SPIN_COMPONENTS>
    <CELL_DIMENSIONS type="real" size="6">
 1.005000000000000E+001
 0.000000000000000E+000
 0.000000000000000E+000
 0.000000000000000E+000
 0.000000000000000E+000
 0.000000000000000E+000
    </CELL_DIMENSIONS>
    <AT type="real" size="9" columns="3">
-4.999999999999998E-001  0.000000000000000E+000  4.999999999999998E-001 
 0.000000000000000E+000  4.999999999999998E-001  4.999999999999998E-001 
-4.999999999999998E-001  4.999999999999998E-001  0.000000000000000E+000
    </AT>
    <BG type="real" size="9" columns="3">
-1.000000000000000E+000 -1.000000000000000E+000  1.000000000000000E+000 
 1.000000000000000E+000  1.000000000000000E+000  1.000000000000000E+000 
-1.000000000000000E+000  1.000000000000000E+000 -1.000000000000000E+000
    </BG>
    <UNIT_CELL_VOLUME_AU type="real" size="1">
 2.537687812499998E+002
    </UNIT_CELL_VOLUME_AU>
    <TYPE_NAME.1 type="character" size="1" len="3">
Si 
    </TYPE_NAME.1>
    <MASS.1 type="real" size="1">
 2.808600000000000E+001
    </MASS.1>
    <ATOM.1 SPECIES="Si " INDEX="1" TAU="0.000000000000000E+000 0.000000000000000E+000 0.000000000000000E+000"/>
    <ATOM.2 SPECIES="Si " INDEX="1" TAU="2.500000000000000E-001 2.500000000000000E-001 2.500000000000000E-001"/>
    <NUMBER_OF_Q type="integer" size="1">
         6
    </NUMBER_OF_Q>
  </GEOMETRY_INFO>
  <DIELECTRIC_PROPERTIES>
    <EPSILON type="real" size="9" columns="3">
 1.363562473252475E+001 -1.776356839400250E-015 -1.776356839400250E-015 
-8.881784197001252E-016  1.363562473252475E+001 -2.664535259100376E-015 
 0.000000000000000E+000 -1.776356839400250E-015  1.363562473252475E+001
    </EPSILON>
    <ZSTAR>
      <Z_AT_.1 type="real" size="9" columns="3">
-6.661338147750939E-015 -3.996802888650564E-015 -1.332267629550188E-015 
-3.330669073875470E-015 -6.217248937900877E-015  2.886579864025407E-015 
-1.776356839400250E-015  2.664535259100376E-015 -6.661338147750939E-015
      </Z_AT_.1>
      <Z_AT_.2 type="real" size="9" columns="3">
 6.661338147750939E-015  3.996802888650564E-015  1.332267629550188E-015 
 3.330669073875470E-015  6.217248937900877E-015 -2.886579864025407E-015 
 1.776356839400250E-015 -2.664535259100376E-015  6.661338147750939E-015
      </Z_AT_.2>
    </ZSTAR>
  </DIELECTRIC_PROPERTIES>
  <INTERATOMIC_FORCE_CONSTANTS>
    <MESH_NQ1_NQ2_NQ3 type="integer" size="3" columns="3">
         4          4          4
    </MESH_NQ1_NQ2_NQ3>
    <s_s1_m1_m2_m3.1.1.1.1.1>
      <IFC type="real" size="9" columns="3">
 3.010701081798539E-001  4.445228907190568E-018  4.336808689942018E-018 
 4.445228907190568E-018  3.010701081798539E-001 -6.003769530138481E-018 
 4.336808689942018E-018 -6.003769530138481E-018  3.010701081798539E-001
      </IFC>
    </s_s1_m1_m2_m3.1.1.1.1.1>
    <s_s1_m1_m2_m3.1.1.2.1.1>
      <IFC type="real" size="9" columns="3">
-4.257452534322631E-003 -2.208025835537549E-003  4.441921847812292E-003 
 2.208025835537537E-003  9.338201664019379E-003 -2.208025835537536E-003 
 4.441921847812291E-003  2.208025835537549E-003 -4.257452534322636E-003
      </IFC>
    </s_s1_m1_m2_m3.1.1.2.1.1>
    <s_s1_m1_m2_m3.1.1.3.1.1>
      <IFC type="real" size="9" columns="3">
-3.613473695873726E-006  5.759824041329242E-018  6.653284122043415E-004 
 5.759824041329242E-018  4.035291740144472E-003 -1.626303258728257E-018 
 6.653284122043415E-004 -1.626303258728257E-018 -3.613473695887603E-006
      </IFC>
    </s_s1_m1_m2_m3.1.1.3.1.1>
    <s_s1_m1_m2_m3.1.1.4.1.1>
      <IFC type="real" size="9" columns="3">
-4.257452534322631E-003  2.208025835537537E-003  4.441921847812291E-003 
-2.208025835537549E-003  9.338201664019379E-003  2.208025835537549E-003 
 4.441921847812292E-003 -2.208025835537536E-003 -4.257452534322636E-003
      </IFC>
    </s_s1_m1_m2_m3.1.1.4.1.1>
    <s_s1_m1_m2_m3.1.1.1.2.1>
      <IFC type="real" size="9" columns="3">
 9.338201664019379E-003  2.208025835537536E-003  2.208025835537538E-003 
-2.208025835537549E-003 -4.257452534322633E-003 -4.441921847812289E-003 
-2.208025835537548E-003 -4.441921847812289E-003 -4.257452534322626E-003
      </IFC>
    </s_s1_m1_m2_m3.1.1.1.2.1>
    <s_s1_m1_m2_m3.1.1.2.2.1>
      <IFC type="real" size="9" columns="3">
-3.831270144466700E-004 -6.240218303151732E-004  2.331699592316245E-004 
-6.240218303151732E-004 -3.831270144466709E-004 -2.331699592316242E-004 
 4.221026363322919E-004 -4.221026363322916E-004  3.782582876730740E-005
      </IFC>
    </s_s1_m1_m2_m3.1.1.2.2.1>
    <s_s1_m1_m2_m3.1.1.3.2.1>
      <IFC type="real" size="9" columns="3">
 3.782582876731347E-005 -4.221026363322967E-004  4.221026363322932E-004 
-2.331699592316293E-004 -3.831270144466752E-004 -6.240218303151782E-004 
 2.331699592316258E-004 -6.240218303151782E-004 -3.831270144466770E-004
      </IFC>
    </s_s1_m1_m2_m3.1.1.3.2.1>
    <s_s1_m1_m2_m3.1.1.4.2.1>
      <IFC type="real" size="9" columns="3">
-4.257452534322642E-003 -4.441921847812286E-003 -2.208025835537540E-003 
-4.441921847812286E-003 -4.257452534322632E-003 -2.208025835537545E-003 
 2.208025835537546E-003  2.208025835537541E-003  9.338201664019392E-003
      </IFC>
    </s_s1_m1_m2_m3.1.1.4.2.1>
    <s_s1_m1_m2_m3.1.1.1.3.1>
      <IFC type="real" size="9" columns="3">
 4.035291740144456E-003  4.675621868843738E-018  4.336808689942018E-018 
 4.675621868843738E-018 -3.613473695859848E-006 -6.653284122043427E-004 
 4.336808689942018E-018 -6.653284122043427E-004 -3.613473695887603E-006
      </IFC>
    </s_s1_m1_m2_m3.1.1.1.3.1>
    <s_s1_m1_m2_m3.1.1.2.3.1>
      <IFC type="real" size="9" columns="3">
-3.831270144466778E-004 -2.331699592316285E-004  6.240218303151756E-004 
-4.221026363322958E-004  3.782582876731347E-005 -4.221026363322945E-004 
 6.240218303151756E-004 -2.331699592316269E-004 -3.831270144466761E-004
      </IFC>
    </s_s1_m1_m2_m3.1.1.2.3.1>
    <s_s1_m1_m2_m3.1.1.3.3.1>
      <IFC type="real" size="9" columns="3">
-3.613473695887603E-006 -6.653284122043421E-004 -1.870248747537495E-018 
-6.653284122043421E-004 -3.613473695885869E-006 -4.458781434346637E-018 
-1.870248747537495E-018 -4.458781434346637E-018  4.035291740144449E-003
      </IFC>
    </s_s1_m1_m2_m3.1.1.3.3.1>
    <s_s1_m1_m2_m3.1.1.4.3.1>
      <IFC type="real" size="9" columns="3">
-3.831270144466778E-004 -4.221026363322958E-004  6.240218303151756E-004 
-2.331699592316285E-004  3.782582876731347E-005 -2.331699592316269E-004 
 6.240218303151756E-004 -4.221026363322945E-004 -3.831270144466761E-004
      </IFC>
    </s_s1_m1_m2_m3.1.1.4.3.1>
    <s_s1_m1_m2_m3.1.1.1.4.1>
      <IFC type="real" size="9" columns="3">
 9.338201664019379E-003 -2.208025835537549E-003 -2.208025835537548E-003 
 2.208025835537536E-003 -4.257452534322633E-003 -4.441921847812289E-003 
 2.208025835537538E-003 -4.441921847812289E-003 -4.257452534322626E-003
      </IFC>
    </s_s1_m1_m2_m3.1.1.1.4.1>
    <s_s1_m1_m2_m3.1.1.2.4.1>
      <IFC type="real" size="9" columns="3">
-4.257452534322642E-003 -4.441921847812286E-003  2.208025835537546E-003 
-4.441921847812286E-003 -4.257452534322632E-003  2.208025835537541E-003 
-2.208025835537540E-003 -2.208025835537545E-003  9.338201664019392E-003
      </IFC>
    </s_s1_m1_m2_m3.1.1.2.4.1>
    <s_s1_m1_m2_m3.1.1.3.4.1>
      <IFC type="real" size="9" columns="3">
 3.782582876731347E-005 -2.331699592316293E-004  2.331699592316258E-004 
-4.221026363322967E-004 -3.831270144466752E-004 -6.240218303151782E-004 
 4.221026363322932E-004 -6.240218303151782E-004 -3.831270144466770E-004
      </IFC>
    </s_s1_m1_m2_m3.1.1.3.4.1>
    <s_s1_m1_m2_m3.1.1.4.4.1>
      <IFC type="real" size="9" columns="3">
-3.831270144466700E-004 -6.240218303151732E-004  4.221026363322919E-004 
-6.240218303151732E-004 -3.831270144466709E-004 -4.221026363322916E-004 
 2.331699592316245E-004 -2.331699592316242E-004  3.782582876730740E-005
      </IFC>
    </s_s1_m1_m2_m3.1.1.4.4.1>
    <s_s1_m1_m2_m3.1.1.1.1.2>
      <IFC type="real" size="9" columns="3">
-4.257452534322637E-003  4.441921847812289E-003 -2.208025835537546E-003 
 4.441921847812289E-003 -4.257452534322637E-003  2.208025835537550E-003 
 2.208025835537540E-003 -2.208025835537536E-003  9.338201664019385E-003
      </IFC>
    </s_s1_m1_m2_m3.1.1.1.1.2>
    <s_s1_m1_m2_m3.1.1.2.1.2>
      <IFC type="real" size="9" columns="3">
 3.782582876730826E-005  4.221026363322947E-004  4.221026363322938E-004 
 2.331699592316274E-004 -3.831270144466657E-004  6.240218303151729E-004 
 2.331699592316265E-004  6.240218303151729E-004 -3.831270144466657E-004
      </IFC>
    </s_s1_m1_m2_m3.1.1.2.1.2>
    <s_s1_m1_m2_m3.1.1.3.1.2>
      <IFC type="real" size="9" columns="3">
-3.831270144466666E-004  6.240218303151762E-004  2.331699592316275E-004 
 6.240218303151762E-004 -3.831270144466700E-004  2.331699592316256E-004 
 4.221026363322948E-004  4.221026363322930E-004  3.782582876732388E-005
      </IFC>
    </s_s1_m1_m2_m3.1.1.3.1.2>
    <s_s1_m1_m2_m3.1.1.4.1.2>
      <IFC type="real" size="9" columns="3">
 9.338201664019392E-003 -2.208025835537541E-003  2.208025835537549E-003 
 2.208025835537545E-003 -4.257452534322631E-003  4.441921847812285E-003 
-2.208025835537537E-003  4.441921847812285E-003 -4.257452534322629E-003
      </IFC>
    </s_s1_m1_m2_m3.1.1.4.1.2>
    <s_s1_m1_m2_m3.1.1.1.2.2>
      <IFC type="real" size="9" columns="3">
-3.831270144466700E-004  2.331699592316252E-004 -6.240218303151680E-004 
 4.221026363322926E-004  3.782582876731000E-005 -4.221026363322882E-004 
-6.240218303151680E-004 -2.331699592316209E-004 -3.831270144466700E-004
      </IFC>
    </s_s1_m1_m2_m3.1.1.1.2.2>
    <s_s1_m1_m2_m3.1.1.2.2.2>
      <IFC type="real" size="9" columns="3">
-2.673708953955549E-004 -1.246832498358330E-018  3.469446951953614E-018 
-1.246832498358330E-018 -2.673708953955575E-004  1.246832498358330E-018 
 3.469446951953614E-018  1.246832498358330E-018 -2.673708953955583E-004
      </IFC>
    </s_s1_m1_m2_m3.1.1.2.2.2>
    <s_s1_m1_m2_m3.1.1.3.2.2>
      <IFC type="real" size="9" columns="3">
-3.831270144466666E-004 -2.331699592316310E-004 -6.240218303151667E-004 
-4.221026363322984E-004  3.782582876731347E-005  4.221026363322959E-004 
-6.240218303151668E-004  2.331699592316285E-004 -3.831270144466666E-004
      </IFC>
    </s_s1_m1_m2_m3.1.1.3.2.2>
    <s_s1_m1_m2_m3.1.1.4.2.2>
      <IFC type="real" size="9" columns="3">
-4.631868443612268E-004  3.903127820947816E-018  5.583641188300348E-018 
 3.903127820947816E-018 -2.437833262312217E-004 -6.234162491791650E-018 
 5.583641188300348E-018 -6.234162491791650E-018 -4.631868443612233E-004
      </IFC>
    </s_s1_m1_m2_m3.1.1.4.2.2>
    <s_s1_m1_m2_m3.1.1.1.3.2>
      <IFC type="real" size="9" columns="3">
-3.831270144466631E-004  6.240218303151764E-004 -2.331699592316294E-004 
 6.240218303151764E-004 -3.831270144466770E-004 -2.331699592316275E-004 
-4.221026363322968E-004 -4.221026363322948E-004  3.782582876731694E-005
      </IFC>
    </s_s1_m1_m2_m3.1.1.1.3.2>
    <s_s1_m1_m2_m3.1.1.2.3.2>
      <IFC type="real" size="9" columns="3">
 3.782582876731347E-005 -4.221026363322951E-004 -4.221026363322973E-004 
-2.331699592316277E-004 -3.831270144466640E-004  6.240218303151684E-004 
-2.331699592316299E-004  6.240218303151684E-004 -3.831270144466726E-004
      </IFC>
    </s_s1_m1_m2_m3.1.1.2.3.2>
    <s_s1_m1_m2_m3.1.1.3.3.2>
      <IFC type="real" size="9" columns="3">
-2.306491082445759E-004  4.592591205163451E-006 -2.243068256751316E-005 
 4.592591205163451E-006 -2.306491082445725E-004  2.243068256751344E-005 
 2.243068256751777E-005 -2.243068256751748E-005 -2.598940095210750E-004
      </IFC>
    </s_s1_m1_m2_m3.1.1.3.3.2>
    <s_s1_m1_m2_m3.1.1.4.3.2>
      <IFC type="real" size="9" columns="3">
-2.598940095210802E-004 -2.243068256752140E-005  2.243068256751115E-005 
 2.243068256750953E-005 -2.306491082445959E-004  4.592591205171068E-006 
-2.243068256751985E-005  4.592591205171122E-006 -2.306491082445994E-004
      </IFC>
    </s_s1_m1_m2_m3.1.1.4.3.2>
    <s_s1_m1_m2_m3.1.1.1.4.2>
      <IFC type="real" size="9" columns="3">
-4.257452534322637E-003  2.208025835537543E-003 -4.441921847812282E-003 
-2.208025835537543E-003  9.338201664019385E-003 -2.208025835537545E-003 
-4.441921847812282E-003  2.208025835537541E-003 -4.257452534322637E-003
      </IFC>
    </s_s1_m1_m2_m3.1.1.1.4.2>
    <s_s1_m1_m2_m3.1.1.2.4.2>
      <IFC type="real" size="9" columns="3">
-2.437833262312191E-004  5.637851296924623E-018  8.510987054011210E-018 
 5.637851296924623E-018 -4.631868443612294E-004  2.114194236346734E-018 
 8.510987054011210E-018  2.114194236346734E-018 -4.631868443612268E-004
      </IFC>
    </s_s1_m1_m2_m3.1.1.2.4.2>
    <s_s1_m1_m2_m3.1.1.3.4.2>
      <IFC type="real" size="9" columns="3">
-2.306491082445968E-004  2.243068256750625E-005 -4.592591205162286E-006 
-2.243068256752468E-005 -2.598940095210785E-004 -2.243068256750741E-005 
-4.592591205162231E-006  2.243068256752351E-005 -2.306491082445968E-004
      </IFC>
    </s_s1_m1_m2_m3.1.1.3.4.2>
    <s_s1_m1_m2_m3.1.1.4.4.2>
      <IFC type="real" size="9" columns="3">
-4.631868443612233E-004  7.426784881525705E-018  4.662069341687669E-018 
 7.426784881525705E-018 -4.631868443612259E-004 -1.897353801849633E-018 
 4.662069341687669E-018 -1.897353801849633E-018 -2.437833262312157E-004
      </IFC>
    </s_s1_m1_m2_m3.1.1.4.4.2>
    <s_s1_m1_m2_m3.1.1.1.1.3>
      <IFC type="real" size="9" columns="3">
-3.613473695873726E-006  6.653284122043345E-004  9.757819552369540E-018 
 6.653284122043345E-004 -3.613473695873726E-006 -4.973777466277252E-018 
 9.757819552369540E-018 -4.973777466277252E-018  4.035291740144442E-003
      </IFC>
    </s_s1_m1_m2_m3.1.1.1.1.3>
    <s_s1_m1_m2_m3.1.1.2.1.3>
      <IFC type="real" size="9" columns="3">
-3.831270144466674E-004  2.331699592316308E-004  6.240218303151777E-004 
 4.221026363322982E-004  3.782582876732041E-005  4.221026363322971E-004 
 6.240218303151773E-004  2.331699592316298E-004 -3.831270144466692E-004
      </IFC>
    </s_s1_m1_m2_m3.1.1.2.1.3>
    <s_s1_m1_m2_m3.1.1.3.1.3>
      <IFC type="real" size="9" columns="3">
 4.035291740144456E-003 -2.290377089375628E-018 -7.589415207398531E-019 
-2.290377089375628E-018 -3.613473695882399E-006  6.653284122043345E-004 
-7.589415207398531E-019  6.653284122043345E-004 -3.613473695880665E-006
      </IFC>
    </s_s1_m1_m2_m3.1.1.3.1.3>
    <s_s1_m1_m2_m3.1.1.4.1.3>
      <IFC type="real" size="9" columns="3">
-3.831270144466674E-004  4.221026363322982E-004  6.240218303151773E-004 
 2.331699592316308E-004  3.782582876732041E-005  2.331699592316298E-004 
 6.240218303151777E-004  4.221026363322971E-004 -3.831270144466692E-004
      </IFC>
    </s_s1_m1_m2_m3.1.1.4.1.3>
    <s_s1_m1_m2_m3.1.1.1.2.3>
      <IFC type="real" size="9" columns="3">
 3.782582876732388E-005  4.221026363322973E-004 -4.221026363322971E-004 
 2.331699592316300E-004 -3.831270144466666E-004 -6.240218303151751E-004 
-2.331699592316298E-004 -6.240218303151751E-004 -3.831270144466666E-004
      </IFC>
    </s_s1_m1_m2_m3.1.1.1.2.3>
    <s_s1_m1_m2_m3.1.1.2.2.3>
      <IFC type="real" size="9" columns="3">
-3.831270144466613E-004 -6.240218303151688E-004 -2.331699592316305E-004 
-6.240218303151688E-004 -3.831270144466622E-004  2.331699592316279E-004 
-4.221026363322978E-004  4.221026363322953E-004  3.782582876731434E-005
      </IFC>
    </s_s1_m1_m2_m3.1.1.2.2.3>
    <s_s1_m1_m2_m3.1.1.3.2.3>
      <IFC type="real" size="9" columns="3">
-2.598940095210785E-004  2.243068256751554E-005  2.243068256751801E-005 
-2.243068256751539E-005 -2.306491082445811E-004 -4.592591205162502E-006 
-2.243068256751289E-005 -4.592591205162502E-006 -2.306491082445794E-004
      </IFC>
    </s_s1_m1_m2_m3.1.1.3.2.3>
    <s_s1_m1_m2_m3.1.1.4.2.3>
      <IFC type="real" size="9" columns="3">
-2.306491082445933E-004 -4.592591205165863E-006 -2.243068256751655E-005 
-4.592591205165863E-006 -2.306491082445907E-004 -2.243068256750635E-005 
 2.243068256751459E-005  2.243068256752457E-005 -2.598940095210811E-004
      </IFC>
    </s_s1_m1_m2_m3.1.1.4.2.3>
    <s_s1_m1_m2_m3.1.1.1.3.3>
      <IFC type="real" size="9" columns="3">
-3.613473695887603E-006  9.486769009248164E-020 -6.653284122043388E-004 
 9.486769009248164E-020  4.035291740144456E-003  8.673617379884035E-019 
-6.653284122043388E-004  8.673617379884035E-019 -3.613473695873726E-006
      </IFC>
    </s_s1_m1_m2_m3.1.1.1.3.3>
    <s_s1_m1_m2_m3.1.1.2.3.3>
      <IFC type="real" size="9" columns="3">
-2.306491082445837E-004 -2.243068256751446E-005  4.592591205161744E-006 
 2.243068256751641E-005 -2.598940095210819E-004 -2.243068256751779E-005 
 4.592591205161689E-006  2.243068256751329E-005 -2.306491082445785E-004
      </IFC>
    </s_s1_m1_m2_m3.1.1.2.3.3>
    <s_s1_m1_m2_m3.1.1.3.3.3>
      <IFC type="real" size="9" columns="3">
-1.825302457817285E-004 -1.626303258728257E-018 -7.724940478959219E-018 
-1.626303258728257E-018 -1.825302457817233E-004  6.437450399132683E-018 
-7.724940478959219E-018  6.437450399132683E-018 -1.825302457817146E-004
      </IFC>
    </s_s1_m1_m2_m3.1.1.3.3.3>
    <s_s1_m1_m2_m3.1.1.4.3.3>
      <IFC type="real" size="9" columns="3">
-2.306491082445837E-004  2.243068256751641E-005  4.592591205161689E-006 
-2.243068256751446E-005 -2.598940095210819E-004  2.243068256751329E-005 
 4.592591205161744E-006 -2.243068256751779E-005 -2.306491082445785E-004
      </IFC>
    </s_s1_m1_m2_m3.1.1.4.3.3>
    <s_s1_m1_m2_m3.1.1.1.4.3>
      <IFC type="real" size="9" columns="3">
 3.782582876732388E-005  2.331699592316300E-004 -2.331699592316298E-004 
 4.221026363322973E-004 -3.831270144466666E-004 -6.240218303151751E-004 
-4.221026363322971E-004 -6.240218303151751E-004 -3.831270144466666E-004
      </IFC>
    </s_s1_m1_m2_m3.1.1.1.4.3>
    <s_s1_m1_m2_m3.1.1.2.4.3>
      <IFC type="real" size="9" columns="3">
-2.306491082445933E-004 -4.592591205165863E-006  2.243068256751459E-005 
-4.592591205165863E-006 -2.306491082445907E-004  2.243068256752457E-005 
-2.243068256751655E-005 -2.243068256750635E-005 -2.598940095210811E-004
      </IFC>
    </s_s1_m1_m2_m3.1.1.2.4.3>
    <s_s1_m1_m2_m3.1.1.3.4.3>
      <IFC type="real" size="9" columns="3">
-2.598940095210785E-004 -2.243068256751539E-005 -2.243068256751289E-005 
 2.243068256751554E-005 -2.306491082445811E-004 -4.592591205162502E-006 
 2.243068256751801E-005 -4.592591205162502E-006 -2.306491082445794E-004
      </IFC>
    </s_s1_m1_m2_m3.1.1.3.4.3>
    <s_s1_m1_m2_m3.1.1.4.4.3>
      <IFC type="real" size="9" columns="3">
-3.831270144466613E-004 -6.240218303151688E-004 -4.221026363322978E-004 
-6.240218303151688E-004 -3.831270144466622E-004  4.221026363322953E-004 
-2.331699592316305E-004  2.331699592316279E-004  3.782582876731434E-005
      </IFC>
    </s_s1_m1_m2_m3.1.1.4.4.3>
    <s_s1_m1_m2_m3.1.1.1.1.4>
      <IFC type="real" size="9" columns="3">
-4.257452534322637E-003  4.441921847812289E-003  2.208025835537540E-003 
 4.441921847812289E-003 -4.257452534322637E-003 -2.208025835537536E-003 
-2.208025835537546E-003  2.208025835537550E-003  9.338201664019385E-003
      </IFC>
    </s_s1_m1_m2_m3.1.1.1.1.4>
    <s_s1_m1_m2_m3.1.1.2.1.4>
      <IFC type="real" size="9" columns="3">
 9.338201664019392E-003  2.208025835537545E-003 -2.208025835537537E-003 
-2.208025835537541E-003 -4.257452534322631E-003  4.441921847812285E-003 
 2.208025835537549E-003  4.441921847812285E-003 -4.257452534322629E-003
      </IFC>
    </s_s1_m1_m2_m3.1.1.2.1.4>
    <s_s1_m1_m2_m3.1.1.3.1.4>
      <IFC type="real" size="9" columns="3">
-3.831270144466666E-004  6.240218303151762E-004  4.221026363322948E-004 
 6.240218303151762E-004 -3.831270144466700E-004  4.221026363322930E-004 
 2.331699592316275E-004  2.331699592316256E-004  3.782582876732388E-005
      </IFC>
    </s_s1_m1_m2_m3.1.1.3.1.4>
    <s_s1_m1_m2_m3.1.1.4.1.4>
      <IFC type="real" size="9" columns="3">
 3.782582876730826E-005  2.331699592316274E-004  2.331699592316265E-004 
 4.221026363322947E-004 -3.831270144466657E-004  6.240218303151729E-004 
 4.221026363322938E-004  6.240218303151729E-004 -3.831270144466657E-004
      </IFC>
    </s_s1_m1_m2_m3.1.1.4.1.4>
    <s_s1_m1_m2_m3.1.1.1.2.4>
      <IFC type="real" size="9" columns="3">
-4.257452534322637E-003 -2.208025835537543E-003 -4.441921847812282E-003 
 2.208025835537543E-003  9.338201664019385E-003  2.208025835537541E-003 
-4.441921847812282E-003 -2.208025835537545E-003 -4.257452534322637E-003
      </IFC>
    </s_s1_m1_m2_m3.1.1.1.2.4>
    <s_s1_m1_m2_m3.1.1.2.2.4>
      <IFC type="real" size="9" columns="3">
-4.631868443612233E-004  7.426784881525705E-018  4.662069341687669E-018 
 7.426784881525705E-018 -4.631868443612259E-004 -1.897353801849633E-018 
 4.662069341687669E-018 -1.897353801849633E-018 -2.437833262312157E-004
      </IFC>
    </s_s1_m1_m2_m3.1.1.2.2.4>
    <s_s1_m1_m2_m3.1.1.3.2.4>
      <IFC type="real" size="9" columns="3">
-2.306491082445968E-004 -2.243068256752468E-005 -4.592591205162231E-006 
 2.243068256750625E-005 -2.598940095210785E-004  2.243068256752351E-005 
-4.592591205162286E-006 -2.243068256750741E-005 -2.306491082445968E-004
      </IFC>
    </s_s1_m1_m2_m3.1.1.3.2.4>
    <s_s1_m1_m2_m3.1.1.4.2.4>
      <IFC type="real" size="9" columns="3">
-2.437833262312191E-004  5.637851296924623E-018  8.510987054011210E-018 
 5.637851296924623E-018 -4.631868443612294E-004  2.114194236346734E-018 
 8.510987054011210E-018  2.114194236346734E-018 -4.631868443612268E-004
      </IFC>
    </s_s1_m1_m2_m3.1.1.4.2.4>
    <s_s1_m1_m2_m3.1.1.1.3.4>
      <IFC type="real" size="9" columns="3">
-3.831270144466631E-004  6.240218303151764E-004 -4.221026363322968E-004 
 6.240218303151764E-004 -3.831270144466770E-004 -4.221026363322948E-004 
-2.331699592316294E-004 -2.331699592316275E-004  3.782582876731694E-005
      </IFC>
    </s_s1_m1_m2_m3.1.1.1.3.4>
    <s_s1_m1_m2_m3.1.1.2.3.4>
      <IFC type="real" size="9" columns="3">
-2.598940095210802E-004  2.243068256750953E-005 -2.243068256751985E-005 
-2.243068256752140E-005 -2.306491082445959E-004  4.592591205171122E-006 
 2.243068256751115E-005  4.592591205171068E-006 -2.306491082445994E-004
      </IFC>
    </s_s1_m1_m2_m3.1.1.2.3.4>
    <s_s1_m1_m2_m3.1.1.3.3.4>
      <IFC type="real" size="9" columns="3">
-2.306491082445759E-004  4.592591205163451E-006  2.243068256751777E-005 
 4.592591205163451E-006 -2.306491082445725E-004 -2.243068256751748E-005 
-2.243068256751316E-005  2.243068256751344E-005 -2.598940095210750E-004
      </IFC>
    </s_s1_m1_m2_m3.1.1.3.3.4>
    <s_s1_m1_m2_m3.1.1.4.3.4>
      <IFC type="real" size="9" columns="3">
 3.782582876731347E-005 -2.331699592316277E-004 -2.331699592316299E-004 
-4.221026363322951E-004 -3.831270144466640E-004  6.240218303151684E-004 
-4.221026363322973E-004  6.240218303151684E-004 -3.831270144466726E-004
      </IFC>
    </s_s1_m1_m2_m3.1.1.4.3.4>
    <s_s1_m1_m2_m3.1.1.1.4.4>
      <IFC type="real" size="9" columns="3">
-3.831270144466700E-004  4.221026363322926E-004 -6.240218303151680E-004 
 2.331699592316252E-004  3.782582876731000E-005 -2.331699592316209E-004 
-6.240218303151680E-004 -4.221026363322882E-004 -3.831270144466700E-004
      </IFC>
    </s_s1_m1_m2_m3.1.1.1.4.4>
    <s_s1_m1_m2_m3.1.1.2.4.4>
      <IFC type="real" size="9" columns="3">
-4.631868443612268E-004  3.903127820947816E-018  5.583641188300348E-018 
 3.903127820947816E-018 -2.437833262312217E-004 -6.234162491791650E-018 
 5.583641188300348E-018 -6.234162491791650E-018 -4.631868443612233E-004
      </IFC>
    </s_s1_m1_m2_m3.1.1.2.4.4>
    <s_s1_m1_m2_m3.1.1.3.4.4>
      <IFC type="real" size="9" columns="3">
-3.831270144466666E-004 -4.221026363322984E-004 -6.240218303151668E-004 
-2.331699592316310E-004  3.782582876731347E-005  2.331699592316285E-004 
-6.240218303151667E-004  4.221026363322959E-004 -3.831270144466666E-004
      </IFC>
    </s_s1_m1_m2_m3.1.1.3.4.4>
    <s_s1_m1_m2_m3.1.1.4.4.4>
      <IFC type="real" size="9" columns="3">
-2.673708953955549E-004 -1.246832498358330E-018  3.469446951953614E-018 
-1.246832498358330E-018 -2.673708953955575E-004  1.246832498358330E-018 
 3.469446951953614E-018  1.246832498358330E-018 -2.673708953955583E-004
      </IFC>
    </s_s1_m1_m2_m3.1.1.4.4.4>
    <s_s1_m1_m2_m3.1.2.1.1.1>
      <IFC type="real" size="9" columns="3">
-7.288080546362984E-002 -5.434601640844913E-002 -5.434601640844912E-002 
-5.434601640844913E-002 -7.288080546362984E-002 -5.434601640844912E-002 
-5.434601640844912E-002 -5.434601640844912E-002 -7.288080546362985E-002
      </IFC>
    </s_s1_m1_m2_m3.1.2.1.1.1>
    <s_s1_m1_m2_m3.1.2.2.1.1>
      <IFC type="real" size="9" columns="3">
 1.045188133556423E-004  6.943716107738463E-004 -6.943716107738495E-004 
 6.943716107738449E-004  8.032412033930637E-004  8.376657140059291E-004 
-6.943716107738469E-004  8.376657140059296E-004  8.032412033930647E-004
      </IFC>
    </s_s1_m1_m2_m3.1.2.2.1.1>
    <s_s1_m1_m2_m3.1.2.3.1.1>
      <IFC type="real" size="9" columns="3">
-5.143181191035330E-005  4.236512824561994E-004 -1.759401206918091E-004 
 4.236512824561989E-004  4.382438435442402E-004  4.236512824561960E-004 
-1.759401206918061E-004  4.236512824561978E-004 -5.143181191034495E-005
      </IFC>
    </s_s1_m1_m2_m3.1.2.3.1.1>
    <s_s1_m1_m2_m3.1.2.4.1.1>
      <IFC type="real" size="9" columns="3">
 8.032412033930733E-004  8.376657140059265E-004 -6.943716107738528E-004 
 8.376657140059261E-004  8.032412033930751E-004  6.943716107738402E-004 
-6.943716107738493E-004  6.943716107738431E-004  1.045188133556536E-004
      </IFC>
    </s_s1_m1_m2_m3.1.2.4.1.1>
    <s_s1_m1_m2_m3.1.2.1.2.1>
      <IFC type="real" size="9" columns="3">
-7.288080546362985E-002  5.434601640844913E-002  5.434601640844912E-002 
 5.434601640844913E-002 -7.288080546362986E-002 -5.434601640844912E-002 
 5.434601640844912E-002 -5.434601640844912E-002 -7.288080546362986E-002
      </IFC>
    </s_s1_m1_m2_m3.1.2.1.2.1>
    <s_s1_m1_m2_m3.1.2.2.2.1>
      <IFC type="real" size="9" columns="3">
-4.565295889118024E-004 -1.043341184774695E-003  4.324613731182881E-004 
-1.043341184774695E-003 -4.663674906641542E-003  1.043341184774663E-003 
 4.324613731182868E-004  1.043341184774664E-003 -4.565295889118050E-004
      </IFC>
    </s_s1_m1_m2_m3.1.2.2.2.1>
    <s_s1_m1_m2_m3.1.2.3.2.1>
      <IFC type="real" size="9" columns="3">
-4.565295889118096E-004  1.043341184774660E-003  4.324613731182896E-004 
 1.043341184774660E-003 -4.663674906641541E-003 -1.043341184774686E-003 
 4.324613731182849E-004 -1.043341184774685E-003 -4.565295889118058E-004
      </IFC>
    </s_s1_m1_m2_m3.1.2.3.2.1>
    <s_s1_m1_m2_m3.1.2.4.2.1>
      <IFC type="real" size="9" columns="3">
-7.288080546362986E-002 -5.434601640844912E-002  5.434601640844913E-002 
-5.434601640844912E-002 -7.288080546362985E-002  5.434601640844912E-002 
 5.434601640844913E-002  5.434601640844912E-002 -7.288080546362988E-002
      </IFC>
    </s_s1_m1_m2_m3.1.2.4.2.1>
    <s_s1_m1_m2_m3.1.2.1.3.1>
      <IFC type="real" size="9" columns="3">
-4.663674906641560E-003 -1.043341184774674E-003 -1.043341184774674E-003 
-1.043341184774680E-003 -4.565295889118210E-004 -4.324613731182762E-004 
-1.043341184774672E-003 -4.324613731182744E-004 -4.565295889118262E-004
      </IFC>
    </s_s1_m1_m2_m3.1.2.1.3.1>
    <s_s1_m1_m2_m3.1.2.2.3.1>
      <IFC type="real" size="9" columns="3">
 1.938117860852360E-004  5.233013392697296E-004 -5.233013392696973E-004 
 5.233013392697293E-004  1.938117860852290E-004  5.233013392697229E-004 
-5.233013392696943E-004  5.233013392697267E-004  1.938117860852324E-004
      </IFC>
    </s_s1_m1_m2_m3.1.2.2.3.1>
    <s_s1_m1_m2_m3.1.2.3.3.1>
      <IFC type="real" size="9" columns="3">
-4.565295889118223E-004 -4.324613731182751E-004 -1.043341184774678E-003 
-4.324613731182743E-004 -4.565295889118215E-004 -1.043341184774675E-003 
-1.043341184774676E-003 -1.043341184774673E-003 -4.663674906641557E-003
      </IFC>
    </s_s1_m1_m2_m3.1.2.3.3.1>
    <s_s1_m1_m2_m3.1.2.4.3.1>
      <IFC type="real" size="9" columns="3">
 8.032412033930568E-004  6.943716107738235E-004 -8.376657140059241E-004 
 6.943716107738221E-004  1.045188133556251E-004  6.943716107738267E-004 
-8.376657140059215E-004  6.943716107738264E-004  8.032412033930603E-004
      </IFC>
    </s_s1_m1_m2_m3.1.2.4.3.1>
    <s_s1_m1_m2_m3.1.2.1.4.1>
      <IFC type="real" size="9" columns="3">
-4.663674906641530E-003  1.043341184774681E-003  1.043341184774667E-003 
 1.043341184774682E-003 -4.565295889117946E-004 -4.324613731182822E-004 
 1.043341184774665E-003 -4.324613731182808E-004 -4.565295889117951E-004
      </IFC>
    </s_s1_m1_m2_m3.1.2.1.4.1>
    <s_s1_m1_m2_m3.1.2.2.4.1>
      <IFC type="real" size="9" columns="3">
-4.565295889117893E-004 -4.324613731182916E-004  1.043341184774670E-003 
-4.324613731182877E-004 -4.565295889117941E-004  1.043341184774683E-003 
 1.043341184774670E-003  1.043341184774682E-003 -4.663674906641529E-003
      </IFC>
    </s_s1_m1_m2_m3.1.2.2.4.1>
    <s_s1_m1_m2_m3.1.2.3.4.1>
      <IFC type="real" size="9" columns="3">
-5.143181191035660E-005  1.759401206917896E-004 -4.236512824561784E-004 
 1.759401206917893E-004 -5.143181191035492E-005  4.236512824562021E-004 
-4.236512824561785E-004  4.236512824562041E-004  4.382438435442306E-004
      </IFC>
    </s_s1_m1_m2_m3.1.2.3.4.1>
    <s_s1_m1_m2_m3.1.2.4.4.1>
      <IFC type="real" size="9" columns="3">
 4.382438435442271E-004  4.236512824562057E-004 -4.236512824561814E-004 
 4.236512824562083E-004 -5.143181191035948E-005  1.759401206917893E-004 
-4.236512824561806E-004  1.759401206917885E-004 -5.143181191034733E-005
      </IFC>
    </s_s1_m1_m2_m3.1.2.4.4.1>
    <s_s1_m1_m2_m3.1.2.1.1.2>
      <IFC type="real" size="9" columns="3">
 1.045188133556463E-004 -6.943716107738543E-004  6.943716107738430E-004 
-6.943716107738530E-004  8.032412033930686E-004  8.376657140059364E-004 
 6.943716107738387E-004  8.376657140059364E-004  8.032412033930642E-004
      </IFC>
    </s_s1_m1_m2_m3.1.2.1.1.2>
    <s_s1_m1_m2_m3.1.2.2.1.2>
      <IFC type="real" size="9" columns="3">
 1.216563815918185E-004  1.433437461475633E-005  1.433437461476549E-005 
 1.433437461475671E-005  2.776997792650885E-004  6.761344588352433E-005 
 1.433437461476083E-005  6.761344588352282E-005  2.776997792650890E-004
      </IFC>
    </s_s1_m1_m2_m3.1.2.2.1.2>
    <s_s1_m1_m2_m3.1.2.3.1.2>
      <IFC type="real" size="9" columns="3">
 2.776997792650966E-004  6.761344588352672E-005  1.433437461476690E-005 
 6.761344588352629E-005  2.776997792650979E-004  1.433437461475042E-005 
 1.433437461476430E-005  1.433437461475086E-005  1.216563815918345E-004
      </IFC>
    </s_s1_m1_m2_m3.1.2.3.1.2>
    <s_s1_m1_m2_m3.1.2.4.1.2>
      <IFC type="real" size="9" columns="3">
 8.032412033930738E-004  8.376657140059256E-004  6.943716107738390E-004 
 8.376657140059275E-004  8.032412033930703E-004 -6.943716107738513E-004 
 6.943716107738374E-004 -6.943716107738571E-004  1.045188133556497E-004
      </IFC>
    </s_s1_m1_m2_m3.1.2.4.1.2>
    <s_s1_m1_m2_m3.1.2.1.2.2>
      <IFC type="real" size="9" columns="3">
-4.565295889118054E-004  4.324613731182918E-004 -1.043341184774692E-003 
 4.324613731182952E-004 -4.565295889118054E-004  1.043341184774664E-003 
-1.043341184774692E-003  1.043341184774664E-003 -4.663674906641546E-003
      </IFC>
    </s_s1_m1_m2_m3.1.2.1.2.2>
    <s_s1_m1_m2_m3.1.2.2.2.2>
      <IFC type="real" size="9" columns="3">
 1.938117860852632E-004 -5.233013392697246E-004 -5.233013392697285E-004 
-5.233013392697247E-004  1.938117860852644E-004 -5.233013392697277E-004 
-5.233013392697270E-004 -5.233013392697291E-004  1.938117860852638E-004
      </IFC>
    </s_s1_m1_m2_m3.1.2.2.2.2>
    <s_s1_m1_m2_m3.1.2.3.2.2>
      <IFC type="real" size="9" columns="3">
-4.663674906641542E-003  1.043341184774657E-003 -1.043341184774687E-003 
 1.043341184774654E-003 -4.565295889118043E-004  4.324613731182910E-004 
-1.043341184774684E-003  4.324613731182933E-004 -4.565295889118000E-004
      </IFC>
    </s_s1_m1_m2_m3.1.2.3.2.2>
    <s_s1_m1_m2_m3.1.2.4.2.2>
      <IFC type="real" size="9" columns="3">
 8.032412033930654E-004 -6.943716107738291E-004 -8.376657140059262E-004 
-6.943716107738271E-004  1.045188133556415E-004 -6.943716107738317E-004 
-8.376657140059252E-004 -6.943716107738360E-004  8.032412033930653E-004
      </IFC>
    </s_s1_m1_m2_m3.1.2.4.2.2>
    <s_s1_m1_m2_m3.1.2.1.3.2>
      <IFC type="real" size="9" columns="3">
 1.938117860852302E-004 -5.233013392697099E-004  5.233013392697272E-004 
-5.233013392697103E-004  1.938117860852311E-004  5.233013392697177E-004 
 5.233013392697272E-004  5.233013392697168E-004  1.938117860852268E-004
      </IFC>
    </s_s1_m1_m2_m3.1.2.1.3.2>
    <s_s1_m1_m2_m3.1.2.2.3.2>
      <IFC type="real" size="9" columns="3">
 1.938117860852266E-004  5.233013392697159E-004  5.233013392697184E-004 
 5.233013392697157E-004  1.938117860852276E-004 -5.233013392697118E-004 
 5.233013392697153E-004 -5.233013392697144E-004  1.938117860852192E-004
      </IFC>
    </s_s1_m1_m2_m3.1.2.2.3.2>
    <s_s1_m1_m2_m3.1.2.3.3.2>
      <IFC type="real" size="9" columns="3">
 2.776997792651062E-004 -1.433437461473221E-005 -6.761344588351197E-005 
-1.433437461473004E-005  1.216563815918375E-004  1.433437461474348E-005 
-6.761344588351328E-005  1.433437461474218E-005  2.776997792651053E-004
      </IFC>
    </s_s1_m1_m2_m3.1.2.3.3.2>
    <s_s1_m1_m2_m3.1.2.4.3.2>
      <IFC type="real" size="9" columns="3">
 2.776997792651042E-004  1.433437461473335E-005 -6.761344588350818E-005 
 1.433437461473199E-005  1.216563815918349E-004 -1.433437461473264E-005 
-6.761344588351046E-005 -1.433437461473308E-005  2.776997792651034E-004
      </IFC>
    </s_s1_m1_m2_m3.1.2.4.3.2>
    <s_s1_m1_m2_m3.1.2.1.4.2>
      <IFC type="real" size="9" columns="3">
-4.565295889117959E-004  1.043341184774677E-003 -4.324613731182792E-004 
 1.043341184774674E-003 -4.663674906641532E-003  1.043341184774683E-003 
-4.324613731182758E-004  1.043341184774685E-003 -4.565295889117966E-004
      </IFC>
    </s_s1_m1_m2_m3.1.2.1.4.2>
    <s_s1_m1_m2_m3.1.2.2.4.2>
      <IFC type="real" size="9" columns="3">
 1.216563815918289E-004 -1.433437461475281E-005 -1.433437461475102E-005 
-1.433437461475162E-005  2.776997792651019E-004  6.761344588350504E-005 
-1.433437461474993E-005  6.761344588350363E-005  2.776997792650999E-004
      </IFC>
    </s_s1_m1_m2_m3.1.2.2.4.2>
    <s_s1_m1_m2_m3.1.2.3.4.2>
      <IFC type="real" size="9" columns="3">
 2.537840837725557E-004  2.740960251446551E-005 -2.740960251448307E-005 
 2.740960251446437E-005  2.537840837725589E-004  2.740960251446567E-005 
-2.740960251448318E-005  2.740960251446686E-005  2.537840837725572E-004
      </IFC>
    </s_s1_m1_m2_m3.1.2.3.4.2>
    <s_s1_m1_m2_m3.1.2.4.4.2>
      <IFC type="real" size="9" columns="3">
 2.776997792650984E-004  6.761344588351870E-005 -1.433437461475557E-005 
 6.761344588352076E-005  2.776997792650958E-004 -1.433437461474565E-005 
-1.433437461475536E-005 -1.433437461474988E-005  1.216563815918278E-004
      </IFC>
    </s_s1_m1_m2_m3.1.2.4.4.2>
    <s_s1_m1_m2_m3.1.2.1.1.3>
      <IFC type="real" size="9" columns="3">
-5.143181191034907E-005 -1.759401206917963E-004  4.236512824561944E-004 
-1.759401206917963E-004 -5.143181191034907E-005  4.236512824561910E-004 
 4.236512824561944E-004  4.236512824561910E-004  4.382438435442393E-004
      </IFC>
    </s_s1_m1_m2_m3.1.2.1.1.3>
    <s_s1_m1_m2_m3.1.2.2.1.3>
      <IFC type="real" size="9" columns="3">
 2.776997792650983E-004  1.433437461475514E-005  6.761344588352059E-005 
 1.433437461475378E-005  1.216563815918327E-004  1.433437461475259E-005 
 6.761344588352309E-005  1.433437461475313E-005  2.776997792650997E-004
      </IFC>
    </s_s1_m1_m2_m3.1.2.2.1.3>
    <s_s1_m1_m2_m3.1.2.3.1.3>
      <IFC type="real" size="9" columns="3">
 4.382438435442392E-004  4.236512824561903E-004  4.236512824561938E-004 
 4.236512824561887E-004 -5.143181191035172E-005 -1.759401206918052E-004 
 4.236512824561951E-004 -1.759401206918053E-004 -5.143181191034885E-005
      </IFC>
    </s_s1_m1_m2_m3.1.2.3.1.3>
    <s_s1_m1_m2_m3.1.2.4.1.3>
      <IFC type="real" size="9" columns="3">
 2.579660531712710E-004  7.108641788790596E-006 -7.108641788806209E-006 
 7.108641788790217E-006  2.579660531712675E-004  7.108641788793144E-006 
-7.108641788802848E-006  7.108641788796939E-006  2.579660531712661E-004
      </IFC>
    </s_s1_m1_m2_m3.1.2.4.1.3>
    <s_s1_m1_m2_m3.1.2.1.2.3>
      <IFC type="real" size="9" columns="3">
-4.565295889118123E-004  4.324613731182883E-004  1.043341184774668E-003 
 4.324613731182883E-004 -4.565295889118054E-004 -1.043341184774681E-003 
 1.043341184774668E-003 -1.043341184774681E-003 -4.663674906641532E-003
      </IFC>
    </s_s1_m1_m2_m3.1.2.1.2.3>
    <s_s1_m1_m2_m3.1.2.2.2.3>
      <IFC type="real" size="9" columns="3">
-4.663674906641541E-003 -1.043341184774683E-003  1.043341184774665E-003 
-1.043341184774680E-003 -4.565295889117993E-004  4.324613731182872E-004 
 1.043341184774665E-003  4.324613731182859E-004 -4.565295889117911E-004
      </IFC>
    </s_s1_m1_m2_m3.1.2.2.2.3>
    <s_s1_m1_m2_m3.1.2.3.2.3>
      <IFC type="real" size="9" columns="3">
 4.382438435442105E-004 -4.236512824561934E-004 -4.236512824561983E-004 
-4.236512824561962E-004 -5.143181191037292E-005 -1.759401206917836E-004 
-4.236512824562004E-004 -1.759401206917838E-004 -5.143181191037070E-005
      </IFC>
    </s_s1_m1_m2_m3.1.2.3.2.3>
    <s_s1_m1_m2_m3.1.2.4.2.3>
      <IFC type="real" size="9" columns="3">
-5.143181191036295E-005 -1.759401206917859E-004 -4.236512824561875E-004 
-1.759401206917824E-004 -5.143181191036988E-005 -4.236512824561944E-004 
-4.236512824561875E-004 -4.236512824561944E-004  4.382438435442185E-004
      </IFC>
    </s_s1_m1_m2_m3.1.2.4.2.3>
    <s_s1_m1_m2_m3.1.2.1.3.3>
      <IFC type="real" size="9" columns="3">
-4.565295889118227E-004 -1.043341184774673E-003 -4.324613731182840E-004 
-1.043341184774673E-003 -4.663674906641558E-003 -1.043341184774674E-003 
-4.324613731182805E-004 -1.043341184774673E-003 -4.565295889118158E-004
      </IFC>
    </s_s1_m1_m2_m3.1.2.1.3.3>
    <s_s1_m1_m2_m3.1.2.2.3.3>
      <IFC type="real" size="9" columns="3">
 2.776997792651080E-004 -6.761344588351886E-005 -1.433437461473562E-005 
-6.761344588351924E-005  2.776997792651062E-004  1.433437461473785E-005 
-1.433437461473248E-005  1.433437461474164E-005  1.216563815918330E-004
      </IFC>
    </s_s1_m1_m2_m3.1.2.2.3.3>
    <s_s1_m1_m2_m3.1.2.3.3.3>
      <IFC type="real" size="9" columns="3">
 2.537840837725622E-004 -2.740960251447857E-005 -2.740960251446816E-005 
-2.740960251447890E-005  2.537840837725657E-004 -2.740960251448009E-005 
-2.740960251446730E-005 -2.740960251448020E-005  2.537840837725626E-004
      </IFC>
    </s_s1_m1_m2_m3.1.2.3.3.3>
    <s_s1_m1_m2_m3.1.2.4.3.3>
      <IFC type="real" size="9" columns="3">
 1.216563815918378E-004  1.433437461472977E-005 -1.433437461473411E-005 
 1.433437461472841E-005  2.776997792651069E-004 -6.761344588352607E-005 
-1.433437461473140E-005 -6.761344588352553E-005  2.776997792651083E-004
      </IFC>
    </s_s1_m1_m2_m3.1.2.4.3.3>
    <s_s1_m1_m2_m3.1.2.1.4.3>
      <IFC type="real" size="9" columns="3">
-5.143181191036034E-005 -4.236512824561893E-004  1.759401206917958E-004 
-4.236512824561922E-004  4.382438435442328E-004  4.236512824561953E-004 
 1.759401206917905E-004  4.236512824561967E-004 -5.143181191035964E-005
      </IFC>
    </s_s1_m1_m2_m3.1.2.1.4.3>
    <s_s1_m1_m2_m3.1.2.2.4.3>
      <IFC type="real" size="9" columns="3">
 2.537840837725587E-004 -2.740960251447293E-005  2.740960251447076E-005 
-2.740960251447120E-005  2.537840837725540E-004  2.740960251446860E-005 
 2.740960251446903E-005  2.740960251446990E-005  2.537840837725518E-004
      </IFC>
    </s_s1_m1_m2_m3.1.2.2.4.3>
    <s_s1_m1_m2_m3.1.2.3.4.3>
