<?xml version="1.0"?>
<?iotk version="1.2.0"?>
<?iotk file_version="1.0"?>
<?iotk binary="F"?>
<?iotk qe_syntax="F"?>
<Root>
  <GEOMETRY_INFO>
    <NUMBER_OF_TYPES type="integer" size="1">
         1
    </NUMBER_OF_TYPES>
    <NUMBER_OF_ATOMS type="integer" size="1">
         2
    </NUMBER_OF_ATOMS>
    <BRAVAIS_LATTICE_INDEX type="integer" size="1">
         2
    </BRAVAIS_LATTICE_INDEX>
    <SPIN_COMPONENTS type="integer" size="1">
         1
    </SPIN_COMPONENTS>
    <CELL_DIMENSIONS type="real" size="6">
 1.040000000000000E+001
 0.000000000000000E+000
 0.000000000000000E+000
 0.000000000000000E+000
 0.000000000000000E+000
 0.000000000000000E+000
    </CELL_DIMENSIONS>
    <AT type="real" size="9" columns="3">
-4.999999999999999E-001  0.000000000000000E+000  4.999999999999999E-001 
 0.000000000000000E+000  4.999999999999999E-001  4.999999999999999E-001 
-4.999999999999999E-001  4.999999999999999E-001  0.000000000000000E+000
    </AT>
    <BG type="real" size="9" columns="3">
-1.000000000000000E+000 -1.000000000000000E+000  1.000000000000000E+000 
 1.000000000000000E+000  1.000000000000000E+000  1.000000000000000E+000 
-1.000000000000000E+000  1.000000000000000E+000 -1.000000000000000E+000
    </BG>
    <UNIT_CELL_VOLUME_AU type="real" size="1">
 2.812159999999999E+002
    </UNIT_CELL_VOLUME_AU>
    <TYPE_NAME.1 type="character" size="1" len="3">
Si 
    </TYPE_NAME.1>
    <MASS.1 type="real" size="1">
 2.808600000000000E+001
    </MASS.1>
    <ATOM.1 SPECIES="Si " INDEX="1" TAU="0.000000000000000E+000 0.000000000000000E+000 0.000000000000000E+000"/>
    <ATOM.2 SPECIES="Si " INDEX="1" TAU="2.500000000000000E-001 2.500000000000000E-001 2.500000000000000E-001"/>
    <NUMBER_OF_Q type="integer" size="1">
         6
    </NUMBER_OF_Q>
  </GEOMETRY_INFO>
  <DIELECTRIC_PROPERTIES>
    <EPSILON type="real" size="9" columns="3">
 1.428607280175323E+001 -1.776356839400250E-015 -5.329070518200751E-015 
 0.000000000000000E+000  1.428607280175323E+001  7.105427357601002E-015 
-7.105427357601002E-015  6.217248937900877E-015  1.428607280175323E+001
    </EPSILON>
    <ZSTAR>
      <Z_AT_.1 type="real" size="9" columns="3">
-4.440892098500626E-015 -1.554312234475219E-015 -1.998401444325282E-015 
-1.554312234475219E-015 -4.884981308350689E-015  1.110223024625157E-015 
-1.554312234475219E-015  6.661338147750939E-016 -3.996802888650564E-015
      </Z_AT_.1>
      <Z_AT_.2 type="real" size="9" columns="3">
 4.440892098500626E-015  1.554312234475219E-015  1.998401444325282E-015 
 1.554312234475219E-015  4.884981308350689E-015 -1.110223024625157E-015 
 1.554312234475219E-015 -6.661338147750939E-016  3.996802888650564E-015
      </Z_AT_.2>
    </ZSTAR>
  </DIELECTRIC_PROPERTIES>
  <INTERATOMIC_FORCE_CONSTANTS>
    <MESH_NQ1_NQ2_NQ3 type="integer" size="3" columns="3">
         4          4          4
    </MESH_NQ1_NQ2_NQ3>
    <s_s1_m1_m2_m3.1.1.1.1.1>
      <IFC type="real" size="9" columns="3">
 2.415140618403165E-001 -4.011548038196366E-018 -3.713392440762853E-018 
-4.011548038196366E-018  2.415140618403165E-001  9.757819552369540E-019 
-3.713392440762853E-018  9.757819552369540E-019  2.415140618403166E-001
      </IFC>
    </s_s1_m1_m2_m3.1.1.1.1.1>
    <s_s1_m1_m2_m3.1.1.2.1.1>
      <IFC type="real" size="9" columns="3">
-3.389411510820551E-003 -1.920214451100626E-003  3.537392545763621E-003 
 1.920214451100622E-003  8.848436551328741E-003 -1.920214451100623E-003 
 3.537392545763621E-003  1.920214451100624E-003 -3.389411510820551E-003
      </IFC>
    </s_s1_m1_m2_m3.1.1.2.1.1>
    <s_s1_m1_m2_m3.1.1.3.1.1>
      <IFC type="real" size="9" columns="3">
 9.780733717687246E-005 -1.436567878543293E-018  5.748516385563585E-004 
-1.436567878543293E-018  3.940570573877844E-003 -3.632077277826440E-018 
 5.748516385563585E-004 -3.632077277826440E-018  9.780733717686899E-005
      </IFC>
    </s_s1_m1_m2_m3.1.1.3.1.1>
    <s_s1_m1_m2_m3.1.1.4.1.1>
      <IFC type="real" size="9" columns="3">
-3.389411510820551E-003  1.920214451100622E-003  3.537392545763621E-003 
-1.920214451100626E-003  8.848436551328741E-003  1.920214451100624E-003 
 3.537392545763621E-003 -1.920214451100623E-003 -3.389411510820551E-003
      </IFC>
    </s_s1_m1_m2_m3.1.1.4.1.1>
    <s_s1_m1_m2_m3.1.1.1.2.1>
      <IFC type="real" size="9" columns="3">
 8.848436551328732E-003  1.920214451100626E-003  1.920214451100624E-003 
-1.920214451100622E-003 -3.389411510820553E-003 -3.537392545763615E-003 
-1.920214451100623E-003 -3.537392545763615E-003 -3.389411510820544E-003
      </IFC>
    </s_s1_m1_m2_m3.1.1.1.2.1>
    <s_s1_m1_m2_m3.1.1.2.2.1>
      <IFC type="real" size="9" columns="3">
-3.291604081345901E-004 -6.270272176635459E-004  2.794824415786684E-004 
-6.270272176635462E-004 -3.291604081345871E-004 -2.794824415786673E-004 
 4.168774039185002E-004 -4.168774039184993E-004  9.188501415268498E-006
      </IFC>
    </s_s1_m1_m2_m3.1.1.2.2.1>
    <s_s1_m1_m2_m3.1.1.3.2.1>
      <IFC type="real" size="9" columns="3">
 9.188501415265463E-006 -4.168774039184953E-004  4.168774039184995E-004 
-2.794824415786632E-004 -3.291604081345940E-004 -6.270272176635457E-004 
 2.794824415786674E-004 -6.270272176635458E-004 -3.291604081345914E-004
      </IFC>
    </s_s1_m1_m2_m3.1.1.3.2.1>
    <s_s1_m1_m2_m3.1.1.4.2.1>
      <IFC type="real" size="9" columns="3">
-3.389411510820546E-003 -3.537392545763619E-003 -1.920214451100623E-003 
-3.537392545763619E-003 -3.389411510820546E-003 -1.920214451100623E-003 
 1.920214451100624E-003  1.920214451100624E-003  8.848436551328737E-003
      </IFC>
    </s_s1_m1_m2_m3.1.1.4.2.1>
    <s_s1_m1_m2_m3.1.1.1.3.1>
      <IFC type="real" size="9" columns="3">
 3.940570573877832E-003 -2.710505431213761E-020  2.005774019098183E-018 
-2.710505431213761E-020  9.780733717687853E-005 -5.748516385563577E-004 
 2.005774019098183E-018 -5.748516385563577E-004  9.780733717687506E-005
      </IFC>
    </s_s1_m1_m2_m3.1.1.1.3.1>
    <s_s1_m1_m2_m3.1.1.2.3.1>
      <IFC type="real" size="9" columns="3">
-3.291604081345975E-004 -2.794824415786662E-004  6.270272176635485E-004 
-4.168774039184981E-004  9.188501415266330E-006 -4.168774039184992E-004 
 6.270272176635485E-004 -2.794824415786670E-004 -3.291604081345971E-004
      </IFC>
    </s_s1_m1_m2_m3.1.1.2.3.1>
    <s_s1_m1_m2_m3.1.1.3.3.1>
      <IFC type="real" size="9" columns="3">
 9.780733717687420E-005 -5.748516385563562E-004 -5.149960319306146E-019 
-5.748516385563562E-004  9.780733717688374E-005 -9.215718466126788E-019 
-5.149960319306146E-019 -9.215718466126788E-019  3.940570573877832E-003
      </IFC>
    </s_s1_m1_m2_m3.1.1.3.3.1>
    <s_s1_m1_m2_m3.1.1.4.3.1>
      <IFC type="real" size="9" columns="3">
-3.291604081345975E-004 -4.168774039184981E-004  6.270272176635485E-004 
-2.794824415786662E-004  9.188501415266330E-006 -2.794824415786670E-004 
 6.270272176635485E-004 -4.168774039184992E-004 -3.291604081345971E-004
      </IFC>
    </s_s1_m1_m2_m3.1.1.4.3.1>
    <s_s1_m1_m2_m3.1.1.1.4.1>
      <IFC type="real" size="9" columns="3">
 8.848436551328732E-003 -1.920214451100622E-003 -1.920214451100623E-003 
 1.920214451100626E-003 -3.389411510820553E-003 -3.537392545763615E-003 
 1.920214451100624E-003 -3.537392545763615E-003 -3.389411510820544E-003
      </IFC>
    </s_s1_m1_m2_m3.1.1.1.4.1>
    <s_s1_m1_m2_m3.1.1.2.4.1>
      <IFC type="real" size="9" columns="3">
-3.389411510820546E-003 -3.537392545763619E-003  1.920214451100624E-003 
-3.537392545763619E-003 -3.389411510820546E-003  1.920214451100624E-003 
-1.920214451100623E-003 -1.920214451100623E-003  8.848436551328737E-003
      </IFC>
    </s_s1_m1_m2_m3.1.1.2.4.1>
    <s_s1_m1_m2_m3.1.1.3.4.1>
      <IFC type="real" size="9" columns="3">
 9.188501415265463E-006 -2.794824415786632E-004  2.794824415786674E-004 
-4.168774039184953E-004 -3.291604081345940E-004 -6.270272176635458E-004 
 4.168774039184995E-004 -6.270272176635457E-004 -3.291604081345914E-004
      </IFC>
    </s_s1_m1_m2_m3.1.1.3.4.1>
    <s_s1_m1_m2_m3.1.1.4.4.1>
      <IFC type="real" size="9" columns="3">
-3.291604081345901E-004 -6.270272176635462E-004  4.168774039185002E-004 
-6.270272176635459E-004 -3.291604081345871E-004 -4.168774039184993E-004 
 2.794824415786684E-004 -2.794824415786673E-004  9.188501415268498E-006
      </IFC>
    </s_s1_m1_m2_m3.1.1.4.4.1>
    <s_s1_m1_m2_m3.1.1.1.1.2>
      <IFC type="real" size="9" columns="3">
-3.389411510820547E-003  3.537392545763620E-003 -1.920214451100623E-003 
 3.537392545763620E-003 -3.389411510820561E-003  1.920214451100626E-003 
 1.920214451100623E-003 -1.920214451100621E-003  8.848436551328748E-003
      </IFC>
    </s_s1_m1_m2_m3.1.1.1.1.2>
    <s_s1_m1_m2_m3.1.1.2.1.2>
      <IFC type="real" size="9" columns="3">
 9.188501415272401E-006  4.168774039184990E-004  4.168774039184981E-004 
 2.794824415786670E-004 -3.291604081345919E-004  6.270272176635470E-004 
 2.794824415786663E-004  6.270272176635470E-004 -3.291604081345958E-004
      </IFC>
    </s_s1_m1_m2_m3.1.1.2.1.2>
    <s_s1_m1_m2_m3.1.1.3.1.2>
      <IFC type="real" size="9" columns="3">
-3.291604081345975E-004  6.270272176635484E-004  2.794824415786671E-004 
 6.270272176635484E-004 -3.291604081345966E-004  2.794824415786678E-004 
 4.168774039184992E-004  4.168774039184997E-004  9.188501415272401E-006
      </IFC>
    </s_s1_m1_m2_m3.1.1.3.1.2>
    <s_s1_m1_m2_m3.1.1.4.1.2>
      <IFC type="real" size="9" columns="3">
 8.848436551328746E-003 -1.920214451100626E-003  1.920214451100621E-003 
 1.920214451100622E-003 -3.389411510820548E-003  3.537392545763616E-003 
-1.920214451100626E-003  3.537392545763616E-003 -3.389411510820557E-003
      </IFC>
    </s_s1_m1_m2_m3.1.1.4.1.2>
    <s_s1_m1_m2_m3.1.1.1.2.2>
      <IFC type="real" size="9" columns="3">
-3.291604081345906E-004  2.794824415786683E-004 -6.270272176635489E-004 
 4.168774039185005E-004  9.188501415274136E-006 -4.168774039185009E-004 
-6.270272176635493E-004 -2.794824415786688E-004 -3.291604081345958E-004
      </IFC>
    </s_s1_m1_m2_m3.1.1.1.2.2>
    <s_s1_m1_m2_m3.1.1.2.2.2>
      <IFC type="real" size="9" columns="3">
-2.067361073521006E-004 -6.505213034913027E-019  2.927345865710862E-018 
-6.505213034913027E-019 -2.067361073521024E-004  3.252606517456513E-019 
 3.035766082959412E-018  3.252606517456513E-019 -2.067361073521028E-004
      </IFC>
    </s_s1_m1_m2_m3.1.1.2.2.2>
    <s_s1_m1_m2_m3.1.1.3.2.2>
      <IFC type="real" size="9" columns="3">
-3.291604081345966E-004 -2.794824415786680E-004 -6.270272176635476E-004 
-4.168774039185000E-004  9.188501415266330E-006  4.168774039184983E-004 
-6.270272176635476E-004  2.794824415786662E-004 -3.291604081345923E-004
      </IFC>
    </s_s1_m1_m2_m3.1.1.3.2.2>
    <s_s1_m1_m2_m3.1.1.4.2.2>
      <IFC type="real" size="9" columns="3">
-4.646305374169158E-004 -3.469446951953614E-018 -1.246832498358330E-018 
-3.469446951953614E-018 -1.870976720136221E-004  1.788933584601082E-018 
-1.355252715606881E-018  1.788933584601082E-018 -4.646305374169171E-004
      </IFC>
    </s_s1_m1_m2_m3.1.1.4.2.2>
    <s_s1_m1_m2_m3.1.1.1.3.2>
      <IFC type="real" size="9" columns="3">
-3.291604081346010E-004  6.270272176635525E-004 -2.794824415786694E-004 
 6.270272176635525E-004 -3.291604081346045E-004 -2.794824415786678E-004 
-4.168774039185012E-004 -4.168774039185001E-004  9.188501415267197E-006
      </IFC>
    </s_s1_m1_m2_m3.1.1.1.3.2>
    <s_s1_m1_m2_m3.1.1.2.3.2>
      <IFC type="real" size="9" columns="3">
 9.188501415268932E-006 -4.168774039184983E-004 -4.168774039185006E-004 
-2.794824415786664E-004 -3.291604081345962E-004  6.270272176635461E-004 
-2.794824415786683E-004  6.270272176635464E-004 -3.291604081345949E-004
      </IFC>
    </s_s1_m1_m2_m3.1.1.2.3.2>
    <s_s1_m1_m2_m3.1.1.3.3.2>
      <IFC type="real" size="9" columns="3">
-2.386821035216917E-004 -1.250243536440919E-005 -3.380534236783382E-005 
-1.250243536440919E-005 -2.386821035216995E-004  3.380534236782805E-005 
 3.380534236782190E-005 -3.380534236782794E-005 -2.649352344108076E-004
      </IFC>
    </s_s1_m1_m2_m3.1.1.3.3.2>
    <s_s1_m1_m2_m3.1.1.4.3.2>
      <IFC type="real" size="9" columns="3">
-2.649352344108102E-004 -3.380534236783049E-005  3.380534236782314E-005 
 3.380534236782550E-005 -2.386821035216965E-004 -1.250243536442036E-005 
-3.380534236783268E-005 -1.250243536442031E-005 -2.386821035216986E-004
      </IFC>
    </s_s1_m1_m2_m3.1.1.4.3.2>
    <s_s1_m1_m2_m3.1.1.1.4.2>
      <IFC type="real" size="9" columns="3">
-3.389411510820541E-003  1.920214451100625E-003 -3.537392545763620E-003 
-1.920214451100623E-003  8.848436551328741E-003 -1.920214451100624E-003 
-3.537392545763620E-003  1.920214451100623E-003 -3.389411510820539E-003
      </IFC>
    </s_s1_m1_m2_m3.1.1.1.4.2>
    <s_s1_m1_m2_m3.1.1.2.4.2>
      <IFC type="real" size="9" columns="3">
-1.870976720136038E-004 -1.084202172485504E-018 -2.981555974335137E-018 
-1.084202172485504E-018 -4.646305374169080E-004 -2.873135757086587E-018 
-3.089976191583688E-018 -3.089976191583688E-018 -4.646305374169084E-004
      </IFC>
    </s_s1_m1_m2_m3.1.1.2.4.2>
    <s_s1_m1_m2_m3.1.1.3.4.2>
      <IFC type="real" size="9" columns="3">
-2.386821035216926E-004  3.380534236782591E-005  1.250243536441825E-005 
-3.380534236783014E-005 -2.649352344108102E-004 -3.380534236782707E-005 
 1.250243536441846E-005  3.380534236782905E-005 -2.386821035216917E-004
      </IFC>
    </s_s1_m1_m2_m3.1.1.3.4.2>
    <s_s1_m1_m2_m3.1.1.4.4.2>
      <IFC type="real" size="9" columns="3">
-4.646305374169158E-004  2.602085213965211E-018 -1.626303258728257E-018 
 2.602085213965211E-018 -4.646305374169106E-004  3.252606517456513E-018 
-1.951563910473908E-018  3.469446951953614E-018 -1.870976720136147E-004
      </IFC>
    </s_s1_m1_m2_m3.1.1.4.4.2>
    <s_s1_m1_m2_m3.1.1.1.1.3>
      <IFC type="real" size="9" columns="3">
 9.780733717686119E-005  5.748516385563541E-004  5.773376568485311E-018 
 5.748516385563541E-004  9.780733717688894E-005 -3.252606517456513E-019 
 5.773376568485311E-018 -3.252606517456513E-019  3.940570573877838E-003
      </IFC>
    </s_s1_m1_m2_m3.1.1.1.1.3>
    <s_s1_m1_m2_m3.1.1.2.1.3>
      <IFC type="real" size="9" columns="3">
-3.291604081345984E-004  2.794824415786640E-004  6.270272176635491E-004 
 4.168774039184959E-004  9.188501415266330E-006  4.168774039184973E-004 
 6.270272176635487E-004  2.794824415786655E-004 -3.291604081345953E-004
      </IFC>
    </s_s1_m1_m2_m3.1.1.2.1.3>
    <s_s1_m1_m2_m3.1.1.3.1.3>
      <IFC type="real" size="9" columns="3">
 3.940570573877841E-003 -3.333921680392926E-018  1.517883041479706E-018 
-3.333921680392926E-018  9.780733717688200E-005  5.748516385563559E-004 
 1.517883041479706E-018  5.748516385563559E-004  9.780733717687073E-005
      </IFC>
    </s_s1_m1_m2_m3.1.1.3.1.3>
    <s_s1_m1_m2_m3.1.1.4.1.3>
      <IFC type="real" size="9" columns="3">
-3.291604081345984E-004  4.168774039184959E-004  6.270272176635487E-004 
 2.794824415786640E-004  9.188501415266330E-006  2.794824415786655E-004 
 6.270272176635491E-004  4.168774039184973E-004 -3.291604081345953E-004
      </IFC>
    </s_s1_m1_m2_m3.1.1.4.1.3>
    <s_s1_m1_m2_m3.1.1.1.2.3>
      <IFC type="real" size="9" columns="3">
 9.188501415265463E-006  4.168774039185021E-004 -4.168774039184988E-004 
 2.794824415786701E-004 -3.291604081345958E-004 -6.270272176635480E-004 
-2.794824415786669E-004 -6.270272176635476E-004 -3.291604081346045E-004
      </IFC>
    </s_s1_m1_m2_m3.1.1.1.2.3>
    <s_s1_m1_m2_m3.1.1.2.2.3>
      <IFC type="real" size="9" columns="3">
-3.291604081345988E-004 -6.270272176635491E-004 -2.794824415786657E-004 
-6.270272176635488E-004 -3.291604081345914E-004  2.794824415786661E-004 
-4.168774039184977E-004  4.168774039184981E-004  9.188501415271100E-006
      </IFC>
    </s_s1_m1_m2_m3.1.1.2.2.3>
    <s_s1_m1_m2_m3.1.1.3.2.3>
      <IFC type="real" size="9" columns="3">
-2.649352344108093E-004  3.380534236782661E-005  3.380534236782463E-005 
-3.380534236782943E-005 -2.386821035216952E-004  1.250243536441250E-005 
-3.380534236783109E-005  1.250243536441277E-005 -2.386821035216891E-004
      </IFC>
    </s_s1_m1_m2_m3.1.1.3.2.3>
    <s_s1_m1_m2_m3.1.1.4.2.3>
      <IFC type="real" size="9" columns="3">
-2.386821035216904E-004  1.250243536441808E-005 -3.380534236782867E-005 
 1.250243536441830E-005 -2.386821035216943E-004 -3.380534236782694E-005 
 3.380534236782726E-005  3.380534236782932E-005 -2.649352344108076E-004
      </IFC>
    </s_s1_m1_m2_m3.1.1.4.2.3>
    <s_s1_m1_m2_m3.1.1.1.3.3>
      <IFC type="real" size="9" columns="3">
 9.780733717687506E-005  2.846030702774449E-018 -5.748516385563568E-004 
 2.846030702774449E-018  3.940570573877863E-003  2.168404344971009E-019 
-5.748516385563568E-004  2.168404344971009E-019  9.780733717686813E-005
      </IFC>
    </s_s1_m1_m2_m3.1.1.1.3.3>
    <s_s1_m1_m2_m3.1.1.2.3.3>
      <IFC type="real" size="9" columns="3">
-2.386821035216926E-004 -3.380534236782680E-005 -1.250243536441093E-005 
 3.380534236782913E-005 -2.649352344108050E-004 -3.380534236782461E-005 
-1.250243536441093E-005  3.380534236783111E-005 -2.386821035216895E-004
      </IFC>
    </s_s1_m1_m2_m3.1.1.2.3.3>
    <s_s1_m1_m2_m3.1.1.3.3.3>
      <IFC type="real" size="9" columns="3">
-1.738724481516801E-004  6.722053469410127E-018  1.165517335421917E-018 
 6.722053469410127E-018 -1.738724481516879E-004 -7.426784881525705E-018 
 1.165517335421917E-018 -7.426784881525705E-018 -1.738724481516818E-004
      </IFC>
    </s_s1_m1_m2_m3.1.1.3.3.3>
    <s_s1_m1_m2_m3.1.1.4.3.3>
      <IFC type="real" size="9" columns="3">
-2.386821035216926E-004  3.380534236782913E-005 -1.250243536441093E-005 
-3.380534236782680E-005 -2.649352344108050E-004  3.380534236783111E-005 
-1.250243536441093E-005 -3.380534236782461E-005 -2.386821035216895E-004
      </IFC>
    </s_s1_m1_m2_m3.1.1.4.3.3>
    <s_s1_m1_m2_m3.1.1.1.4.3>
      <IFC type="real" size="9" columns="3">
 9.188501415265463E-006  2.794824415786701E-004 -2.794824415786669E-004 
 4.168774039185021E-004 -3.291604081345958E-004 -6.270272176635476E-004 
-4.168774039184988E-004 -6.270272176635480E-004 -3.291604081346045E-004
      </IFC>
    </s_s1_m1_m2_m3.1.1.1.4.3>
    <s_s1_m1_m2_m3.1.1.2.4.3>
      <IFC type="real" size="9" columns="3">
-2.386821035216904E-004  1.250243536441830E-005  3.380534236782726E-005 
 1.250243536441808E-005 -2.386821035216943E-004  3.380534236782932E-005 
-3.380534236782867E-005 -3.380534236782694E-005 -2.649352344108076E-004
      </IFC>
    </s_s1_m1_m2_m3.1.1.2.4.3>
    <s_s1_m1_m2_m3.1.1.3.4.3>
      <IFC type="real" size="9" columns="3">
-2.649352344108093E-004 -3.380534236782943E-005 -3.380534236783109E-005 
 3.380534236782661E-005 -2.386821035216952E-004  1.250243536441277E-005 
 3.380534236782463E-005  1.250243536441250E-005 -2.386821035216891E-004
      </IFC>
    </s_s1_m1_m2_m3.1.1.3.4.3>
    <s_s1_m1_m2_m3.1.1.4.4.3>
      <IFC type="real" size="9" columns="3">
-3.291604081345988E-004 -6.270272176635488E-004 -4.168774039184977E-004 
-6.270272176635491E-004 -3.291604081345914E-004  4.168774039184981E-004 
-2.794824415786657E-004  2.794824415786661E-004  9.188501415271100E-006
      </IFC>
    </s_s1_m1_m2_m3.1.1.4.4.3>
    <s_s1_m1_m2_m3.1.1.1.1.4>
      <IFC type="real" size="9" columns="3">
-3.389411510820547E-003  3.537392545763620E-003  1.920214451100623E-003 
 3.537392545763620E-003 -3.389411510820561E-003 -1.920214451100621E-003 
-1.920214451100623E-003  1.920214451100626E-003  8.848436551328748E-003
      </IFC>
    </s_s1_m1_m2_m3.1.1.1.1.4>
    <s_s1_m1_m2_m3.1.1.2.1.4>
      <IFC type="real" size="9" columns="3">
 8.848436551328746E-003  1.920214451100622E-003 -1.920214451100626E-003 
-1.920214451100626E-003 -3.389411510820548E-003  3.537392545763616E-003 
 1.920214451100621E-003  3.537392545763616E-003 -3.389411510820557E-003
      </IFC>
    </s_s1_m1_m2_m3.1.1.2.1.4>
    <s_s1_m1_m2_m3.1.1.3.1.4>
      <IFC type="real" size="9" columns="3">
-3.291604081345975E-004  6.270272176635484E-004  4.168774039184992E-004 
 6.270272176635484E-004 -3.291604081345966E-004  4.168774039184997E-004 
 2.794824415786671E-004  2.794824415786678E-004  9.188501415272401E-006
      </IFC>
    </s_s1_m1_m2_m3.1.1.3.1.4>
    <s_s1_m1_m2_m3.1.1.4.1.4>
      <IFC type="real" size="9" columns="3">
 9.188501415272401E-006  2.794824415786670E-004  2.794824415786663E-004 
 4.168774039184990E-004 -3.291604081345919E-004  6.270272176635470E-004 
 4.168774039184981E-004  6.270272176635470E-004 -3.291604081345958E-004
      </IFC>
    </s_s1_m1_m2_m3.1.1.4.1.4>
    <s_s1_m1_m2_m3.1.1.1.2.4>
      <IFC type="real" size="9" columns="3">
-3.389411510820541E-003 -1.920214451100623E-003 -3.537392545763620E-003 
 1.920214451100625E-003  8.848436551328741E-003  1.920214451100623E-003 
-3.537392545763620E-003 -1.920214451100624E-003 -3.389411510820539E-003
      </IFC>
    </s_s1_m1_m2_m3.1.1.1.2.4>
    <s_s1_m1_m2_m3.1.1.2.2.4>
      <IFC type="real" size="9" columns="3">
-4.646305374169158E-004  2.602085213965211E-018 -1.951563910473908E-018 
 2.602085213965211E-018 -4.646305374169106E-004  3.469446951953614E-018 
-1.626303258728257E-018  3.252606517456513E-018 -1.870976720136147E-004
      </IFC>
    </s_s1_m1_m2_m3.1.1.2.2.4>
    <s_s1_m1_m2_m3.1.1.3.2.4>
      <IFC type="real" size="9" columns="3">
-2.386821035216926E-004 -3.380534236783014E-005  1.250243536441846E-005 
 3.380534236782591E-005 -2.649352344108102E-004  3.380534236782905E-005 
 1.250243536441825E-005 -3.380534236782707E-005 -2.386821035216917E-004
      </IFC>
    </s_s1_m1_m2_m3.1.1.3.2.4>
    <s_s1_m1_m2_m3.1.1.4.2.4>
      <IFC type="real" size="9" columns="3">
-1.870976720136038E-004 -1.084202172485504E-018 -3.089976191583688E-018 
-1.084202172485504E-018 -4.646305374169080E-004 -3.089976191583688E-018 
-2.981555974335137E-018 -2.873135757086587E-018 -4.646305374169084E-004
      </IFC>
    </s_s1_m1_m2_m3.1.1.4.2.4>
    <s_s1_m1_m2_m3.1.1.1.3.4>
      <IFC type="real" size="9" columns="3">
-3.291604081346010E-004  6.270272176635525E-004 -4.168774039185012E-004 
 6.270272176635525E-004 -3.291604081346045E-004 -4.168774039185001E-004 
-2.794824415786694E-004 -2.794824415786678E-004  9.188501415267197E-006
      </IFC>
    </s_s1_m1_m2_m3.1.1.1.3.4>
    <s_s1_m1_m2_m3.1.1.2.3.4>
      <IFC type="real" size="9" columns="3">
-2.649352344108102E-004  3.380534236782550E-005 -3.380534236783268E-005 
-3.380534236783049E-005 -2.386821035216965E-004 -1.250243536442031E-005 
 3.380534236782314E-005 -1.250243536442036E-005 -2.386821035216986E-004
      </IFC>
    </s_s1_m1_m2_m3.1.1.2.3.4>
    <s_s1_m1_m2_m3.1.1.3.3.4>
      <IFC type="real" size="9" columns="3">
-2.386821035216917E-004 -1.250243536440919E-005  3.380534236782190E-005 
-1.250243536440919E-005 -2.386821035216995E-004 -3.380534236782794E-005 
-3.380534236783382E-005  3.380534236782805E-005 -2.649352344108076E-004
      </IFC>
    </s_s1_m1_m2_m3.1.1.3.3.4>
    <s_s1_m1_m2_m3.1.1.4.3.4>
      <IFC type="real" size="9" columns="3">
 9.188501415268932E-006 -2.794824415786664E-004 -2.794824415786683E-004 
-4.168774039184983E-004 -3.291604081345962E-004  6.270272176635464E-004 
-4.168774039185006E-004  6.270272176635461E-004 -3.291604081345949E-004
      </IFC>
    </s_s1_m1_m2_m3.1.1.4.3.4>
    <s_s1_m1_m2_m3.1.1.1.4.4>
      <IFC type="real" size="9" columns="3">
-3.291604081345906E-004  4.168774039185005E-004 -6.270272176635493E-004 
 2.794824415786683E-004  9.188501415274136E-006 -2.794824415786688E-004 
-6.270272176635489E-004 -4.168774039185009E-004 -3.291604081345958E-004
      </IFC>
    </s_s1_m1_m2_m3.1.1.1.4.4>
    <s_s1_m1_m2_m3.1.1.2.4.4>
      <IFC type="real" size="9" columns="3">
-4.646305374169158E-004 -3.469446951953614E-018 -1.355252715606881E-018 
-3.469446951953614E-018 -1.870976720136221E-004  1.788933584601082E-018 
-1.246832498358330E-018  1.788933584601082E-018 -4.646305374169171E-004
      </IFC>
    </s_s1_m1_m2_m3.1.1.2.4.4>
    <s_s1_m1_m2_m3.1.1.3.4.4>
      <IFC type="real" size="9" columns="3">
-3.291604081345966E-004 -4.168774039185000E-004 -6.270272176635476E-004 
-2.794824415786680E-004  9.188501415266330E-006  2.794824415786662E-004 
-6.270272176635476E-004  4.168774039184983E-004 -3.291604081345923E-004
      </IFC>
    </s_s1_m1_m2_m3.1.1.3.4.4>
    <s_s1_m1_m2_m3.1.1.4.4.4>
      <IFC type="real" size="9" columns="3">
-2.067361073521006E-004 -6.505213034913027E-019  3.035766082959412E-018 
-6.505213034913027E-019 -2.067361073521024E-004  3.252606517456513E-019 
 2.927345865710862E-018  3.252606517456513E-019 -2.067361073521028E-004
      </IFC>
    </s_s1_m1_m2_m3.1.1.4.4.4>
    <s_s1_m1_m2_m3.1.2.1.1.1>
      <IFC type="real" size="9" columns="3">
-5.947676773053477E-002 -3.645257659235608E-002 -3.645257659235607E-002 
-3.645257659235607E-002 -5.947676773053477E-002 -3.645257659235608E-002 
-3.645257659235607E-002 -3.645257659235608E-002 -5.947676773053476E-002
      </IFC>
    </s_s1_m1_m2_m3.1.2.1.1.1>
    <s_s1_m1_m2_m3.1.2.2.1.1>
      <IFC type="real" size="9" columns="3">
 1.424117797075529E-004  6.147148112271546E-004 -6.147148112271546E-004 
 6.147148112271555E-004  6.599127640362673E-004  8.764166027390830E-004 
-6.147148112271545E-004  8.764166027390821E-004  6.599127640362663E-004
      </IFC>
    </s_s1_m1_m2_m3.1.2.2.1.1>
    <s_s1_m1_m2_m3.1.2.3.1.1>
      <IFC type="real" size="9" columns="3">
-4.631604340857960E-005  4.336035359591423E-004 -1.994737076620233E-004 
 4.336035359591423E-004  3.489350054763877E-004  4.336035359591435E-004 
-1.994737076620237E-004  4.336035359591433E-004 -4.631604340858361E-005
      </IFC>
    </s_s1_m1_m2_m3.1.2.3.1.1>
    <s_s1_m1_m2_m3.1.2.4.1.1>
      <IFC type="real" size="9" columns="3">
 6.599127640362682E-004  8.764166027390859E-004 -6.147148112271514E-004 
 8.764166027390872E-004  6.599127640362673E-004  6.147148112271591E-004 
-6.147148112271515E-004  6.147148112271586E-004  1.424117797075537E-004
      </IFC>
    </s_s1_m1_m2_m3.1.2.4.1.1>
    <s_s1_m1_m2_m3.1.2.1.2.1>
      <IFC type="real" size="9" columns="3">
-5.947676773053477E-002  3.645257659235608E-002  3.645257659235608E-002 
 3.645257659235608E-002 -5.947676773053477E-002 -3.645257659235607E-002 
 3.645257659235608E-002 -3.645257659235607E-002 -5.947676773053478E-002
      </IFC>
    </s_s1_m1_m2_m3.1.2.1.2.1>
    <s_s1_m1_m2_m3.1.2.2.2.1>
      <IFC type="real" size="9" columns="3">
-3.371647446746267E-004 -8.767180088289396E-004  1.711235800922778E-004 
-8.767180088289398E-004 -4.590621703048612E-003  8.767180088289249E-004 
 1.711235800922778E-004  8.767180088289225E-004 -3.371647446746226E-004
      </IFC>
    </s_s1_m1_m2_m3.1.2.2.2.1>
    <s_s1_m1_m2_m3.1.2.3.2.1>
      <IFC type="real" size="9" columns="3">
-3.371647446746188E-004  8.767180088289339E-004  1.711235800922735E-004 
 8.767180088289337E-004 -4.590621703048606E-003 -8.767180088289424E-004 
 1.711235800922730E-004 -8.767180088289443E-004 -3.371647446746188E-004
      </IFC>
    </s_s1_m1_m2_m3.1.2.3.2.1>
    <s_s1_m1_m2_m3.1.2.4.2.1>
      <IFC type="real" size="9" columns="3">
-5.947676773053476E-002 -3.645257659235607E-002  3.645257659235607E-002 
-3.645257659235608E-002 -5.947676773053476E-002  3.645257659235608E-002 
 3.645257659235607E-002  3.645257659235607E-002 -5.947676773053476E-002
      </IFC>
    </s_s1_m1_m2_m3.1.2.4.2.1>
    <s_s1_m1_m2_m3.1.2.1.3.1>
      <IFC type="real" size="9" columns="3">
-4.590621703048622E-003 -8.767180088289335E-004 -8.767180088289283E-004 
-8.767180088289327E-004 -3.371647446746397E-004 -1.711235800922707E-004 
-8.767180088289309E-004 -1.711235800922681E-004 -3.371647446746302E-004
      </IFC>
    </s_s1_m1_m2_m3.1.2.1.3.1>
    <s_s1_m1_m2_m3.1.2.2.3.1>
      <IFC type="real" size="9" columns="3">
 1.484900788488616E-004  5.050819038267566E-004 -5.050819038267388E-004 
 5.050819038267579E-004  1.484900788488652E-004  5.050819038267563E-004 
-5.050819038267381E-004  5.050819038267567E-004  1.484900788488631E-004
      </IFC>
    </s_s1_m1_m2_m3.1.2.2.3.1>
    <s_s1_m1_m2_m3.1.2.3.3.1>
      <IFC type="real" size="9" columns="3">
-3.371647446746350E-004 -1.711235800922712E-004 -8.767180088289327E-004 
-1.711235800922702E-004 -3.371647446746296E-004 -8.767180088289340E-004 
-8.767180088289322E-004 -8.767180088289349E-004 -4.590621703048614E-003
      </IFC>
    </s_s1_m1_m2_m3.1.2.3.3.1>
    <s_s1_m1_m2_m3.1.2.4.3.1>
      <IFC type="real" size="9" columns="3">
 6.599127640362717E-004  6.147148112271440E-004 -8.764166027390838E-004 
 6.147148112271444E-004  1.424117797075519E-004  6.147148112271406E-004 
-8.764166027390845E-004  6.147148112271393E-004  6.599127640362707E-004
      </IFC>
    </s_s1_m1_m2_m3.1.2.4.3.1>
    <s_s1_m1_m2_m3.1.2.1.4.1>
      <IFC type="real" size="9" columns="3">
-4.590621703048600E-003  8.767180088289364E-004  8.767180088289321E-004 
 8.767180088289351E-004 -3.371647446746156E-004 -1.711235800922799E-004 
 8.767180088289318E-004 -1.711235800922812E-004 -3.371647446746173E-004
      </IFC>
    </s_s1_m1_m2_m3.1.2.1.4.1>
    <s_s1_m1_m2_m3.1.2.2.4.1>
      <IFC type="real" size="9" columns="3">
-3.371647446746169E-004 -1.711235800922785E-004  8.767180088289294E-004 
-1.711235800922778E-004 -3.371647446746165E-004  8.767180088289400E-004 
 8.767180088289294E-004  8.767180088289403E-004 -4.590621703048598E-003
      </IFC>
    </s_s1_m1_m2_m3.1.2.2.4.1>
    <s_s1_m1_m2_m3.1.2.3.4.1>
      <IFC type="real" size="9" columns="3">
-4.631604340857981E-005  1.994737076620147E-004 -4.336035359591328E-004 
 1.994737076620151E-004 -4.631604340858003E-005  4.336035359591437E-004 
-4.336035359591314E-004  4.336035359591444E-004  3.489350054763912E-004
      </IFC>
    </s_s1_m1_m2_m3.1.2.3.4.1>
    <s_s1_m1_m2_m3.1.2.4.4.1>
      <IFC type="real" size="9" columns="3">
 3.489350054763892E-004  4.336035359591463E-004 -4.336035359591315E-004 
 4.336035359591463E-004 -4.631604340858599E-005  1.994737076620153E-004 
-4.336035359591307E-004  1.994737076620144E-004 -4.631604340858599E-005
      </IFC>
    </s_s1_m1_m2_m3.1.2.4.4.1>
    <s_s1_m1_m2_m3.1.2.1.1.2>
      <IFC type="real" size="9" columns="3">
 1.424117797075479E-004 -6.147148112271585E-004  6.147148112271494E-004 
-6.147148112271563E-004  6.599127640362630E-004  8.764166027390896E-004 
 6.147148112271494E-004  8.764166027390883E-004  6.599127640362626E-004
      </IFC>
    </s_s1_m1_m2_m3.1.2.1.1.2>
    <s_s1_m1_m2_m3.1.2.2.1.2>
      <IFC type="real" size="9" columns="3">
 1.300054315377377E-004  1.946530048593136E-005  1.946530048593678E-005 
 1.946530048593152E-005  3.183481774930768E-004  5.130348220900595E-005 
 1.946530048593743E-005  5.130348220900465E-005  3.183481774930814E-004
      </IFC>
    </s_s1_m1_m2_m3.1.2.2.1.2>
    <s_s1_m1_m2_m3.1.2.3.1.2>
      <IFC type="real" size="9" columns="3">
 3.183481774930758E-004  5.130348220900628E-005  1.946530048593776E-005 
 5.130348220900650E-005  3.183481774930801E-004  1.946530048593234E-005 
 1.946530048593873E-005  1.946530048593180E-005  1.300054315377368E-004
      </IFC>
    </s_s1_m1_m2_m3.1.2.3.1.2>
    <s_s1_m1_m2_m3.1.2.4.1.2>
      <IFC type="real" size="9" columns="3">
 6.599127640362719E-004  8.764166027390834E-004  6.147148112271541E-004 
 8.764166027390827E-004  6.599127640362730E-004 -6.147148112271600E-004 
 6.147148112271532E-004 -6.147148112271600E-004  1.424117797075551E-004
      </IFC>
    </s_s1_m1_m2_m3.1.2.4.1.2>
    <s_s1_m1_m2_m3.1.2.1.2.2>
      <IFC type="real" size="9" columns="3">
-3.371647446746250E-004  1.711235800922750E-004 -8.767180088289361E-004 
 1.711235800922750E-004 -3.371647446746250E-004  8.767180088289257E-004 
-8.767180088289361E-004  8.767180088289257E-004 -4.590621703048619E-003
      </IFC>
    </s_s1_m1_m2_m3.1.2.1.2.2>
    <s_s1_m1_m2_m3.1.2.2.2.2>
      <IFC type="real" size="9" columns="3">
 1.484900788488766E-004 -5.050819038267544E-004 -5.050819038267574E-004 
-5.050819038267558E-004  1.484900788488795E-004 -5.050819038267550E-004 
-5.050819038267581E-004 -5.050819038267563E-004  1.484900788488831E-004
      </IFC>
    </s_s1_m1_m2_m3.1.2.2.2.2>
    <s_s1_m1_m2_m3.1.2.3.2.2>
      <IFC type="real" size="9" columns="3">
-4.590621703048609E-003  8.767180088289297E-004 -8.767180088289431E-004 
 8.767180088289294E-004 -3.371647446746188E-004  1.711235800922739E-004 
-8.767180088289400E-004  1.711235800922734E-004 -3.371647446746257E-004
      </IFC>
    </s_s1_m1_m2_m3.1.2.3.2.2>
    <s_s1_m1_m2_m3.1.2.4.2.2>
      <IFC type="real" size="9" columns="3">
 6.599127640362687E-004 -6.147148112271462E-004 -8.764166027390802E-004 
-6.147148112271480E-004  1.424117797075561E-004 -6.147148112271493E-004 
-8.764166027390784E-004 -6.147148112271465E-004  6.599127640362645E-004
      </IFC>
    </s_s1_m1_m2_m3.1.2.4.2.2>
    <s_s1_m1_m2_m3.1.2.1.3.2>
      <IFC type="real" size="9" columns="3">
 1.484900788488609E-004 -5.050819038267449E-004  5.050819038267566E-004 
-5.050819038267445E-004  1.484900788488604E-004  5.050819038267484E-004 
 5.050819038267557E-004  5.050819038267471E-004  1.484900788488669E-004
      </IFC>
    </s_s1_m1_m2_m3.1.2.1.3.2>
    <s_s1_m1_m2_m3.1.2.2.3.2>
      <IFC type="real" size="9" columns="3">
 1.484900788488590E-004  5.050819038267530E-004  5.050819038267554E-004 
 5.050819038267536E-004  1.484900788488571E-004 -5.050819038267471E-004 
 5.050819038267541E-004 -5.050819038267499E-004  1.484900788488628E-004
      </IFC>
    </s_s1_m1_m2_m3.1.2.2.3.2>
    <s_s1_m1_m2_m3.1.2.3.3.2>
      <IFC type="real" size="9" columns="3">
 3.183481774930957E-004 -1.946530048592225E-005 -5.130348220899728E-005 
-1.946530048592117E-005  1.300054315377468E-004  1.946530048592323E-005 
-5.130348220899674E-005  1.946530048592225E-005  3.183481774930888E-004
      </IFC>
    </s_s1_m1_m2_m3.1.2.3.3.2>
    <s_s1_m1_m2_m3.1.2.4.3.2>
      <IFC type="real" size="9" columns="3">
 3.183481774930866E-004  1.946530048592182E-005 -5.130348220899977E-005 
 1.946530048592155E-005  1.300054315377430E-004 -1.946530048591846E-005 
-5.130348220899956E-005 -1.946530048591954E-005  3.183481774930901E-004
      </IFC>
    </s_s1_m1_m2_m3.1.2.4.3.2>
    <s_s1_m1_m2_m3.1.2.1.4.2>
      <IFC type="real" size="9" columns="3">
-3.371647446746193E-004  8.767180088289333E-004 -1.711235800922730E-004 
 8.767180088289337E-004 -4.590621703048602E-003  8.767180088289382E-004 
-1.711235800922733E-004  8.767180088289404E-004 -3.371647446746214E-004
      </IFC>
    </s_s1_m1_m2_m3.1.2.1.4.2>
    <s_s1_m1_m2_m3.1.2.2.4.2>
      <IFC type="real" size="9" columns="3">
 1.300054315377474E-004 -1.946530048592827E-005 -1.946530048592963E-005 
-1.946530048592876E-005  3.183481774930915E-004  5.130348220899218E-005 
-1.946530048593039E-005  5.130348220899153E-005  3.183481774930863E-004
      </IFC>
    </s_s1_m1_m2_m3.1.2.2.4.2>
    <s_s1_m1_m2_m3.1.2.3.4.2>
      <IFC type="real" size="9" columns="3">
 2.430982667898035E-004  7.918708842541617E-006 -7.918708842551483E-006 
 7.918708842540641E-006  2.430982667898009E-004  7.918708842543460E-006 
-7.918708842552134E-006  7.918708842541617E-006  2.430982667898091E-004
      </IFC>
    </s_s1_m1_m2_m3.1.2.3.4.2>
    <s_s1_m1_m2_m3.1.2.4.4.2>
      <IFC type="real" size="9" columns="3">
 3.183481774930867E-004  5.130348220900221E-005 -1.946530048593375E-005 
 5.130348220900129E-005  3.183481774930857E-004 -1.946530048592746E-005 
-1.946530048593451E-005 -1.946530048592659E-005  1.300054315377410E-004
      </IFC>
    </s_s1_m1_m2_m3.1.2.4.4.2>
    <s_s1_m1_m2_m3.1.2.1.1.3>
      <IFC type="real" size="9" columns="3">
-4.631604340857645E-005 -1.994737076620214E-004  4.336035359591393E-004 
-1.994737076620179E-004 -4.631604340858339E-005  4.336035359591324E-004 
 4.336035359591393E-004  4.336035359591393E-004  3.489350054763918E-004
      </IFC>
    </s_s1_m1_m2_m3.1.2.1.1.3>
    <s_s1_m1_m2_m3.1.2.2.1.3>
      <IFC type="real" size="9" columns="3">
 3.183481774930811E-004  1.946530048593228E-005  5.130348220900097E-005 
 1.946530048593304E-005  1.300054315377382E-004  1.946530048593266E-005 
 5.130348220899977E-005  1.946530048593158E-005  3.183481774930787E-004
      </IFC>
    </s_s1_m1_m2_m3.1.2.2.1.3>
    <s_s1_m1_m2_m3.1.2.3.1.3>
      <IFC type="real" size="9" columns="3">
 3.489350054764006E-004  4.336035359591401E-004  4.336035359591409E-004 
 4.336035359591396E-004 -4.631604340857060E-005 -1.994737076620255E-004 
 4.336035359591415E-004 -1.994737076620260E-004 -4.631604340857493E-005
      </IFC>
    </s_s1_m1_m2_m3.1.2.3.1.3>
    <s_s1_m1_m2_m3.1.2.4.1.3>
      <IFC type="real" size="9" columns="3">
 2.362019026216239E-004  1.077125801057587E-005 -1.077125801058460E-005 
 1.077125801057696E-005  2.362019026216265E-004  1.077125801057885E-005 
-1.077125801058471E-005  1.077125801057864E-005  2.362019026216261E-004
      </IFC>
    </s_s1_m1_m2_m3.1.2.4.1.3>
    <s_s1_m1_m2_m3.1.2.1.2.3>
      <IFC type="real" size="9" columns="3">
-3.371647446746180E-004  1.711235800922715E-004  8.767180088289396E-004 
 1.711235800922715E-004 -3.371647446746215E-004 -8.767180088289396E-004 
 8.767180088289396E-004 -8.767180088289396E-004 -4.590621703048615E-003
      </IFC>
    </s_s1_m1_m2_m3.1.2.1.2.3>
    <s_s1_m1_m2_m3.1.2.2.2.3>
      <IFC type="real" size="9" columns="3">
-4.590621703048612E-003 -8.767180088289387E-004  8.767180088289333E-004 
-8.767180088289390E-004 -3.371647446746250E-004  1.711235800922702E-004 
 8.767180088289320E-004  1.711235800922709E-004 -3.371647446746304E-004
      </IFC>
    </s_s1_m1_m2_m3.1.2.2.2.3>
    <s_s1_m1_m2_m3.1.2.3.2.3>
      <IFC type="real" size="9" columns="3">
 3.489350054763852E-004 -4.336035359591360E-004 -4.336035359591398E-004 
-4.336035359591368E-004 -4.631604340858599E-005 -1.994737076620122E-004 
-4.336035359591405E-004 -1.994737076620132E-004 -4.631604340859060E-005
      </IFC>
    </s_s1_m1_m2_m3.1.2.3.2.3>
    <s_s1_m1_m2_m3.1.2.4.2.3>
      <IFC type="real" size="9" columns="3">
-4.631604340859033E-005 -1.994737076620109E-004 -4.336035359591359E-004 
-1.994737076620144E-004 -4.631604340859033E-005 -4.336035359591393E-004 
-4.336035359591359E-004 -4.336035359591359E-004  3.489350054763848E-004
      </IFC>
    </s_s1_m1_m2_m3.1.2.4.2.3>
    <s_s1_m1_m2_m3.1.2.1.3.3>
      <IFC type="real" size="9" columns="3">
-3.371647446746397E-004 -8.767180088289335E-004 -1.711235800922742E-004 
-8.767180088289309E-004 -4.590621703048620E-003 -8.767180088289318E-004 
-1.711235800922733E-004 -8.767180088289327E-004 -3.371647446746354E-004
      </IFC>
    </s_s1_m1_m2_m3.1.2.1.3.3>
    <s_s1_m1_m2_m3.1.2.2.3.3>
      <IFC type="real" size="9" columns="3">
 3.183481774930899E-004 -5.130348220899961E-005 -1.946530048592280E-005 
-5.130348220899820E-005  3.183481774930883E-004  1.946530048592117E-005 
-1.946530048592334E-005  1.946530048592095E-005  1.300054315377456E-004
      </IFC>
    </s_s1_m1_m2_m3.1.2.2.3.3>
    <s_s1_m1_m2_m3.1.2.3.3.3>
      <IFC type="real" size="9" columns="3">
 2.430982667898149E-004 -7.918708842548990E-006 -7.918708842543244E-006 
-7.918708842549586E-006  2.430982667898073E-004 -7.918708842547580E-006 
-7.918708842543460E-006 -7.918708842547255E-006  2.430982667898118E-004
      </IFC>
    </s_s1_m1_m2_m3.1.2.3.3.3>
    <s_s1_m1_m2_m3.1.2.4.3.3>
      <IFC type="real" size="9" columns="3">
 1.300054315377459E-004  1.946530048592177E-005 -1.946530048592692E-005 
 1.946530048592242E-005  3.183481774930879E-004 -5.130348220900454E-005 
-1.946530048592768E-005 -5.130348220900606E-005  3.183481774930917E-004
      </IFC>
    </s_s1_m1_m2_m3.1.2.4.3.3>
    <s_s1_m1_m2_m3.1.2.1.4.3>
      <IFC type="real" size="9" columns="3">
-4.631604340858035E-005 -4.336035359591356E-004  1.994737076620173E-004 
-4.336035359591353E-004  3.489350054763959E-004  4.336035359591431E-004 
 1.994737076620170E-004  4.336035359591418E-004 -4.631604340858263E-005
      </IFC>
    </s_s1_m1_m2_m3.1.2.1.4.3>
    <s_s1_m1_m2_m3.1.2.2.4.3>
      <IFC type="real" size="9" columns="3">
 2.430982667898072E-004 -7.918708842544545E-006  7.918708842544328E-006 
-7.918708842543894E-006  2.430982667898064E-004  7.918708842546279E-006 
 7.918708842543027E-006  7.918708842546062E-006  2.430982667898066E-004
      </IFC>
    </s_s1_m1_m2_m3.1.2.2.4.3>
    <s_s1_m1_m2_m3.1.2.3.4.3>
