<?xml version="1.0"?>
<?iotk version="1.2.0"?>
<?iotk file_version="1.0"?>
<?iotk binary="F"?>
<?iotk qe_syntax="F"?>
<Root>
  <GEOMETRY_INFO>
    <NUMBER_OF_TYPES type="integer" size="1">
         1
    </NUMBER_OF_TYPES>
    <NUMBER_OF_ATOMS type="integer" size="1">
         2
    </NUMBER_OF_ATOMS>
    <BRAVAIS_LATTICE_INDEX type="integer" size="1">
         2
    </BRAVAIS_LATTICE_INDEX>
    <SPIN_COMPONENTS type="integer" size="1">
         1
    </SPIN_COMPONENTS>
    <CELL_DIMENSIONS type="real" size="6">
 1.010000000000000E+001
 0.000000000000000E+000
 0.000000000000000E+000
 0.000000000000000E+000
 0.000000000000000E+000
 0.000000000000000E+000
    </CELL_DIMENSIONS>
    <AT type="real" size="9" columns="3">
-5.000000000000000E-001  0.000000000000000E+000  5.000000000000000E-001 
 0.000000000000000E+000  5.000000000000000E-001  5.000000000000000E-001 
-5.000000000000000E-001  5.000000000000000E-001  0.000000000000000E+000
    </AT>
    <BG type="real" size="9" columns="3">
-1.000000000000000E+000 -1.000000000000000E+000  1.000000000000000E+000 
 1.000000000000000E+000  1.000000000000000E+000  1.000000000000000E+000 
-1.000000000000000E+000  1.000000000000000E+000 -1.000000000000000E+000
    </BG>
    <UNIT_CELL_VOLUME_AU type="real" size="1">
 2.575752500000000E+002
    </UNIT_CELL_VOLUME_AU>
    <TYPE_NAME.1 type="character" size="1" len="3">
Si 
    </TYPE_NAME.1>
    <MASS.1 type="real" size="1">
 2.808600000000000E+001
    </MASS.1>
    <ATOM.1 SPECIES="Si " INDEX="1" TAU="0.000000000000000E+000 0.000000000000000E+000 0.000000000000000E+000"/>
    <ATOM.2 SPECIES="Si " INDEX="1" TAU="2.500000000000000E-001 2.500000000000000E-001 2.500000000000000E-001"/>
    <NUMBER_OF_Q type="integer" size="1">
         6
    </NUMBER_OF_Q>
  </GEOMETRY_INFO>
  <DIELECTRIC_PROPERTIES>
    <EPSILON type="real" size="9" columns="3">
 1.368716670988083E+001  9.769962616701378E-015  8.881784197001252E-016 
 8.881784197001252E-015  1.368716670988083E+001  0.000000000000000E+000 
-4.440892098500626E-015 -8.881784197001252E-016  1.368716670988083E+001
    </EPSILON>
    <ZSTAR>
      <Z_AT_.1 type="real" size="9" columns="3">
 0.000000000000000E+000 -1.110223024625157E-015 -6.661338147750939E-016 
-4.440892098500624E-016 -4.440892098500626E-016 -4.440892098500628E-016 
-2.220446049250313E-016 -6.661338147750937E-016  0.000000000000000E+000
      </Z_AT_.1>
      <Z_AT_.2 type="real" size="9" columns="3">
 0.000000000000000E+000  1.110223024625156E-015  6.661338147750939E-016 
 4.440892098500626E-016  4.440892098500626E-016  4.440892098500626E-016 
 2.220446049250315E-016  6.661338147750937E-016  0.000000000000000E+000
      </Z_AT_.2>
    </ZSTAR>
  </DIELECTRIC_PROPERTIES>
  <INTERATOMIC_FORCE_CONSTANTS>
    <MESH_NQ1_NQ2_NQ3 type="integer" size="3" columns="3">
         4          4          4
    </MESH_NQ1_NQ2_NQ3>
    <s_s1_m1_m2_m3.1.1.1.1.1>
      <IFC type="real" size="9" columns="3">
 2.917478331843262E-001 -5.258380536554697E-018 -1.870248747537495E-018 
-5.258380536554697E-018  2.917478331843262E-001  3.794707603699266E-018 
-1.870248747537495E-018  3.794707603699266E-018  2.917478331843262E-001
      </IFC>
    </s_s1_m1_m2_m3.1.1.1.1.1>
    <s_s1_m1_m2_m3.1.1.2.1.1>
      <IFC type="real" size="9" columns="3">
-4.138577500972166E-003 -2.164662116011821E-003  4.311355048490379E-003 
 2.164662116011822E-003  9.266666757653981E-003 -2.164662116011826E-003 
 4.311355048490379E-003  2.164662116011818E-003 -4.138577500972182E-003
      </IFC>
    </s_s1_m1_m2_m3.1.1.2.1.1>
    <s_s1_m1_m2_m3.1.1.3.1.1>
      <IFC type="real" size="9" columns="3">
 1.550912900469444E-005 -2.547875105340935E-018  6.467746678839286E-004 
-2.547875105340935E-018  4.024654112681931E-003 -3.957337929572091E-018 
 6.467746678839286E-004 -3.957337929572091E-018  1.550912900470311E-005
      </IFC>
    </s_s1_m1_m2_m3.1.1.3.1.1>
    <s_s1_m1_m2_m3.1.1.4.1.1>
      <IFC type="real" size="9" columns="3">
-4.138577500972166E-003  2.164662116011822E-003  4.311355048490379E-003 
-2.164662116011821E-003  9.266666757653981E-003  2.164662116011818E-003 
 4.311355048490379E-003 -2.164662116011826E-003 -4.138577500972182E-003
      </IFC>
    </s_s1_m1_m2_m3.1.1.4.1.1>
    <s_s1_m1_m2_m3.1.1.1.2.1>
      <IFC type="real" size="9" columns="3">
 9.266666757653981E-003  2.164662116011823E-003  2.164662116011821E-003 
-2.164662116011820E-003 -4.138577500972174E-003 -4.311355048490379E-003 
-2.164662116011823E-003 -4.311355048490379E-003 -4.138577500972174E-003
      </IFC>
    </s_s1_m1_m2_m3.1.1.1.2.1>
    <s_s1_m1_m2_m3.1.1.2.2.1>
      <IFC type="real" size="9" columns="3">
-3.762719649877374E-004 -6.241646930099875E-004  2.410838567351233E-004 
-6.241646930099875E-004 -3.762719649877356E-004 -2.410838567351226E-004 
 4.215822060099592E-004 -4.215822060099585E-004  3.051733175191574E-005
      </IFC>
    </s_s1_m1_m2_m3.1.1.2.2.1>
    <s_s1_m1_m2_m3.1.1.3.2.1>
      <IFC type="real" size="9" columns="3">
 3.051733175192181E-005 -4.215822060099563E-004  4.215822060099596E-004 
-2.410838567351204E-004 -3.762719649877278E-004 -6.241646930099799E-004 
 2.410838567351237E-004 -6.241646930099799E-004 -3.762719649877348E-004
      </IFC>
    </s_s1_m1_m2_m3.1.1.3.2.1>
    <s_s1_m1_m2_m3.1.1.4.2.1>
      <IFC type="real" size="9" columns="3">
-4.138577500972175E-003 -4.311355048490378E-003 -2.164662116011821E-003 
-4.311355048490378E-003 -4.138577500972177E-003 -2.164662116011820E-003 
 2.164662116011822E-003  2.164662116011823E-003  9.266666757653981E-003
      </IFC>
    </s_s1_m1_m2_m3.1.1.4.2.1>
    <s_s1_m1_m2_m3.1.1.1.3.1>
      <IFC type="real" size="9" columns="3">
 4.024654112681922E-003  5.421010862427522E-020  6.559423143537302E-018 
 5.421010862427522E-020  1.550912900470658E-005 -6.467746678839251E-004 
 6.559423143537302E-018 -6.467746678839251E-004  1.550912900470658E-005
      </IFC>
    </s_s1_m1_m2_m3.1.1.1.3.1>
    <s_s1_m1_m2_m3.1.1.2.3.1>
      <IFC type="real" size="9" columns="3">
-3.762719649877261E-004 -2.410838567351222E-004  6.241646930099834E-004 
-4.215822060099581E-004  3.051733175192615E-005 -4.215822060099599E-004 
 6.241646930099834E-004 -2.410838567351239E-004 -3.762719649877269E-004
      </IFC>
    </s_s1_m1_m2_m3.1.1.2.3.1>
    <s_s1_m1_m2_m3.1.1.3.3.1>
      <IFC type="real" size="9" columns="3">
 1.550912900469791E-005 -6.467746678839338E-004  1.165517335421917E-018 
-6.467746678839338E-004  1.550912900470137E-005  4.065758146820642E-018 
 1.165517335421917E-018  4.065758146820642E-018  4.024654112681929E-003
      </IFC>
    </s_s1_m1_m2_m3.1.1.3.3.1>
    <s_s1_m1_m2_m3.1.1.4.3.1>
      <IFC type="real" size="9" columns="3">
-3.762719649877261E-004 -4.215822060099581E-004  6.241646930099834E-004 
-2.410838567351222E-004  3.051733175192615E-005 -2.410838567351239E-004 
 6.241646930099834E-004 -4.215822060099599E-004 -3.762719649877269E-004
      </IFC>
    </s_s1_m1_m2_m3.1.1.4.3.1>
    <s_s1_m1_m2_m3.1.1.1.4.1>
      <IFC type="real" size="9" columns="3">
 9.266666757653981E-003 -2.164662116011820E-003 -2.164662116011823E-003 
 2.164662116011823E-003 -4.138577500972174E-003 -4.311355048490379E-003 
 2.164662116011821E-003 -4.311355048490379E-003 -4.138577500972174E-003
      </IFC>
    </s_s1_m1_m2_m3.1.1.1.4.1>
    <s_s1_m1_m2_m3.1.1.2.4.1>
      <IFC type="real" size="9" columns="3">
-4.138577500972175E-003 -4.311355048490378E-003  2.164662116011822E-003 
-4.311355048490378E-003 -4.138577500972177E-003  2.164662116011823E-003 
-2.164662116011821E-003 -2.164662116011820E-003  9.266666757653981E-003
      </IFC>
    </s_s1_m1_m2_m3.1.1.2.4.1>
    <s_s1_m1_m2_m3.1.1.3.4.1>
      <IFC type="real" size="9" columns="3">
 3.051733175192181E-005 -2.410838567351204E-004  2.410838567351237E-004 
-4.215822060099563E-004 -3.762719649877278E-004 -6.241646930099799E-004 
 4.215822060099596E-004 -6.241646930099799E-004 -3.762719649877348E-004
      </IFC>
    </s_s1_m1_m2_m3.1.1.3.4.1>
    <s_s1_m1_m2_m3.1.1.4.4.1>
      <IFC type="real" size="9" columns="3">
-3.762719649877374E-004 -6.241646930099875E-004  4.215822060099592E-004 
-6.241646930099875E-004 -3.762719649877356E-004 -4.215822060099585E-004 
 2.410838567351233E-004 -2.410838567351226E-004  3.051733175191574E-005
      </IFC>
    </s_s1_m1_m2_m3.1.1.4.4.1>
    <s_s1_m1_m2_m3.1.1.1.1.2>
      <IFC type="real" size="9" columns="3">
-4.138577500972171E-003  4.311355048490382E-003 -2.164662116011822E-003 
 4.311355048490382E-003 -4.138577500972171E-003  2.164662116011822E-003 
 2.164662116011822E-003 -2.164662116011822E-003  9.266666757653988E-003
      </IFC>
    </s_s1_m1_m2_m3.1.1.1.1.2>
    <s_s1_m1_m2_m3.1.1.2.1.2>
      <IFC type="real" size="9" columns="3">
 3.051733175192441E-005  4.215822060099609E-004  4.215822060099584E-004 
 2.410838567351251E-004 -3.762719649877356E-004  6.241646930099888E-004 
 2.410838567351225E-004  6.241646930099888E-004 -3.762719649877330E-004
      </IFC>
    </s_s1_m1_m2_m3.1.1.2.1.2>
    <s_s1_m1_m2_m3.1.1.3.1.2>
      <IFC type="real" size="9" columns="3">
-3.762719649877330E-004  6.241646930099811E-004  2.410838567351239E-004 
 6.241646930099811E-004 -3.762719649877278E-004  2.410838567351215E-004 
 4.215822060099598E-004  4.215822060099575E-004  3.051733175192702E-005
      </IFC>
    </s_s1_m1_m2_m3.1.1.3.1.2>
    <s_s1_m1_m2_m3.1.1.4.1.2>
      <IFC type="real" size="9" columns="3">
 9.266666757653984E-003 -2.164662116011819E-003  2.164662116011820E-003 
 2.164662116011825E-003 -4.138577500972177E-003  4.311355048490379E-003 
-2.164662116011823E-003  4.311355048490379E-003 -4.138577500972176E-003
      </IFC>
    </s_s1_m1_m2_m3.1.1.4.1.2>
    <s_s1_m1_m2_m3.1.1.1.2.2>
      <IFC type="real" size="9" columns="3">
-3.762719649877400E-004  2.410838567351188E-004 -6.241646930099816E-004 
 4.215822060099546E-004  3.051733175192181E-005 -4.215822060099594E-004 
-6.241646930099816E-004 -2.410838567351236E-004 -3.762719649877296E-004
      </IFC>
    </s_s1_m1_m2_m3.1.1.1.2.2>
    <s_s1_m1_m2_m3.1.1.2.2.2>
      <IFC type="real" size="9" columns="3">
-2.582164441351977E-004  6.505213034913027E-019  2.602085213965211E-018 
 6.505213034913027E-019 -2.582164441352021E-004 -1.788933584601082E-018 
 2.710505431213761E-018 -1.897353801849633E-018 -2.582164441351995E-004
      </IFC>
    </s_s1_m1_m2_m3.1.1.2.2.2>
    <s_s1_m1_m2_m3.1.1.3.2.2>
      <IFC type="real" size="9" columns="3">
-3.762719649877313E-004 -2.410838567351247E-004 -6.241646930099862E-004 
-4.215822060099606E-004  3.051733175192008E-005  4.215822060099582E-004 
-6.241646930099862E-004  2.410838567351223E-004 -3.762719649877226E-004
      </IFC>
    </s_s1_m1_m2_m3.1.1.3.2.2>
    <s_s1_m1_m2_m3.1.1.4.2.2>
      <IFC type="real" size="9" columns="3">
-4.610551516819206E-004 -1.301042606982605E-018  2.710505431213761E-018 
-1.301042606982605E-018 -2.347820123040243E-004  2.818925648462312E-018 
 2.602085213965211E-018  2.927345865710862E-018 -4.610551516819241E-004
      </IFC>
    </s_s1_m1_m2_m3.1.1.4.2.2>
    <s_s1_m1_m2_m3.1.1.1.3.2>
      <IFC type="real" size="9" columns="3">
-3.762719649877261E-004  6.241646930099819E-004 -2.410838567351253E-004 
 6.241646930099819E-004 -3.762719649877261E-004 -2.410838567351268E-004 
-4.215822060099612E-004 -4.215822060099627E-004  3.051733175192528E-005
      </IFC>
    </s_s1_m1_m2_m3.1.1.1.3.2>
    <s_s1_m1_m2_m3.1.1.2.3.2>
      <IFC type="real" size="9" columns="3">
 3.051733175192788E-005 -4.215822060099569E-004 -4.215822060099619E-004 
-2.410838567351210E-004 -3.762719649877356E-004  6.241646930099896E-004 
-2.410838567351260E-004  6.241646930099899E-004 -3.762719649877365E-004
      </IFC>
    </s_s1_m1_m2_m3.1.1.2.3.2>
    <s_s1_m1_m2_m3.1.1.3.3.2>
      <IFC type="real" size="9" columns="3">
-2.301055070772148E-004  2.396670436557069E-006 -2.284789746614195E-005 
 2.396670436557069E-006 -2.301055070772096E-004  2.284789746613948E-005 
 2.284789746614049E-005 -2.284789746614295E-005 -2.608282528734750E-004
      </IFC>
    </s_s1_m1_m2_m3.1.1.3.3.2>
    <s_s1_m1_m2_m3.1.1.4.3.2>
      <IFC type="real" size="9" columns="3">
-2.608282528734846E-004 -2.284789746614035E-005  2.284789746613821E-005 
 2.284789746614209E-005 -2.301055070772140E-004  2.396670436551919E-006 
-2.284789746614415E-005  2.396670436551811E-006 -2.301055070772096E-004
      </IFC>
    </s_s1_m1_m2_m3.1.1.4.3.2>
    <s_s1_m1_m2_m3.1.1.1.4.2>
      <IFC type="real" size="9" columns="3">
-4.138577500972185E-003  2.164662116011819E-003 -4.311355048490374E-003 
-2.164662116011825E-003  9.266666757653984E-003 -2.164662116011825E-003 
-4.311355048490374E-003  2.164662116011819E-003 -4.138577500972174E-003
      </IFC>
    </s_s1_m1_m2_m3.1.1.1.4.2>
    <s_s1_m1_m2_m3.1.1.2.4.2>
      <IFC type="real" size="9" columns="3">
-2.347820123040217E-004 -1.301042606982605E-018 -4.336808689942018E-019 
-1.301042606982605E-018 -4.610551516819250E-004 -1.843143693225358E-018 
-3.252606517456513E-019 -1.951563910473908E-018 -4.610551516819224E-004
      </IFC>
    </s_s1_m1_m2_m3.1.1.2.4.2>
    <s_s1_m1_m2_m3.1.1.3.4.2>
      <IFC type="real" size="9" columns="3">
-2.301055070772166E-004  2.284789746613840E-005 -2.396670436549426E-006 
-2.284789746614404E-005 -2.608282528734820E-004 -2.284789746614328E-005 
-2.396670436549426E-006  2.284789746613916E-005 -2.301055070772010E-004
      </IFC>
    </s_s1_m1_m2_m3.1.1.3.4.2>
    <s_s1_m1_m2_m3.1.1.4.4.2>
      <IFC type="real" size="9" columns="3">
-4.610551516819224E-004  6.505213034913027E-019  5.421010862427522E-019 
 6.505213034913027E-019 -4.610551516819250E-004 -5.963111948670274E-019 
 4.336808689942018E-019 -4.878909776184770E-019 -2.347820123040235E-004
      </IFC>
    </s_s1_m1_m2_m3.1.1.4.4.2>
    <s_s1_m1_m2_m3.1.1.1.1.3>
      <IFC type="real" size="9" columns="3">
 1.550912900472046E-005  6.467746678839245E-004  5.610746242612485E-018 
 6.467746678839245E-004  1.550912900472046E-005  4.336808689942018E-019 
 5.610746242612485E-018  4.336808689942018E-019  4.024654112681936E-003
      </IFC>
    </s_s1_m1_m2_m3.1.1.1.1.3>
    <s_s1_m1_m2_m3.1.1.2.1.3>
      <IFC type="real" size="9" columns="3">
-3.762719649877330E-004  2.410838567351219E-004  6.241646930099816E-004 
 4.215822060099578E-004  3.051733175192615E-005  4.215822060099578E-004 
 6.241646930099816E-004  2.410838567351219E-004 -3.762719649877408E-004
      </IFC>
    </s_s1_m1_m2_m3.1.1.2.1.3>
    <s_s1_m1_m2_m3.1.1.3.1.3>
      <IFC type="real" size="9" columns="3">
 4.024654112681920E-003 -4.607859233063394E-018  1.951563910473908E-018 
-4.607859233063394E-018  1.550912900470137E-005  6.467746678839323E-004 
 1.951563910473908E-018  6.467746678839323E-004  1.550912900469964E-005
      </IFC>
    </s_s1_m1_m2_m3.1.1.3.1.3>
    <s_s1_m1_m2_m3.1.1.4.1.3>
      <IFC type="real" size="9" columns="3">
-3.762719649877330E-004  4.215822060099578E-004  6.241646930099816E-004 
 2.410838567351219E-004  3.051733175192615E-005  2.410838567351219E-004 
 6.241646930099816E-004  4.215822060099578E-004 -3.762719649877408E-004
      </IFC>
    </s_s1_m1_m2_m3.1.1.4.1.3>
    <s_s1_m1_m2_m3.1.1.1.2.3>
      <IFC type="real" size="9" columns="3">
 3.051733175191834E-005  4.215822060099606E-004 -4.215822060099581E-004 
 2.410838567351247E-004 -3.762719649877296E-004 -6.241646930099808E-004 
-2.410838567351225E-004 -6.241646930099808E-004 -3.762719649877296E-004
      </IFC>
    </s_s1_m1_m2_m3.1.1.1.2.3>
    <s_s1_m1_m2_m3.1.1.2.2.3>
      <IFC type="real" size="9" columns="3">
-3.762719649877269E-004 -6.241646930099875E-004 -2.410838567351270E-004 
-6.241646930099875E-004 -3.762719649877356E-004  2.410838567351225E-004 
-4.215822060099629E-004  4.215822060099584E-004  3.051733175194003E-005
      </IFC>
    </s_s1_m1_m2_m3.1.1.2.2.3>
    <s_s1_m1_m2_m3.1.1.3.2.3>
      <IFC type="real" size="9" columns="3">
-2.608282528734733E-004  2.284789746614409E-005  2.284789746614290E-005 
-2.284789746613835E-005 -2.301055070772096E-004 -2.396670436558424E-006 
-2.284789746613954E-005 -2.396670436558424E-006 -2.301055070772166E-004
      </IFC>
    </s_s1_m1_m2_m3.1.1.3.2.3>
    <s_s1_m1_m2_m3.1.1.4.2.3>
      <IFC type="real" size="9" columns="3">
-2.301055070772088E-004 -2.396670436551323E-006 -2.284789746614425E-005 
-2.396670436551323E-006 -2.301055070772140E-004 -2.284789746613948E-005 
 2.284789746613797E-005  2.284789746614295E-005 -2.608282528734794E-004
      </IFC>
    </s_s1_m1_m2_m3.1.1.4.2.3>
    <s_s1_m1_m2_m3.1.1.1.3.3>
      <IFC type="real" size="9" columns="3">
 1.550912900470658E-005 -2.005774019098183E-018 -6.467746678839260E-004 
-2.005774019098183E-018  4.024654112681922E-003  1.517883041479706E-018 
-6.467746678839260E-004  1.517883041479706E-018  1.550912900470658E-005
      </IFC>
    </s_s1_m1_m2_m3.1.1.1.3.3>
    <s_s1_m1_m2_m3.1.1.2.3.3>
      <IFC type="real" size="9" columns="3">
-2.301055070772096E-004 -2.284789746614176E-005  2.396670436558967E-006 
 2.284789746614068E-005 -2.608282528734828E-004 -2.284789746614268E-005 
 2.396670436558912E-006  2.284789746613970E-005 -2.301055070772053E-004
      </IFC>
    </s_s1_m1_m2_m3.1.1.2.3.3>
    <s_s1_m1_m2_m3.1.1.3.3.3>
      <IFC type="real" size="9" columns="3">
-1.826744020019724E-004 -3.957337929572091E-018  4.418123852878431E-018 
-3.957337929572091E-018 -1.826744020019585E-004  3.523657060577889E-018 
 4.418123852878431E-018  3.523657060577889E-018 -1.826744020019845E-004
      </IFC>
    </s_s1_m1_m2_m3.1.1.3.3.3>
    <s_s1_m1_m2_m3.1.1.4.3.3>
      <IFC type="real" size="9" columns="3">
-2.301055070772096E-004  2.284789746614068E-005  2.396670436558912E-006 
-2.284789746614176E-005 -2.608282528734828E-004  2.284789746613970E-005 
 2.396670436558967E-006 -2.284789746614268E-005 -2.301055070772053E-004
      </IFC>
    </s_s1_m1_m2_m3.1.1.4.3.3>
    <s_s1_m1_m2_m3.1.1.1.4.3>
      <IFC type="real" size="9" columns="3">
 3.051733175191834E-005  2.410838567351247E-004 -2.410838567351225E-004 
 4.215822060099606E-004 -3.762719649877296E-004 -6.241646930099808E-004 
-4.215822060099581E-004 -6.241646930099808E-004 -3.762719649877296E-004
      </IFC>
    </s_s1_m1_m2_m3.1.1.1.4.3>
    <s_s1_m1_m2_m3.1.1.2.4.3>
      <IFC type="real" size="9" columns="3">
-2.301055070772088E-004 -2.396670436551323E-006  2.284789746613797E-005 
-2.396670436551323E-006 -2.301055070772140E-004  2.284789746614295E-005 
-2.284789746614425E-005 -2.284789746613948E-005 -2.608282528734794E-004
      </IFC>
    </s_s1_m1_m2_m3.1.1.2.4.3>
    <s_s1_m1_m2_m3.1.1.3.4.3>
      <IFC type="real" size="9" columns="3">
-2.608282528734733E-004 -2.284789746613835E-005 -2.284789746613954E-005 
 2.284789746614409E-005 -2.301055070772096E-004 -2.396670436558424E-006 
 2.284789746614290E-005 -2.396670436558424E-006 -2.301055070772166E-004
      </IFC>
    </s_s1_m1_m2_m3.1.1.3.4.3>
    <s_s1_m1_m2_m3.1.1.4.4.3>
      <IFC type="real" size="9" columns="3">
-3.762719649877269E-004 -6.241646930099875E-004 -4.215822060099629E-004 
-6.241646930099875E-004 -3.762719649877356E-004  4.215822060099584E-004 
-2.410838567351270E-004  2.410838567351225E-004  3.051733175194003E-005
      </IFC>
    </s_s1_m1_m2_m3.1.1.4.4.3>
    <s_s1_m1_m2_m3.1.1.1.1.4>
      <IFC type="real" size="9" columns="3">
-4.138577500972171E-003  4.311355048490382E-003  2.164662116011822E-003 
 4.311355048490382E-003 -4.138577500972171E-003 -2.164662116011822E-003 
-2.164662116011822E-003  2.164662116011822E-003  9.266666757653988E-003
      </IFC>
    </s_s1_m1_m2_m3.1.1.1.1.4>
    <s_s1_m1_m2_m3.1.1.2.1.4>
      <IFC type="real" size="9" columns="3">
 9.266666757653984E-003  2.164662116011825E-003 -2.164662116011823E-003 
-2.164662116011819E-003 -4.138577500972177E-003  4.311355048490379E-003 
 2.164662116011820E-003  4.311355048490379E-003 -4.138577500972176E-003
      </IFC>
    </s_s1_m1_m2_m3.1.1.2.1.4>
    <s_s1_m1_m2_m3.1.1.3.1.4>
      <IFC type="real" size="9" columns="3">
-3.762719649877330E-004  6.241646930099811E-004  4.215822060099598E-004 
 6.241646930099811E-004 -3.762719649877278E-004  4.215822060099575E-004 
 2.410838567351239E-004  2.410838567351215E-004  3.051733175192702E-005
      </IFC>
    </s_s1_m1_m2_m3.1.1.3.1.4>
    <s_s1_m1_m2_m3.1.1.4.1.4>
      <IFC type="real" size="9" columns="3">
 3.051733175192441E-005  2.410838567351251E-004  2.410838567351225E-004 
 4.215822060099609E-004 -3.762719649877356E-004  6.241646930099888E-004 
 4.215822060099584E-004  6.241646930099888E-004 -3.762719649877330E-004
      </IFC>
    </s_s1_m1_m2_m3.1.1.4.1.4>
    <s_s1_m1_m2_m3.1.1.1.2.4>
      <IFC type="real" size="9" columns="3">
-4.138577500972185E-003 -2.164662116011825E-003 -4.311355048490374E-003 
 2.164662116011819E-003  9.266666757653984E-003  2.164662116011819E-003 
-4.311355048490374E-003 -2.164662116011825E-003 -4.138577500972174E-003
      </IFC>
    </s_s1_m1_m2_m3.1.1.1.2.4>
    <s_s1_m1_m2_m3.1.1.2.2.4>
      <IFC type="real" size="9" columns="3">
-4.610551516819224E-004  6.505213034913027E-019  4.336808689942018E-019 
 6.505213034913027E-019 -4.610551516819250E-004 -4.878909776184770E-019 
 5.421010862427522E-019 -5.963111948670274E-019 -2.347820123040235E-004
      </IFC>
    </s_s1_m1_m2_m3.1.1.2.2.4>
    <s_s1_m1_m2_m3.1.1.3.2.4>
      <IFC type="real" size="9" columns="3">
-2.301055070772166E-004 -2.284789746614404E-005 -2.396670436549426E-006 
 2.284789746613840E-005 -2.608282528734820E-004  2.284789746613916E-005 
-2.396670436549426E-006 -2.284789746614328E-005 -2.301055070772010E-004
      </IFC>
    </s_s1_m1_m2_m3.1.1.3.2.4>
    <s_s1_m1_m2_m3.1.1.4.2.4>
      <IFC type="real" size="9" columns="3">
-2.347820123040217E-004 -1.301042606982605E-018 -3.252606517456513E-019 
-1.301042606982605E-018 -4.610551516819250E-004 -1.951563910473908E-018 
-4.336808689942018E-019 -1.843143693225358E-018 -4.610551516819224E-004
      </IFC>
    </s_s1_m1_m2_m3.1.1.4.2.4>
    <s_s1_m1_m2_m3.1.1.1.3.4>
      <IFC type="real" size="9" columns="3">
-3.762719649877261E-004  6.241646930099819E-004 -4.215822060099612E-004 
 6.241646930099819E-004 -3.762719649877261E-004 -4.215822060099627E-004 
-2.410838567351253E-004 -2.410838567351268E-004  3.051733175192528E-005
      </IFC>
    </s_s1_m1_m2_m3.1.1.1.3.4>
    <s_s1_m1_m2_m3.1.1.2.3.4>
      <IFC type="real" size="9" columns="3">
-2.608282528734846E-004  2.284789746614209E-005 -2.284789746614415E-005 
-2.284789746614035E-005 -2.301055070772140E-004  2.396670436551811E-006 
 2.284789746613821E-005  2.396670436551919E-006 -2.301055070772096E-004
      </IFC>
    </s_s1_m1_m2_m3.1.1.2.3.4>
    <s_s1_m1_m2_m3.1.1.3.3.4>
      <IFC type="real" size="9" columns="3">
-2.301055070772148E-004  2.396670436557069E-006  2.284789746614049E-005 
 2.396670436557069E-006 -2.301055070772096E-004 -2.284789746614295E-005 
-2.284789746614195E-005  2.284789746613948E-005 -2.608282528734750E-004
      </IFC>
    </s_s1_m1_m2_m3.1.1.3.3.4>
    <s_s1_m1_m2_m3.1.1.4.3.4>
      <IFC type="real" size="9" columns="3">
 3.051733175192788E-005 -2.410838567351210E-004 -2.410838567351260E-004 
-4.215822060099569E-004 -3.762719649877356E-004  6.241646930099899E-004 
-4.215822060099619E-004  6.241646930099896E-004 -3.762719649877365E-004
      </IFC>
    </s_s1_m1_m2_m3.1.1.4.3.4>
    <s_s1_m1_m2_m3.1.1.1.4.4>
      <IFC type="real" size="9" columns="3">
-3.762719649877400E-004  4.215822060099546E-004 -6.241646930099816E-004 
 2.410838567351188E-004  3.051733175192181E-005 -2.410838567351236E-004 
-6.241646930099816E-004 -4.215822060099594E-004 -3.762719649877296E-004
      </IFC>
    </s_s1_m1_m2_m3.1.1.1.4.4>
    <s_s1_m1_m2_m3.1.1.2.4.4>
      <IFC type="real" size="9" columns="3">
-4.610551516819206E-004 -1.301042606982605E-018  2.602085213965211E-018 
-1.301042606982605E-018 -2.347820123040243E-004  2.927345865710862E-018 
 2.710505431213761E-018  2.818925648462312E-018 -4.610551516819241E-004
      </IFC>
    </s_s1_m1_m2_m3.1.1.2.4.4>
    <s_s1_m1_m2_m3.1.1.3.4.4>
      <IFC type="real" size="9" columns="3">
-3.762719649877313E-004 -4.215822060099606E-004 -6.241646930099862E-004 
-2.410838567351247E-004  3.051733175192008E-005  2.410838567351223E-004 
-6.241646930099862E-004  4.215822060099582E-004 -3.762719649877226E-004
      </IFC>
    </s_s1_m1_m2_m3.1.1.3.4.4>
    <s_s1_m1_m2_m3.1.1.4.4.4>
      <IFC type="real" size="9" columns="3">
-2.582164441351977E-004  6.505213034913027E-019  2.710505431213761E-018 
 6.505213034913027E-019 -2.582164441352021E-004 -1.897353801849633E-018 
 2.602085213965211E-018 -1.788933584601082E-018 -2.582164441351995E-004
      </IFC>
    </s_s1_m1_m2_m3.1.1.4.4.4>
    <s_s1_m1_m2_m3.1.2.1.1.1>
      <IFC type="real" size="9" columns="3">
-7.075920942386996E-002 -5.143634750635066E-002 -5.143634750635066E-002 
-5.143634750635066E-002 -7.075920942386996E-002 -5.143634750635066E-002 
-5.143634750635066E-002 -5.143634750635066E-002 -7.075920942386997E-002
      </IFC>
    </s_s1_m1_m2_m3.1.2.1.1.1>
    <s_s1_m1_m2_m3.1.2.2.1.1>
      <IFC type="real" size="9" columns="3">
 1.112805739240215E-004  6.814208417165573E-004 -6.814208417165512E-004 
 6.814208417165576E-004  7.829721649784548E-004  8.441074575787804E-004 
-6.814208417165525E-004  8.441074575787806E-004  7.829721649784523E-004
      </IFC>
    </s_s1_m1_m2_m3.1.2.2.1.1>
    <s_s1_m1_m2_m3.1.2.3.1.1>
      <IFC type="real" size="9" columns="3">
-4.952959608460640E-005  4.239161714703784E-004 -1.784399869093953E-004 
 4.239161714703788E-004  4.248094636431649E-004  4.239161714703833E-004 
-1.784399869093949E-004  4.239161714703859E-004 -4.952959608460765E-005
      </IFC>
    </s_s1_m1_m2_m3.1.2.3.1.1>
    <s_s1_m1_m2_m3.1.2.4.1.1>
      <IFC type="real" size="9" columns="3">
 7.829721649784547E-004  8.441074575787729E-004 -6.814208417165478E-004 
 8.441074575787739E-004  7.829721649784550E-004  6.814208417165559E-004 
-6.814208417165497E-004  6.814208417165570E-004  1.112805739240226E-004
      </IFC>
    </s_s1_m1_m2_m3.1.2.4.1.1>
    <s_s1_m1_m2_m3.1.2.1.2.1>
      <IFC type="real" size="9" columns="3">
-7.075920942386996E-002  5.143634750635066E-002  5.143634750635066E-002 
 5.143634750635066E-002 -7.075920942386996E-002 -5.143634750635066E-002 
 5.143634750635066E-002 -5.143634750635066E-002 -7.075920942386996E-002
      </IFC>
    </s_s1_m1_m2_m3.1.2.1.2.1>
    <s_s1_m1_m2_m3.1.2.2.2.1>
      <IFC type="real" size="9" columns="3">
-4.368000538146040E-004 -1.017564580793579E-003  3.915245502121485E-004 
-1.017564580793579E-003 -4.654360871293440E-003  1.017564580793578E-003 
 3.915245502121513E-004  1.017564580793577E-003 -4.368000538146040E-004
      </IFC>
    </s_s1_m1_m2_m3.1.2.2.2.1>
    <s_s1_m1_m2_m3.1.2.3.2.1>
      <IFC type="real" size="9" columns="3">
-4.368000538146042E-004  1.017564580793579E-003  3.915245502121493E-004 
 1.017564580793578E-003 -4.654360871293446E-003 -1.017564580793580E-003 
 3.915245502121534E-004 -1.017564580793577E-003 -4.368000538146036E-004
      </IFC>
    </s_s1_m1_m2_m3.1.2.3.2.1>
    <s_s1_m1_m2_m3.1.2.4.2.1>
      <IFC type="real" size="9" columns="3">
-7.075920942386997E-002 -5.143634750635066E-002  5.143634750635066E-002 
-5.143634750635066E-002 -7.075920942386996E-002  5.143634750635066E-002 
 5.143634750635066E-002  5.143634750635066E-002 -7.075920942386996E-002
      </IFC>
    </s_s1_m1_m2_m3.1.2.4.2.1>
    <s_s1_m1_m2_m3.1.2.1.3.1>
      <IFC type="real" size="9" columns="3">
-4.654360871293447E-003 -1.017564580793580E-003 -1.017564580793579E-003 
-1.017564580793582E-003 -4.368000538146014E-004 -3.915245502121465E-004 
-1.017564580793580E-003 -3.915245502121491E-004 -4.368000538146049E-004
      </IFC>
    </s_s1_m1_m2_m3.1.2.1.3.1>
    <s_s1_m1_m2_m3.1.2.2.3.1>
      <IFC type="real" size="9" columns="3">
 1.882175501289153E-004  5.198292871886500E-004 -5.198292871886543E-004 
 5.198292871886505E-004  1.882175501289178E-004  5.198292871886575E-004 
-5.198292871886552E-004  5.198292871886581E-004  1.882175501289159E-004
      </IFC>
    </s_s1_m1_m2_m3.1.2.2.3.1>
    <s_s1_m1_m2_m3.1.2.3.3.1>
      <IFC type="real" size="9" columns="3">
-4.368000538146013E-004 -3.915245502121546E-004 -1.017564580793580E-003 
-3.915245502121541E-004 -4.368000538146012E-004 -1.017564580793577E-003 
-1.017564580793579E-003 -1.017564580793575E-003 -4.654360871293440E-003
      </IFC>
    </s_s1_m1_m2_m3.1.2.3.3.1>
    <s_s1_m1_m2_m3.1.2.4.3.1>
      <IFC type="real" size="9" columns="3">
 7.829721649784540E-004  6.814208417165577E-004 -8.441074575787768E-004 
 6.814208417165585E-004  1.112805739240257E-004  6.814208417165572E-004 
-8.441074575787792E-004  6.814208417165579E-004  7.829721649784529E-004
      </IFC>
    </s_s1_m1_m2_m3.1.2.4.3.1>
    <s_s1_m1_m2_m3.1.2.1.4.1>
      <IFC type="real" size="9" columns="3">
-4.654360871293449E-003  1.017564580793580E-003  1.017564580793577E-003 
 1.017564580793578E-003 -4.368000538146023E-004 -3.915245502121496E-004 
 1.017564580793577E-003 -3.915245502121507E-004 -4.368000538146049E-004
      </IFC>
    </s_s1_m1_m2_m3.1.2.1.4.1>
    <s_s1_m1_m2_m3.1.2.2.4.1>
      <IFC type="real" size="9" columns="3">
-4.368000538146040E-004 -3.915245502121526E-004  1.017564580793579E-003 
-3.915245502121522E-004 -4.368000538146027E-004  1.017564580793581E-003 
 1.017564580793578E-003  1.017564580793580E-003 -4.654360871293444E-003
      </IFC>
    </s_s1_m1_m2_m3.1.2.2.4.1>
    <s_s1_m1_m2_m3.1.2.3.4.1>
      <IFC type="real" size="9" columns="3">
-4.952959608460760E-005  1.784399869093968E-004 -4.239161714703848E-004 
 1.784399869093974E-004 -4.952959608460895E-005  4.239161714703817E-004 
-4.239161714703850E-004  4.239161714703847E-004  4.248094636431685E-004
      </IFC>
    </s_s1_m1_m2_m3.1.2.3.4.1>
    <s_s1_m1_m2_m3.1.2.4.4.1>
      <IFC type="real" size="9" columns="3">
 4.248094636431672E-004  4.239161714703803E-004 -4.239161714703812E-004 
 4.239161714703803E-004 -4.952959608460483E-005  1.784399869093995E-004 
-4.239161714703820E-004  1.784399869093969E-004 -4.952959608460657E-005
      </IFC>
    </s_s1_m1_m2_m3.1.2.4.4.1>
    <s_s1_m1_m2_m3.1.2.1.1.2>
      <IFC type="real" size="9" columns="3">
 1.112805739240195E-004 -6.814208417165531E-004  6.814208417165561E-004 
-6.814208417165535E-004  7.829721649784561E-004  8.441074575787793E-004 
 6.814208417165596E-004  8.441074575787789E-004  7.829721649784500E-004
      </IFC>
    </s_s1_m1_m2_m3.1.2.1.1.2>
    <s_s1_m1_m2_m3.1.2.2.1.2>
      <IFC type="real" size="9" columns="3">
 1.238562782301661E-004  1.457607350196285E-005  1.457607350196393E-005 
 1.457607350196171E-005  2.816535132780738E-004  6.651319160519588E-005 
 1.457607350196458E-005  6.651319160519653E-005  2.816535132780738E-004
      </IFC>
    </s_s1_m1_m2_m3.1.2.2.1.2>
    <s_s1_m1_m2_m3.1.2.3.1.2>
      <IFC type="real" size="9" columns="3">
 2.816535132780752E-004  6.651319160519160E-005  1.457607350196675E-005 
 6.651319160519116E-005  2.816535132780743E-004  1.457607350196133E-005 
 1.457607350196653E-005  1.457607350196025E-005  1.238562782301658E-004
      </IFC>
    </s_s1_m1_m2_m3.1.2.3.1.2>
    <s_s1_m1_m2_m3.1.2.4.1.2>
      <IFC type="real" size="9" columns="3">
 7.829721649784507E-004  8.441074575787728E-004  6.814208417165583E-004 
 8.441074575787717E-004  7.829721649784563E-004 -6.814208417165576E-004 
 6.814208417165587E-004 -6.814208417165550E-004  1.112805739240166E-004
      </IFC>
    </s_s1_m1_m2_m3.1.2.4.1.2>
    <s_s1_m1_m2_m3.1.2.1.2.2>
      <IFC type="real" size="9" columns="3">
-4.368000538146066E-004  3.915245502121543E-004 -1.017564580793582E-003 
 3.915245502121543E-004 -4.368000538146066E-004  1.017564580793582E-003 
-1.017564580793582E-003  1.017564580793582E-003 -4.654360871293450E-003
      </IFC>
    </s_s1_m1_m2_m3.1.2.1.2.2>
    <s_s1_m1_m2_m3.1.2.2.2.2>
      <IFC type="real" size="9" columns="3">
 1.882175501289113E-004 -5.198292871886530E-004 -5.198292871886535E-004 
-5.198292871886535E-004  1.882175501289151E-004 -5.198292871886523E-004 
-5.198292871886535E-004 -5.198292871886516E-004  1.882175501289123E-004
      </IFC>
    </s_s1_m1_m2_m3.1.2.2.2.2>
    <s_s1_m1_m2_m3.1.2.3.2.2>
      <IFC type="real" size="9" columns="3">
-4.654360871293445E-003  1.017564580793580E-003 -1.017564580793580E-003 
 1.017564580793581E-003 -4.368000538146010E-004  3.915245502121515E-004 
-1.017564580793582E-003  3.915245502121522E-004 -4.368000538146055E-004
      </IFC>
    </s_s1_m1_m2_m3.1.2.3.2.2>
    <s_s1_m1_m2_m3.1.2.4.2.2>
      <IFC type="real" size="9" columns="3">
 7.829721649784507E-004 -6.814208417165569E-004 -8.441074575787790E-004 
-6.814208417165564E-004  1.112805739240237E-004 -6.814208417165639E-004 
-8.441074575787792E-004 -6.814208417165615E-004  7.829721649784500E-004
      </IFC>
    </s_s1_m1_m2_m3.1.2.4.2.2>
    <s_s1_m1_m2_m3.1.2.1.3.2>
      <IFC type="real" size="9" columns="3">
 1.882175501289138E-004 -5.198292871886564E-004  5.198292871886490E-004 
-5.198292871886560E-004  1.882175501289121E-004  5.198292871886555E-004 
 5.198292871886525E-004  5.198292871886560E-004  1.882175501289165E-004
      </IFC>
    </s_s1_m1_m2_m3.1.2.1.3.2>
    <s_s1_m1_m2_m3.1.2.2.3.2>
      <IFC type="real" size="9" columns="3">
 1.882175501289124E-004  5.198292871886499E-004  5.198292871886482E-004 
 5.198292871886492E-004  1.882175501289143E-004 -5.198292871886510E-004 
 5.198292871886505E-004 -5.198292871886495E-004  1.882175501289150E-004
      </IFC>
    </s_s1_m1_m2_m3.1.2.2.3.2>
    <s_s1_m1_m2_m3.1.2.3.3.2>
      <IFC type="real" size="9" columns="3">
 2.816535132780735E-004 -1.457607350196111E-005 -6.651319160519550E-005 
-1.457607350196068E-005  1.238562782301649E-004  1.457607350196090E-005 
-6.651319160519398E-005  1.457607350196025E-005  2.816535132780752E-004
      </IFC>
    </s_s1_m1_m2_m3.1.2.3.3.2>
    <s_s1_m1_m2_m3.1.2.4.3.2>
      <IFC type="real" size="9" columns="3">
 2.816535132780749E-004  1.457607350196241E-005 -6.651319160519832E-005 
 1.457607350196258E-005  1.238562782301658E-004 -1.457607350196583E-005 
-6.651319160519658E-005 -1.457607350196366E-005  2.816535132780749E-004
      </IFC>
    </s_s1_m1_m2_m3.1.2.4.3.2>
    <s_s1_m1_m2_m3.1.2.1.4.2>
      <IFC type="real" size="9" columns="3">
-4.368000538146006E-004  1.017564580793579E-003 -3.915245502121521E-004 
 1.017564580793580E-003 -4.654360871293448E-003  1.017564580793577E-003 
-3.915245502121540E-004  1.017564580793579E-003 -4.368000538146032E-004
      </IFC>
    </s_s1_m1_m2_m3.1.2.1.4.2>
    <s_s1_m1_m2_m3.1.2.2.4.2>
      <IFC type="real" size="9" columns="3">
 1.238562782301661E-004 -1.457607350195970E-005 -1.457607350196252E-005 
-1.457607350196014E-005  2.816535132780767E-004  6.651319160519078E-005 
-1.457607350196209E-005  6.651319160519143E-005  2.816535132780752E-004
      </IFC>
    </s_s1_m1_m2_m3.1.2.2.4.2>
    <s_s1_m1_m2_m3.1.2.3.4.2>
      <IFC type="real" size="9" columns="3">
 2.529948892581613E-004  2.690639859149144E-005 -2.690639859149330E-005 
 2.690639859149171E-005  2.529948892581609E-004  2.690639859148831E-005 
-2.690639859149503E-005  2.690639859148853E-005  2.529948892581585E-004
      </IFC>
    </s_s1_m1_m2_m3.1.2.3.4.2>
    <s_s1_m1_m2_m3.1.2.4.4.2>
      <IFC type="real" size="9" columns="3">
 2.816535132780743E-004  6.651319160519106E-005 -1.457607350196035E-005 
 6.651319160519149E-005  2.816535132780744E-004 -1.457607350196962E-005 
-1.457607350196057E-005 -1.457607350196811E-005  1.238562782301647E-004
      </IFC>
    </s_s1_m1_m2_m3.1.2.4.4.2>
    <s_s1_m1_m2_m3.1.2.1.1.3>
      <IFC type="real" size="9" columns="3">
-4.952959608461177E-005 -1.784399869093969E-004  4.239161714703829E-004 
-1.784399869093935E-004 -4.952959608461177E-005  4.239161714703829E-004 
 4.239161714703829E-004  4.239161714703864E-004  4.248094636431637E-004
      </IFC>
    </s_s1_m1_m2_m3.1.2.1.1.3>
    <s_s1_m1_m2_m3.1.2.2.1.3>
      <IFC type="real" size="9" columns="3">
 2.816535132780749E-004  1.457607350196426E-005  6.651319160519387E-005 
 1.457607350196453E-005  1.238562782301681E-004  1.457607350196198E-005 
 6.651319160519214E-005  1.457607350196220E-005  2.816535132780729E-004
      </IFC>
    </s_s1_m1_m2_m3.1.2.2.1.3>
    <s_s1_m1_m2_m3.1.2.3.1.3>
      <IFC type="real" size="9" columns="3">
 4.248094636431653E-004  4.239161714703797E-004  4.239161714703826E-004 
 4.239161714703792E-004 -4.952959608460771E-005 -1.784399869093921E-004 
 4.239161714703817E-004 -1.784399869093921E-004 -4.952959608460895E-005
      </IFC>
    </s_s1_m1_m2_m3.1.2.3.1.3>
    <s_s1_m1_m2_m3.1.2.4.1.3>
      <IFC type="real" size="9" columns="3">
 2.545518645480504E-004  7.489515848778795E-006 -7.489515848780096E-006 
 7.489515848779825E-006  2.545518645480534E-004  7.489515848785842E-006 
-7.489515848782048E-006  7.489515848786927E-006  2.545518645480468E-004
      </IFC>
    </s_s1_m1_m2_m3.1.2.4.1.3>
    <s_s1_m1_m2_m3.1.2.1.2.3>
      <IFC type="real" size="9" columns="3">
-4.368000538146066E-004  3.915245502121543E-004  1.017564580793575E-003 
 3.915245502121543E-004 -4.368000538146066E-004 -1.017564580793578E-003 
 1.017564580793575E-003 -1.017564580793578E-003 -4.654360871293450E-003
      </IFC>
    </s_s1_m1_m2_m3.1.2.1.2.3>
    <s_s1_m1_m2_m3.1.2.2.2.3>
      <IFC type="real" size="9" columns="3">
-4.654360871293444E-003 -1.017564580793580E-003  1.017564580793580E-003 
-1.017564580793579E-003 -4.368000538146027E-004  3.915245502121526E-004 
 1.017564580793578E-003  3.915245502121520E-004 -4.368000538146023E-004
      </IFC>
    </s_s1_m1_m2_m3.1.2.2.2.3>
    <s_s1_m1_m2_m3.1.2.3.2.3>
      <IFC type="real" size="9" columns="3">
 4.248094636431682E-004 -4.239161714703819E-004 -4.239161714703832E-004 
-4.239161714703825E-004 -4.952959608460917E-005 -1.784399869093953E-004 
-4.239161714703843E-004 -1.784399869093944E-004 -4.952959608460440E-005
      </IFC>
    </s_s1_m1_m2_m3.1.2.3.2.3>
    <s_s1_m1_m2_m3.1.2.4.2.3>
      <IFC type="real" size="9" columns="3">
-4.952959608460483E-005 -1.784399869094004E-004 -4.239161714703829E-004 
-1.784399869094004E-004 -4.952959608460483E-005 -4.239161714703829E-004 
-4.239161714703829E-004 -4.239161714703829E-004  4.248094636431776E-004
      </IFC>
    </s_s1_m1_m2_m3.1.2.4.2.3>
    <s_s1_m1_m2_m3.1.2.1.3.3>
      <IFC type="real" size="9" columns="3">
-4.368000538146032E-004 -1.017564580793584E-003 -3.915245502121500E-004 
-1.017564580793582E-003 -4.654360871293445E-003 -1.017564580793579E-003 
-3.915245502121509E-004 -1.017564580793577E-003 -4.368000538146014E-004
      </IFC>
    </s_s1_m1_m2_m3.1.2.1.3.3>
    <s_s1_m1_m2_m3.1.2.2.3.3>
      <IFC type="real" size="9" columns="3">
 2.816535132780738E-004 -6.651319160519604E-005 -1.457607350195862E-005 
-6.651319160519545E-005  2.816535132780772E-004  1.457607350196155E-005 
-1.457607350195992E-005  1.457607350196220E-005  1.238562782301646E-004
      </IFC>
    </s_s1_m1_m2_m3.1.2.2.3.3>
    <s_s1_m1_m2_m3.1.2.3.3.3>
      <IFC type="real" size="9" columns="3">
 2.529948892581577E-004 -2.690639859149048E-005 -2.690639859148863E-005 
-2.690639859149091E-005  2.529948892581593E-004 -2.690639859148592E-005 
-2.690639859148907E-005 -2.690639859148592E-005  2.529948892581596E-004
      </IFC>
    </s_s1_m1_m2_m3.1.2.3.3.3>
    <s_s1_m1_m2_m3.1.2.4.3.3>
      <IFC type="real" size="9" columns="3">
 1.238562782301661E-004  1.457607350196556E-005 -1.457607350195645E-005 
 1.457607350196626E-005  2.816535132780777E-004 -6.651319160518900E-005 
-1.457607350195884E-005 -6.651319160518834E-005  2.816535132780723E-004
      </IFC>
    </s_s1_m1_m2_m3.1.2.4.3.3>
    <s_s1_m1_m2_m3.1.2.1.4.3>
      <IFC type="real" size="9" columns="3">
-4.952959608461090E-005 -4.239161714703848E-004  1.784399869093905E-004 
-4.239161714703849E-004  4.248094636431611E-004  4.239161714703790E-004 
 1.784399869093938E-004  4.239161714703831E-004 -4.952959608460657E-005
      </IFC>
    </s_s1_m1_m2_m3.1.2.1.4.3>
    <s_s1_m1_m2_m3.1.2.2.4.3>
      <IFC type="real" size="9" columns="3">
 2.529948892581622E-004 -2.690639859149243E-005  2.690639859148788E-005 
-2.690639859149286E-005  2.529948892581635E-004  2.690639859149026E-005 
 2.690639859149069E-005  2.690639859148918E-005  2.529948892581605E-004
      </IFC>
    </s_s1_m1_m2_m3.1.2.2.4.3>
    <s_s1_m1_m2_m3.1.2.3.4.3>
