<?xml version="1.0"?>
<?iotk version="1.2.0"?>
<?iotk file_version="1.0"?>
<?iotk binary="F"?>
<?iotk qe_syntax="F"?>
<Root>
  <GEOMETRY_INFO>
    <NUMBER_OF_TYPES type="integer" size="1">
         1
    </NUMBER_OF_TYPES>
    <NUMBER_OF_ATOMS type="integer" size="1">
         2
    </NUMBER_OF_ATOMS>
    <BRAVAIS_LATTICE_INDEX type="integer" size="1">
         2
    </BRAVAIS_LATTICE_INDEX>
    <SPIN_COMPONENTS type="integer" size="1">
         1
    </SPIN_COMPONENTS>
    <CELL_DIMENSIONS type="real" size="6">
 1.030000000000000E+001
 0.000000000000000E+000
 0.000000000000000E+000
 0.000000000000000E+000
 0.000000000000000E+000
 0.000000000000000E+000
    </CELL_DIMENSIONS>
    <AT type="real" size="9" columns="3">
-4.999999999999998E-001  0.000000000000000E+000  4.999999999999998E-001 
 0.000000000000000E+000  4.999999999999998E-001  4.999999999999998E-001 
-4.999999999999998E-001  4.999999999999998E-001  0.000000000000000E+000
    </AT>
    <BG type="real" size="9" columns="3">
-1.000000000000000E+000 -1.000000000000000E+000  1.000000000000000E+000 
 1.000000000000000E+000  1.000000000000000E+000  1.000000000000000E+000 
-1.000000000000000E+000  1.000000000000000E+000 -1.000000000000000E+000
    </BG>
    <UNIT_CELL_VOLUME_AU type="real" size="1">
 2.731817499999998E+002
    </UNIT_CELL_VOLUME_AU>
    <TYPE_NAME.1 type="character" size="1" len="3">
Si 
    </TYPE_NAME.1>
    <MASS.1 type="real" size="1">
 2.808600000000000E+001
    </MASS.1>
    <ATOM.1 SPECIES="Si " INDEX="1" TAU="0.000000000000000E+000 0.000000000000000E+000 0.000000000000000E+000"/>
    <ATOM.2 SPECIES="Si " INDEX="1" TAU="2.500000000000000E-001 2.500000000000000E-001 2.500000000000000E-001"/>
    <NUMBER_OF_Q type="integer" size="1">
         6
    </NUMBER_OF_Q>
  </GEOMETRY_INFO>
  <DIELECTRIC_PROPERTIES>
    <EPSILON type="real" size="9" columns="3">
 1.402701749550850E+001  5.329070518200751E-015  0.000000000000000E+000 
 6.217248937900877E-015  1.402701749550850E+001 -8.881784197001252E-016 
 2.664535259100376E-015 -3.552713678800501E-015  1.402701749550850E+001
    </EPSILON>
    <ZSTAR>
      <Z_AT_.1 type="real" size="9" columns="3">
 1.332267629550188E-015  2.220446049250313E-016  6.661338147750940E-016 
 2.220446049250313E-016  8.881784197001252E-016  2.220446049250313E-016 
 8.881784197001252E-016 -1.110223024625156E-015  1.776356839400250E-015
      </Z_AT_.1>
      <Z_AT_.2 type="real" size="9" columns="3">
-1.332267629550188E-015 -2.220446049250313E-016 -6.661338147750940E-016 
-2.220446049250313E-016 -8.881784197001252E-016 -2.220446049250313E-016 
-8.881784197001252E-016  1.110223024625156E-015 -1.776356839400250E-015
      </Z_AT_.2>
    </ZSTAR>
  </DIELECTRIC_PROPERTIES>
  <INTERATOMIC_FORCE_CONSTANTS>
    <MESH_NQ1_NQ2_NQ3 type="integer" size="3" columns="3">
         4          4          4
    </MESH_NQ1_NQ2_NQ3>
    <s_s1_m1_m2_m3.1.1.1.1.1>
      <IFC type="real" size="9" columns="3">
 2.573224784271081E-001 -3.686287386450715E-018 -1.734723475976807E-018 
-3.686287386450715E-018  2.573224784271081E-001  3.117081245895825E-018 
-1.734723475976807E-018  3.117081245895825E-018  2.573224784271080E-001
      </IFC>
    </s_s1_m1_m2_m3.1.1.1.1.1>
    <s_s1_m1_m2_m3.1.1.2.1.1>
      <IFC type="real" size="9" columns="3">
-3.651338640930856E-003 -1.991706399777490E-003  3.799707572340382E-003 
 1.991706399777493E-003  8.988870988541328E-003 -1.991706399777490E-003 
 3.799707572340382E-003  1.991706399777493E-003 -3.651338640930855E-003
      </IFC>
    </s_s1_m1_m2_m3.1.1.2.1.1>
    <s_s1_m1_m2_m3.1.1.3.1.1>
      <IFC type="real" size="9" columns="3">
 8.224338691919554E-005 -2.507217523872729E-018  5.864218574283225E-004 
-2.507217523872729E-018  3.958072431468896E-003  8.673617379884035E-019 
 5.864218574283225E-004  8.673617379884035E-019  8.224338691920421E-005
      </IFC>
    </s_s1_m1_m2_m3.1.1.3.1.1>
    <s_s1_m1_m2_m3.1.1.4.1.1>
      <IFC type="real" size="9" columns="3">
-3.651338640930856E-003  1.991706399777493E-003  3.799707572340382E-003 
-1.991706399777490E-003  8.988870988541328E-003  1.991706399777493E-003 
 3.799707572340382E-003 -1.991706399777490E-003 -3.651338640930855E-003
      </IFC>
    </s_s1_m1_m2_m3.1.1.4.1.1>
    <s_s1_m1_m2_m3.1.1.1.2.1>
      <IFC type="real" size="9" columns="3">
 8.988870988541335E-003  1.991706399777494E-003  1.991706399777493E-003 
-1.991706399777489E-003 -3.651338640930854E-003 -3.799707572340380E-003 
-1.991706399777490E-003 -3.799707572340380E-003 -3.651338640930863E-003
      </IFC>
    </s_s1_m1_m2_m3.1.1.1.2.1>
    <s_s1_m1_m2_m3.1.1.2.2.1>
      <IFC type="real" size="9" columns="3">
-3.448482412994592E-004 -6.236785750903444E-004  2.684769442357444E-004 
-6.236785750903444E-004 -3.448482412994626E-004 -2.684769442357386E-004 
 4.194627569959549E-004 -4.194627569959494E-004  1.656726110196675E-005
      </IFC>
    </s_s1_m1_m2_m3.1.1.2.2.1>
    <s_s1_m1_m2_m3.1.1.3.2.1>
      <IFC type="real" size="9" columns="3">
 1.656726110197196E-005 -4.194627569959495E-004  4.194627569959534E-004 
-2.684769442357389E-004 -3.448482412994570E-004 -6.236785750903414E-004 
 2.684769442357427E-004 -6.236785750903414E-004 -3.448482412994579E-004
      </IFC>
    </s_s1_m1_m2_m3.1.1.3.2.1>
    <s_s1_m1_m2_m3.1.1.4.2.1>
      <IFC type="real" size="9" columns="3">
-3.651338640930854E-003 -3.799707572340385E-003 -1.991706399777493E-003 
-3.799707572340385E-003 -3.651338640930860E-003 -1.991706399777489E-003 
 1.991706399777490E-003  1.991706399777494E-003  8.988870988541323E-003
      </IFC>
    </s_s1_m1_m2_m3.1.1.4.2.1>
    <s_s1_m1_m2_m3.1.1.1.3.1>
      <IFC type="real" size="9" columns="3">
 3.958072431468892E-003 -4.241940999849536E-018  4.119968255444917E-018 
-4.241940999849536E-018  8.224338691920074E-005 -5.864218574283210E-004 
 4.119968255444917E-018 -5.864218574283210E-004  8.224338691918340E-005
      </IFC>
    </s_s1_m1_m2_m3.1.1.1.3.1>
    <s_s1_m1_m2_m3.1.1.2.3.1>
      <IFC type="real" size="9" columns="3">
-3.448482412994553E-004 -2.684769442357365E-004  6.236785750903435E-004 
-4.194627569959469E-004  1.656726110197369E-005 -4.194627569959551E-004 
 6.236785750903436E-004 -2.684769442357442E-004 -3.448482412994548E-004
      </IFC>
    </s_s1_m1_m2_m3.1.1.2.3.1>
    <s_s1_m1_m2_m3.1.1.3.3.1>
      <IFC type="real" size="9" columns="3">
 8.224338691919901E-005 -5.864218574283325E-004  4.336808689942018E-019 
-5.864218574283325E-004  8.224338691919814E-005  8.402566836762659E-019 
 4.336808689942018E-019  8.402566836762659E-019  3.958072431468909E-003
      </IFC>
    </s_s1_m1_m2_m3.1.1.3.3.1>
    <s_s1_m1_m2_m3.1.1.4.3.1>
      <IFC type="real" size="9" columns="3">
-3.448482412994553E-004 -4.194627569959469E-004  6.236785750903436E-004 
-2.684769442357365E-004  1.656726110197369E-005 -2.684769442357442E-004 
 6.236785750903435E-004 -4.194627569959551E-004 -3.448482412994548E-004
      </IFC>
    </s_s1_m1_m2_m3.1.1.4.3.1>
    <s_s1_m1_m2_m3.1.1.1.4.1>
      <IFC type="real" size="9" columns="3">
 8.988870988541335E-003 -1.991706399777489E-003 -1.991706399777490E-003 
 1.991706399777494E-003 -3.651338640930854E-003 -3.799707572340380E-003 
 1.991706399777493E-003 -3.799707572340380E-003 -3.651338640930863E-003
      </IFC>
    </s_s1_m1_m2_m3.1.1.1.4.1>
    <s_s1_m1_m2_m3.1.1.2.4.1>
      <IFC type="real" size="9" columns="3">
-3.651338640930854E-003 -3.799707572340385E-003  1.991706399777490E-003 
-3.799707572340385E-003 -3.651338640930860E-003  1.991706399777494E-003 
-1.991706399777493E-003 -1.991706399777489E-003  8.988870988541323E-003
      </IFC>
    </s_s1_m1_m2_m3.1.1.2.4.1>
    <s_s1_m1_m2_m3.1.1.3.4.1>
      <IFC type="real" size="9" columns="3">
 1.656726110197196E-005 -2.684769442357389E-004  2.684769442357427E-004 
-4.194627569959495E-004 -3.448482412994570E-004 -6.236785750903414E-004 
 4.194627569959534E-004 -6.236785750903414E-004 -3.448482412994579E-004
      </IFC>
    </s_s1_m1_m2_m3.1.1.3.4.1>
    <s_s1_m1_m2_m3.1.1.4.4.1>
      <IFC type="real" size="9" columns="3">
-3.448482412994592E-004 -6.236785750903444E-004  4.194627569959549E-004 
-6.236785750903444E-004 -3.448482412994626E-004 -4.194627569959494E-004 
 2.684769442357444E-004 -2.684769442357386E-004  1.656726110196675E-005
      </IFC>
    </s_s1_m1_m2_m3.1.1.4.4.1>
    <s_s1_m1_m2_m3.1.1.1.1.2>
      <IFC type="real" size="9" columns="3">
-3.651338640930840E-003  3.799707572340383E-003 -1.991706399777487E-003 
 3.799707572340383E-003 -3.651338640930840E-003  1.991706399777491E-003 
 1.991706399777495E-003 -1.991706399777493E-003  8.988870988541328E-003
      </IFC>
    </s_s1_m1_m2_m3.1.1.1.1.2>
    <s_s1_m1_m2_m3.1.1.2.1.2>
      <IFC type="real" size="9" columns="3">
 1.656726110197196E-005  4.194627569959513E-004  4.194627569959538E-004 
 2.684769442357407E-004 -3.448482412994657E-004  6.236785750903450E-004 
 2.684769442357433E-004  6.236785750903455E-004 -3.448482412994635E-004
      </IFC>
    </s_s1_m1_m2_m3.1.1.2.1.2>
    <s_s1_m1_m2_m3.1.1.3.1.2>
      <IFC type="real" size="9" columns="3">
-3.448482412994527E-004  6.236785750903403E-004  2.684769442357455E-004 
 6.236785750903403E-004 -3.448482412994518E-004  2.684769442357402E-004 
 4.194627569959562E-004  4.194627569959507E-004  1.656726110196675E-005
      </IFC>
    </s_s1_m1_m2_m3.1.1.3.1.2>
    <s_s1_m1_m2_m3.1.1.4.1.2>
      <IFC type="real" size="9" columns="3">
 8.988870988541325E-003 -1.991706399777494E-003  1.991706399777490E-003 
 1.991706399777488E-003 -3.651338640930857E-003  3.799707572340385E-003 
-1.991706399777493E-003  3.799707572340385E-003 -3.651338640930864E-003
      </IFC>
    </s_s1_m1_m2_m3.1.1.4.1.2>
    <s_s1_m1_m2_m3.1.1.1.2.2>
      <IFC type="real" size="9" columns="3">
-3.448482412994544E-004  2.684769442357390E-004 -6.236785750903442E-004 
 4.194627569959498E-004  1.656726110196849E-005 -4.194627569959520E-004 
-6.236785750903442E-004 -2.684769442357416E-004 -3.448482412994648E-004
      </IFC>
    </s_s1_m1_m2_m3.1.1.1.2.2>
    <s_s1_m1_m2_m3.1.1.2.2.2>
      <IFC type="real" size="9" columns="3">
-2.180903676660922E-004 -6.505213034913027E-019 -5.041540102057596E-018 
-6.505213034913027E-019 -2.180903676660966E-004  1.409462824231156E-018 
-5.041540102057596E-018  1.409462824231156E-018 -2.180903676660944E-004
      </IFC>
    </s_s1_m1_m2_m3.1.1.2.2.2>
    <s_s1_m1_m2_m3.1.1.3.2.2>
      <IFC type="real" size="9" columns="3">
-3.448482412994613E-004 -2.684769442357404E-004 -6.236785750903411E-004 
-4.194627569959511E-004  1.656726110196415E-005  4.194627569959512E-004 
-6.236785750903411E-004  2.684769442357406E-004 -3.448482412994631E-004
      </IFC>
    </s_s1_m1_m2_m3.1.1.3.2.2>
    <s_s1_m1_m2_m3.1.1.4.2.2>
      <IFC type="real" size="9" columns="3">
-4.617790931085255E-004 -4.011548038196366E-018 -1.626303258728257E-018 
-4.011548038196366E-018 -2.039964746913636E-004 -2.222614453595284E-018 
-1.626303258728257E-018 -2.222614453595284E-018 -4.617790931085242E-004
      </IFC>
    </s_s1_m1_m2_m3.1.1.4.2.2>
    <s_s1_m1_m2_m3.1.1.1.3.2>
      <IFC type="real" size="9" columns="3">
-3.448482412994579E-004  6.236785750903420E-004 -2.684769442357383E-004 
 6.236785750903420E-004 -3.448482412994613E-004 -2.684769442357407E-004 
-4.194627569959489E-004 -4.194627569959512E-004  1.656726110195808E-005
      </IFC>
    </s_s1_m1_m2_m3.1.1.1.3.2>
    <s_s1_m1_m2_m3.1.1.2.3.2>
      <IFC type="real" size="9" columns="3">
 1.656726110196328E-005 -4.194627569959503E-004 -4.194627569959515E-004 
-2.684769442357399E-004 -3.448482412994622E-004  6.236785750903407E-004 
-2.684769442357410E-004  6.236785750903405E-004 -3.448482412994583E-004
      </IFC>
    </s_s1_m1_m2_m3.1.1.2.3.2>
    <s_s1_m1_m2_m3.1.1.3.3.2>
      <IFC type="real" size="9" columns="3">
-2.303456240916758E-004 -8.751211111246578E-006 -2.198959535920201E-005 
-8.751211111246578E-006 -2.303456240916714E-004  2.198959535920132E-005 
 2.198959535920453E-005 -2.198959535920517E-005 -2.722404595393250E-004
      </IFC>
    </s_s1_m1_m2_m3.1.1.3.3.2>
    <s_s1_m1_m2_m3.1.1.4.3.2>
      <IFC type="real" size="9" columns="3">
-2.722404595393328E-004 -2.198959535920379E-005  2.198959535920539E-005 
 2.198959535920259E-005 -2.303456240916732E-004 -8.751211111240886E-006 
-2.198959535920105E-005 -8.751211111240941E-006 -2.303456240916788E-004
      </IFC>
    </s_s1_m1_m2_m3.1.1.4.3.2>
    <s_s1_m1_m2_m3.1.1.1.4.2>
      <IFC type="real" size="9" columns="3">
-3.651338640930868E-003  1.991706399777490E-003 -3.799707572340383E-003 
-1.991706399777493E-003  8.988870988541325E-003 -1.991706399777487E-003 
-3.799707572340383E-003  1.991706399777496E-003 -3.651338640930864E-003
      </IFC>
    </s_s1_m1_m2_m3.1.1.1.4.2>
    <s_s1_m1_m2_m3.1.1.2.4.2>
      <IFC type="real" size="9" columns="3">
-2.039964746913619E-004 -1.192622389734055E-018  9.757819552369540E-019 
-1.192622389734055E-018 -4.617790931085264E-004  3.957337929572091E-018 
 9.757819552369540E-019  3.957337929572091E-018 -4.617790931085363E-004
      </IFC>
    </s_s1_m1_m2_m3.1.1.2.4.2>
    <s_s1_m1_m2_m3.1.1.3.4.2>
      <IFC type="real" size="9" columns="3">
-2.303456240916810E-004  2.198959535920346E-005  8.751211111239856E-006 
-2.198959535920308E-005 -2.722404595393241E-004 -2.198959535920644E-005 
 8.751211111239856E-006  2.198959535920007E-005 -2.303456240916792E-004
      </IFC>
    </s_s1_m1_m2_m3.1.1.3.4.2>
    <s_s1_m1_m2_m3.1.1.4.4.2>
      <IFC type="real" size="9" columns="3">
-4.617790931085220E-004  1.734723475976807E-018 -1.138412281109780E-018 
 1.734723475976807E-018 -4.617790931085203E-004  0.000000000000000E+000 
-1.138412281109780E-018  0.000000000000000E+000 -2.039964746913588E-004
      </IFC>
    </s_s1_m1_m2_m3.1.1.4.4.2>
    <s_s1_m1_m2_m3.1.1.1.1.3>
      <IFC type="real" size="9" columns="3">
 8.224338691917299E-005  5.864218574283206E-004 -1.219727444046192E-018 
 5.864218574283206E-004  8.224338691917299E-005  2.466559942404523E-018 
-1.219727444046192E-018  2.466559942404523E-018  3.958072431468895E-003
      </IFC>
    </s_s1_m1_m2_m3.1.1.1.1.3>
    <s_s1_m1_m2_m3.1.1.2.1.3>
      <IFC type="real" size="9" columns="3">
-3.448482412994587E-004  2.684769442357438E-004  6.236785750903431E-004 
 4.194627569959542E-004  1.656726110197369E-005  4.194627569959484E-004 
 6.236785750903431E-004  2.684769442357379E-004 -3.448482412994548E-004
      </IFC>
    </s_s1_m1_m2_m3.1.1.2.1.3>
    <s_s1_m1_m2_m3.1.1.3.1.3>
      <IFC type="real" size="9" columns="3">
 3.958072431468914E-003 -5.285485590866834E-019  3.740497495074990E-018 
-5.285485590866834E-019  8.224338691919814E-005  5.864218574283339E-004 
 3.740497495074990E-018  5.864218574283339E-004  8.224338691918687E-005
      </IFC>
    </s_s1_m1_m2_m3.1.1.3.1.3>
    <s_s1_m1_m2_m3.1.1.4.1.3>
      <IFC type="real" size="9" columns="3">
-3.448482412994587E-004  4.194627569959542E-004  6.236785750903431E-004 
 2.684769442357438E-004  1.656726110197369E-005  2.684769442357379E-004 
 6.236785750903431E-004  4.194627569959484E-004 -3.448482412994548E-004
      </IFC>
    </s_s1_m1_m2_m3.1.1.4.1.3>
    <s_s1_m1_m2_m3.1.1.1.2.3>
      <IFC type="real" size="9" columns="3">
 1.656726110196849E-005  4.194627569959533E-004 -4.194627569959518E-004 
 2.684769442357427E-004 -3.448482412994579E-004 -6.236785750903401E-004 
-2.684769442357414E-004 -6.236785750903401E-004 -3.448482412994527E-004
      </IFC>
    </s_s1_m1_m2_m3.1.1.1.2.3>
    <s_s1_m1_m2_m3.1.1.2.2.3>
      <IFC type="real" size="9" columns="3">
-3.448482412994600E-004 -6.236785750903414E-004 -2.684769442357413E-004 
-6.236785750903414E-004 -3.448482412994592E-004  2.684769442357408E-004 
-4.194627569959518E-004  4.194627569959515E-004  1.656726110196675E-005
      </IFC>
    </s_s1_m1_m2_m3.1.1.2.2.3>
    <s_s1_m1_m2_m3.1.1.3.2.3>
      <IFC type="real" size="9" columns="3">
-2.722404595393302E-004  2.198959535920482E-005  2.198959535920202E-005 
-2.198959535920173E-005 -2.303456240916766E-004  8.751211111245928E-006 
-2.198959535920455E-005  8.751211111245928E-006 -2.303456240916775E-004
      </IFC>
    </s_s1_m1_m2_m3.1.1.3.2.3>
    <s_s1_m1_m2_m3.1.1.4.2.3>
      <IFC type="real" size="9" columns="3">
-2.303456240916797E-004  8.751211111236766E-006 -2.198959535920208E-005 
 8.751211111236766E-006 -2.303456240916762E-004 -2.198959535920511E-005 
 2.198959535920425E-005  2.198959535920164E-005 -2.722404595393319E-004
      </IFC>
    </s_s1_m1_m2_m3.1.1.4.2.3>
    <s_s1_m1_m2_m3.1.1.1.3.3>
      <IFC type="real" size="9" columns="3">
 8.224338691921115E-005  1.639855785884325E-018 -5.864218574283354E-004 
 1.639855785884325E-018  3.958072431468923E-003  6.505213034913027E-019 
-5.864218574283354E-004  6.505213034913027E-019  8.224338691918340E-005
      </IFC>
    </s_s1_m1_m2_m3.1.1.1.3.3>
    <s_s1_m1_m2_m3.1.1.2.3.3>
      <IFC type="real" size="9" columns="3">
-2.303456240916792E-004 -2.198959535920108E-005 -8.751211111249343E-006 
 2.198959535920530E-005 -2.722404595393302E-004 -2.198959535920197E-005 
-8.751211111249235E-006  2.198959535920476E-005 -2.303456240916857E-004
      </IFC>
    </s_s1_m1_m2_m3.1.1.2.3.3>
    <s_s1_m1_m2_m3.1.1.3.3.3>
      <IFC type="real" size="9" columns="3">
-1.880638519324764E-004 -8.619407271259760E-018 -3.388131789017201E-018 
-8.619407271259760E-018 -1.880638519324842E-004  7.237049501340742E-018 
-3.388131789017201E-018  7.237049501340742E-018 -1.880638519324816E-004
      </IFC>
    </s_s1_m1_m2_m3.1.1.3.3.3>
    <s_s1_m1_m2_m3.1.1.4.3.3>
      <IFC type="real" size="9" columns="3">
-2.303456240916792E-004  2.198959535920530E-005 -8.751211111249235E-006 
-2.198959535920108E-005 -2.722404595393302E-004  2.198959535920476E-005 
-8.751211111249343E-006 -2.198959535920197E-005 -2.303456240916857E-004
      </IFC>
    </s_s1_m1_m2_m3.1.1.4.3.3>
    <s_s1_m1_m2_m3.1.1.1.4.3>
      <IFC type="real" size="9" columns="3">
 1.656726110196849E-005  2.684769442357427E-004 -2.684769442357414E-004 
 4.194627569959533E-004 -3.448482412994579E-004 -6.236785750903401E-004 
-4.194627569959518E-004 -6.236785750903401E-004 -3.448482412994527E-004
      </IFC>
    </s_s1_m1_m2_m3.1.1.1.4.3>
    <s_s1_m1_m2_m3.1.1.2.4.3>
      <IFC type="real" size="9" columns="3">
-2.303456240916797E-004  8.751211111236766E-006  2.198959535920425E-005 
 8.751211111236766E-006 -2.303456240916762E-004  2.198959535920164E-005 
-2.198959535920208E-005 -2.198959535920511E-005 -2.722404595393319E-004
      </IFC>
    </s_s1_m1_m2_m3.1.1.2.4.3>
    <s_s1_m1_m2_m3.1.1.3.4.3>
      <IFC type="real" size="9" columns="3">
-2.722404595393302E-004 -2.198959535920173E-005 -2.198959535920455E-005 
 2.198959535920482E-005 -2.303456240916766E-004  8.751211111245928E-006 
 2.198959535920202E-005  8.751211111245928E-006 -2.303456240916775E-004
      </IFC>
    </s_s1_m1_m2_m3.1.1.3.4.3>
    <s_s1_m1_m2_m3.1.1.4.4.3>
      <IFC type="real" size="9" columns="3">
-3.448482412994600E-004 -6.236785750903414E-004 -4.194627569959518E-004 
-6.236785750903414E-004 -3.448482412994592E-004  4.194627569959515E-004 
-2.684769442357413E-004  2.684769442357408E-004  1.656726110196675E-005
      </IFC>
    </s_s1_m1_m2_m3.1.1.4.4.3>
    <s_s1_m1_m2_m3.1.1.1.1.4>
      <IFC type="real" size="9" columns="3">
-3.651338640930840E-003  3.799707572340383E-003  1.991706399777495E-003 
 3.799707572340383E-003 -3.651338640930840E-003 -1.991706399777493E-003 
-1.991706399777487E-003  1.991706399777491E-003  8.988870988541328E-003
      </IFC>
    </s_s1_m1_m2_m3.1.1.1.1.4>
    <s_s1_m1_m2_m3.1.1.2.1.4>
      <IFC type="real" size="9" columns="3">
 8.988870988541325E-003  1.991706399777488E-003 -1.991706399777493E-003 
-1.991706399777494E-003 -3.651338640930857E-003  3.799707572340385E-003 
 1.991706399777490E-003  3.799707572340385E-003 -3.651338640930864E-003
      </IFC>
    </s_s1_m1_m2_m3.1.1.2.1.4>
    <s_s1_m1_m2_m3.1.1.3.1.4>
      <IFC type="real" size="9" columns="3">
-3.448482412994527E-004  6.236785750903403E-004  4.194627569959562E-004 
 6.236785750903403E-004 -3.448482412994518E-004  4.194627569959507E-004 
 2.684769442357455E-004  2.684769442357402E-004  1.656726110196675E-005
      </IFC>
    </s_s1_m1_m2_m3.1.1.3.1.4>
    <s_s1_m1_m2_m3.1.1.4.1.4>
      <IFC type="real" size="9" columns="3">
 1.656726110197196E-005  2.684769442357407E-004  2.684769442357433E-004 
 4.194627569959513E-004 -3.448482412994657E-004  6.236785750903455E-004 
 4.194627569959538E-004  6.236785750903450E-004 -3.448482412994635E-004
      </IFC>
    </s_s1_m1_m2_m3.1.1.4.1.4>
    <s_s1_m1_m2_m3.1.1.1.2.4>
      <IFC type="real" size="9" columns="3">
-3.651338640930868E-003 -1.991706399777493E-003 -3.799707572340383E-003 
 1.991706399777490E-003  8.988870988541325E-003  1.991706399777496E-003 
-3.799707572340383E-003 -1.991706399777487E-003 -3.651338640930864E-003
      </IFC>
    </s_s1_m1_m2_m3.1.1.1.2.4>
    <s_s1_m1_m2_m3.1.1.2.2.4>
      <IFC type="real" size="9" columns="3">
-4.617790931085220E-004  1.734723475976807E-018 -1.138412281109780E-018 
 1.734723475976807E-018 -4.617790931085203E-004  0.000000000000000E+000 
-1.138412281109780E-018  0.000000000000000E+000 -2.039964746913588E-004
      </IFC>
    </s_s1_m1_m2_m3.1.1.2.2.4>
    <s_s1_m1_m2_m3.1.1.3.2.4>
      <IFC type="real" size="9" columns="3">
-2.303456240916810E-004 -2.198959535920308E-005  8.751211111239856E-006 
 2.198959535920346E-005 -2.722404595393241E-004  2.198959535920007E-005 
 8.751211111239856E-006 -2.198959535920644E-005 -2.303456240916792E-004
      </IFC>
    </s_s1_m1_m2_m3.1.1.3.2.4>
    <s_s1_m1_m2_m3.1.1.4.2.4>
      <IFC type="real" size="9" columns="3">
-2.039964746913619E-004 -1.192622389734055E-018  9.757819552369540E-019 
-1.192622389734055E-018 -4.617790931085264E-004  3.957337929572091E-018 
 9.757819552369540E-019  3.957337929572091E-018 -4.617790931085363E-004
      </IFC>
    </s_s1_m1_m2_m3.1.1.4.2.4>
    <s_s1_m1_m2_m3.1.1.1.3.4>
      <IFC type="real" size="9" columns="3">
-3.448482412994579E-004  6.236785750903420E-004 -4.194627569959489E-004 
 6.236785750903420E-004 -3.448482412994613E-004 -4.194627569959512E-004 
-2.684769442357383E-004 -2.684769442357407E-004  1.656726110195808E-005
      </IFC>
    </s_s1_m1_m2_m3.1.1.1.3.4>
    <s_s1_m1_m2_m3.1.1.2.3.4>
      <IFC type="real" size="9" columns="3">
-2.722404595393328E-004  2.198959535920259E-005 -2.198959535920105E-005 
-2.198959535920379E-005 -2.303456240916732E-004 -8.751211111240941E-006 
 2.198959535920539E-005 -8.751211111240886E-006 -2.303456240916788E-004
      </IFC>
    </s_s1_m1_m2_m3.1.1.2.3.4>
    <s_s1_m1_m2_m3.1.1.3.3.4>
      <IFC type="real" size="9" columns="3">
-2.303456240916758E-004 -8.751211111246578E-006  2.198959535920453E-005 
-8.751211111246578E-006 -2.303456240916714E-004 -2.198959535920517E-005 
-2.198959535920201E-005  2.198959535920132E-005 -2.722404595393250E-004
      </IFC>
    </s_s1_m1_m2_m3.1.1.3.3.4>
    <s_s1_m1_m2_m3.1.1.4.3.4>
      <IFC type="real" size="9" columns="3">
 1.656726110196328E-005 -2.684769442357399E-004 -2.684769442357410E-004 
-4.194627569959503E-004 -3.448482412994622E-004  6.236785750903405E-004 
-4.194627569959515E-004  6.236785750903407E-004 -3.448482412994583E-004
      </IFC>
    </s_s1_m1_m2_m3.1.1.4.3.4>
    <s_s1_m1_m2_m3.1.1.1.4.4>
      <IFC type="real" size="9" columns="3">
-3.448482412994544E-004  4.194627569959498E-004 -6.236785750903442E-004 
 2.684769442357390E-004  1.656726110196849E-005 -2.684769442357416E-004 
-6.236785750903442E-004 -4.194627569959520E-004 -3.448482412994648E-004
      </IFC>
    </s_s1_m1_m2_m3.1.1.1.4.4>
    <s_s1_m1_m2_m3.1.1.2.4.4>
      <IFC type="real" size="9" columns="3">
-4.617790931085255E-004 -4.011548038196366E-018 -1.626303258728257E-018 
-4.011548038196366E-018 -2.039964746913636E-004 -2.222614453595284E-018 
-1.626303258728257E-018 -2.222614453595284E-018 -4.617790931085242E-004
      </IFC>
    </s_s1_m1_m2_m3.1.1.2.4.4>
    <s_s1_m1_m2_m3.1.1.3.4.4>
      <IFC type="real" size="9" columns="3">
-3.448482412994613E-004 -4.194627569959511E-004 -6.236785750903411E-004 
-2.684769442357404E-004  1.656726110196415E-005  2.684769442357406E-004 
-6.236785750903411E-004  4.194627569959512E-004 -3.448482412994631E-004
      </IFC>
    </s_s1_m1_m2_m3.1.1.3.4.4>
    <s_s1_m1_m2_m3.1.1.4.4.4>
      <IFC type="real" size="9" columns="3">
-2.180903676660922E-004 -6.505213034913027E-019 -5.041540102057596E-018 
-6.505213034913027E-019 -2.180903676660966E-004  1.409462824231156E-018 
-5.041540102057596E-018  1.409462824231156E-018 -2.180903676660944E-004
      </IFC>
    </s_s1_m1_m2_m3.1.1.4.4.4>
    <s_s1_m1_m2_m3.1.2.1.1.1>
      <IFC type="real" size="9" columns="3">
-6.298166806005578E-002 -4.099567646826770E-002 -4.099567646826768E-002 
-4.099567646826770E-002 -6.298166806005578E-002 -4.099567646826769E-002 
-4.099567646826768E-002 -4.099567646826769E-002 -6.298166806005578E-002
      </IFC>
    </s_s1_m1_m2_m3.1.2.1.1.1>
    <s_s1_m1_m2_m3.1.2.2.1.1>
      <IFC type="real" size="9" columns="3">
 1.325079723932887E-004  6.324025307843521E-004 -6.324025307843488E-004 
 6.324025307843525E-004  7.053512548709868E-004  8.721460434580894E-004 
-6.324025307843484E-004  8.721460434580895E-004  7.053512548709813E-004
      </IFC>
    </s_s1_m1_m2_m3.1.2.2.1.1>
    <s_s1_m1_m2_m3.1.2.3.1.1>
      <IFC type="real" size="9" columns="3">
-4.114412946734387E-005  4.204038979204413E-004 -1.939564298150620E-004 
 4.204038979204411E-004  3.747472647995180E-004  4.204038979204387E-004 
-1.939564298150628E-004  4.204038979204390E-004 -4.114412946734213E-005
      </IFC>
    </s_s1_m1_m2_m3.1.2.3.1.1>
    <s_s1_m1_m2_m3.1.2.4.1.1>
      <IFC type="real" size="9" columns="3">
 7.053512548709851E-004  8.721460434580837E-004 -6.324025307843520E-004 
 8.721460434580836E-004  7.053512548709894E-004  6.324025307843477E-004 
-6.324025307843528E-004  6.324025307843469E-004  1.325079723932887E-004
      </IFC>
    </s_s1_m1_m2_m3.1.2.4.1.1>
    <s_s1_m1_m2_m3.1.2.1.2.1>
      <IFC type="real" size="9" columns="3">
-6.298166806005578E-002  4.099567646826768E-002  4.099567646826768E-002 
 4.099567646826768E-002 -6.298166806005578E-002 -4.099567646826770E-002 
 4.099567646826768E-002 -4.099567646826770E-002 -6.298166806005578E-002
      </IFC>
    </s_s1_m1_m2_m3.1.2.1.2.1>
    <s_s1_m1_m2_m3.1.2.2.2.1>
      <IFC type="real" size="9" columns="3">
-3.816012373952689E-004 -9.108039962203568E-004  2.412544337871412E-004 
-9.108039962203577E-004 -4.615006438570763E-003  9.108039962203358E-004 
 2.412544337871403E-004  9.108039962203354E-004 -3.816012373952704E-004
      </IFC>
    </s_s1_m1_m2_m3.1.2.2.2.1>
    <s_s1_m1_m2_m3.1.2.3.2.1>
      <IFC type="real" size="9" columns="3">
-3.816012373952732E-004  9.108039962203363E-004  2.412544337871414E-004 
 9.108039962203348E-004 -4.615006438570768E-003 -9.108039962203529E-004 
 2.412544337871421E-004 -9.108039962203525E-004 -3.816012373952746E-004
      </IFC>
    </s_s1_m1_m2_m3.1.2.3.2.1>
    <s_s1_m1_m2_m3.1.2.4.2.1>
      <IFC type="real" size="9" columns="3">
-6.298166806005578E-002 -4.099567646826768E-002  4.099567646826769E-002 
-4.099567646826768E-002 -6.298166806005578E-002  4.099567646826768E-002 
 4.099567646826769E-002  4.099567646826768E-002 -6.298166806005578E-002
      </IFC>
    </s_s1_m1_m2_m3.1.2.4.2.1>
    <s_s1_m1_m2_m3.1.2.1.3.1>
      <IFC type="real" size="9" columns="3">
-4.615006438570777E-003 -9.108039962203432E-004 -9.108039962203440E-004 
-9.108039962203414E-004 -3.816012373952854E-004 -2.412544337871405E-004 
-9.108039962203449E-004 -2.412544337871405E-004 -3.816012373952854E-004
      </IFC>
    </s_s1_m1_m2_m3.1.2.1.3.1>
    <s_s1_m1_m2_m3.1.2.2.3.1>
      <IFC type="real" size="9" columns="3">
 1.696786624377049E-004  5.181161159722572E-004 -5.181161159722367E-004 
 5.181161159722586E-004  1.696786624377029E-004  5.181161159722564E-004 
-5.181161159722370E-004  5.181161159722559E-004  1.696786624377046E-004
      </IFC>
    </s_s1_m1_m2_m3.1.2.2.3.1>
    <s_s1_m1_m2_m3.1.2.3.3.1>
      <IFC type="real" size="9" columns="3">
-3.816012373952858E-004 -2.412544337871449E-004 -9.108039962203417E-004 
-2.412544337871452E-004 -3.816012373952843E-004 -9.108039962203446E-004 
-9.108039962203425E-004 -9.108039962203448E-004 -4.615006438570780E-003
      </IFC>
    </s_s1_m1_m2_m3.1.2.3.3.1>
    <s_s1_m1_m2_m3.1.2.4.3.1>
      <IFC type="real" size="9" columns="3">
 7.053512548709803E-004  6.324025307843309E-004 -8.721460434580773E-004 
 6.324025307843301E-004  1.325079723932803E-004  6.324025307843329E-004 
-8.721460434580782E-004  6.324025307843328E-004  7.053512548709794E-004
      </IFC>
    </s_s1_m1_m2_m3.1.2.4.3.1>
    <s_s1_m1_m2_m3.1.2.1.4.1>
      <IFC type="real" size="9" columns="3">
-4.615006438570753E-003  9.108039962203576E-004  9.108039962203486E-004 
 9.108039962203584E-004 -3.816012373952628E-004 -2.412544337871527E-004 
 9.108039962203486E-004 -2.412544337871518E-004 -3.816012373952558E-004
      </IFC>
    </s_s1_m1_m2_m3.1.2.1.4.1>
    <s_s1_m1_m2_m3.1.2.2.4.1>
      <IFC type="real" size="9" columns="3">
-3.816012373952630E-004 -2.412544337871568E-004  9.108039962203477E-004 
-2.412544337871551E-004 -3.816012373952591E-004  9.108039962203544E-004 
 9.108039962203468E-004  9.108039962203544E-004 -4.615006438570756E-003
      </IFC>
    </s_s1_m1_m2_m3.1.2.2.4.1>
    <s_s1_m1_m2_m3.1.2.3.4.1>
      <IFC type="real" size="9" columns="3">
-4.114412946734517E-005  1.939564298150531E-004 -4.204038979204218E-004 
 1.939564298150533E-004 -4.114412946734647E-005  4.204038979204403E-004 
-4.204038979204224E-004  4.204038979204398E-004  3.747472647995145E-004
      </IFC>
    </s_s1_m1_m2_m3.1.2.3.4.1>
    <s_s1_m1_m2_m3.1.2.4.4.1>
      <IFC type="real" size="9" columns="3">
 3.747472647995078E-004  4.204038979204426E-004 -4.204038979204227E-004 
 4.204038979204443E-004 -4.114412946734820E-005  1.939564298150554E-004 
-4.204038979204244E-004  1.939564298150563E-004 -4.114412946734734E-005
      </IFC>
    </s_s1_m1_m2_m3.1.2.4.4.1>
    <s_s1_m1_m2_m3.1.2.1.1.2>
      <IFC type="real" size="9" columns="3">
 1.325079723932896E-004 -6.324025307843516E-004  6.324025307843468E-004 
-6.324025307843525E-004  7.053512548709871E-004  8.721460434580929E-004 
 6.324025307843468E-004  8.721460434580929E-004  7.053512548709914E-004
      </IFC>
    </s_s1_m1_m2_m3.1.2.1.1.2>
    <s_s1_m1_m2_m3.1.2.2.1.2>
      <IFC type="real" size="9" columns="3">
 1.251849788893675E-004  1.912615412235421E-005  1.912615412236088E-005 
 1.912615412235464E-005  3.016233942585290E-004  6.114810969406987E-005 
 1.912615412236212E-005  6.114810969406938E-005  3.016233942585300E-004
      </IFC>
    </s_s1_m1_m2_m3.1.2.2.1.2>
    <s_s1_m1_m2_m3.1.2.3.1.2>
      <IFC type="real" size="9" columns="3">
 3.016233942585390E-004  6.114810969407069E-005  1.912615412236391E-005 
 6.114810969407069E-005  3.016233942585386E-004  1.912615412235459E-005 
 1.912615412236218E-005  1.912615412235394E-005  1.251849788893814E-004
      </IFC>
    </s_s1_m1_m2_m3.1.2.3.1.2>
    <s_s1_m1_m2_m3.1.2.4.1.2>
      <IFC type="real" size="9" columns="3">
 7.053512548709940E-004  8.721460434580890E-004  6.324025307843418E-004 
 8.721460434580885E-004  7.053512548709877E-004 -6.324025307843551E-004 
 6.324025307843405E-004 -6.324025307843551E-004  1.325079723932971E-004
      </IFC>
    </s_s1_m1_m2_m3.1.2.4.1.2>
    <s_s1_m1_m2_m3.1.2.1.2.2>
      <IFC type="real" size="9" columns="3">
-3.816012373952654E-004  2.412544337871414E-004 -9.108039962203579E-004 
 2.412544337871414E-004 -3.816012373952654E-004  9.108039962203371E-004 
-9.108039962203579E-004  9.108039962203371E-004 -4.615006438570757E-003
      </IFC>
    </s_s1_m1_m2_m3.1.2.1.2.2>
    <s_s1_m1_m2_m3.1.2.2.2.2>
      <IFC type="real" size="9" columns="3">
 1.696786624377300E-004 -5.181161159722538E-004 -5.181161159722582E-004 
-5.181161159722546E-004  1.696786624377324E-004 -5.181161159722553E-004 
-5.181161159722582E-004 -5.181161159722574E-004  1.696786624377344E-004
      </IFC>
    </s_s1_m1_m2_m3.1.2.2.2.2>
    <s_s1_m1_m2_m3.1.2.3.2.2>
      <IFC type="real" size="9" columns="3">
-4.615006438570767E-003  9.108039962203365E-004 -9.108039962203526E-004 
 9.108039962203365E-004 -3.816012373952713E-004  2.412544337871476E-004 
-9.108039962203528E-004  2.412544337871476E-004 -3.816012373952666E-004
      </IFC>
    </s_s1_m1_m2_m3.1.2.3.2.2>
    <s_s1_m1_m2_m3.1.2.4.2.2>
      <IFC type="real" size="9" columns="3">
 7.053512548709823E-004 -6.324025307843336E-004 -8.721460434580838E-004 
-6.324025307843355E-004  1.325079723932920E-004 -6.324025307843370E-004 
-8.721460434580812E-004 -6.324025307843374E-004  7.053512548709886E-004
      </IFC>
    </s_s1_m1_m2_m3.1.2.4.2.2>
    <s_s1_m1_m2_m3.1.2.1.3.2>
      <IFC type="real" size="9" columns="3">
 1.696786624377049E-004 -5.181161159722443E-004  5.181161159722577E-004 
-5.181161159722425E-004  1.696786624377057E-004  5.181161159722534E-004 
 5.181161159722569E-004  5.181161159722534E-004  1.696786624377014E-004
      </IFC>
    </s_s1_m1_m2_m3.1.2.1.3.2>
    <s_s1_m1_m2_m3.1.2.2.3.2>
      <IFC type="real" size="9" columns="3">
 1.696786624376986E-004  5.181161159722519E-004  5.181161159722549E-004 
 5.181161159722506E-004  1.696786624376999E-004 -5.181161159722436E-004 
 5.181161159722560E-004 -5.181161159722447E-004  1.696786624376984E-004
      </IFC>
    </s_s1_m1_m2_m3.1.2.2.3.2>
    <s_s1_m1_m2_m3.1.2.3.3.2>
      <IFC type="real" size="9" columns="3">
 3.016233942585481E-004 -1.912615412234201E-005 -6.114810969406093E-005 
-1.912615412234158E-005  1.251849788893836E-004  1.912615412234418E-005 
-6.114810969406179E-005  1.912615412234396E-005  3.016233942585472E-004
      </IFC>
    </s_s1_m1_m2_m3.1.2.3.3.2>
    <s_s1_m1_m2_m3.1.2.4.3.2>
      <IFC type="real" size="9" columns="3">
 3.016233942585444E-004  1.912615412234044E-005 -6.114810969406310E-005 
 1.912615412233914E-005  1.251849788893762E-004 -1.912615412234185E-005 
-6.114810969406326E-005 -1.912615412234201E-005  3.016233942585470E-004
      </IFC>
    </s_s1_m1_m2_m3.1.2.4.3.2>
    <s_s1_m1_m2_m3.1.2.1.4.2>
      <IFC type="real" size="9" columns="3">
-3.816012373952665E-004  9.108039962203530E-004 -2.412544337871490E-004 
 9.108039962203556E-004 -4.615006438570755E-003  9.108039962203553E-004 
-2.412544337871473E-004  9.108039962203536E-004 -3.816012373952637E-004
      </IFC>
    </s_s1_m1_m2_m3.1.2.1.4.2>
    <s_s1_m1_m2_m3.1.2.2.4.2>
      <IFC type="real" size="9" columns="3">
 1.251849788893782E-004 -1.912615412235594E-005 -1.912615412235936E-005 
-1.912615412235524E-005  3.016233942585429E-004  6.114810969405410E-005 
-1.912615412235887E-005  6.114810969405171E-005  3.016233942585388E-004
      </IFC>
    </s_s1_m1_m2_m3.1.2.2.4.2>
    <s_s1_m1_m2_m3.1.2.3.4.2>
      <IFC type="real" size="9" columns="3">
 2.529821646541125E-004  2.522773173585869E-005 -2.522773173587432E-005 
 2.522773173586005E-005  2.529821646541127E-004  2.522773173586885E-005 
-2.522773173587497E-005  2.522773173586977E-005  2.529821646541050E-004
      </IFC>
    </s_s1_m1_m2_m3.1.2.3.4.2>
    <s_s1_m1_m2_m3.1.2.4.4.2>
      <IFC type="real" size="9" columns="3">
 3.016233942585427E-004  6.114810969406272E-005 -1.912615412235676E-005 
 6.114810969406299E-005  3.016233942585386E-004 -1.912615412235242E-005 
-1.912615412235811E-005 -1.912615412235188E-005  1.251849788893757E-004
      </IFC>
    </s_s1_m1_m2_m3.1.2.4.4.2>
    <s_s1_m1_m2_m3.1.2.1.1.3>
      <IFC type="real" size="9" columns="3">
-4.114412946733953E-005 -1.939564298150537E-004  4.204038979204426E-004 
-1.939564298150571E-004 -4.114412946734647E-005  4.204038979204391E-004 
 4.204038979204426E-004  4.204038979204391E-004  3.747472647995242E-004
      </IFC>
    </s_s1_m1_m2_m3.1.2.1.1.3>
    <s_s1_m1_m2_m3.1.2.2.1.3>
      <IFC type="real" size="9" columns="3">
 3.016233942585423E-004  1.912615412235556E-005  6.114810969406526E-005 
 1.912615412235529E-005  1.251849788893810E-004  1.912615412235443E-005 
 6.114810969406516E-005  1.912615412235491E-005  3.016233942585400E-004
      </IFC>
    </s_s1_m1_m2_m3.1.2.2.1.3>
    <s_s1_m1_m2_m3.1.2.3.1.3>
      <IFC type="real" size="9" columns="3">
 3.747472647995190E-004  4.204038979204370E-004  4.204038979204384E-004 
 4.204038979204372E-004 -4.114412946734538E-005 -1.939564298150567E-004 
 4.204038979204366E-004 -1.939564298150570E-004 -4.114412946734343E-005
      </IFC>
    </s_s1_m1_m2_m3.1.2.3.1.3>
    <s_s1_m1_m2_m3.1.2.4.1.3>
      <IFC type="real" size="9" columns="3">
 2.343254956222291E-004  2.035747017019806E-006 -2.035747017032925E-006 
 2.035747017019968E-006  2.343254956222317E-004  2.035747017024088E-006 
-2.035747017034117E-006  2.035747017024143E-006  2.343254956222301E-004
      </IFC>
    </s_s1_m1_m2_m3.1.2.4.1.3>
    <s_s1_m1_m2_m3.1.2.1.2.3>
      <IFC type="real" size="9" columns="3">
-3.816012373952793E-004  2.412544337871414E-004  9.108039962203440E-004 
 2.412544337871414E-004 -3.816012373952793E-004 -9.108039962203475E-004 
 9.108039962203440E-004 -9.108039962203475E-004 -4.615006438570761E-003
      </IFC>
    </s_s1_m1_m2_m3.1.2.1.2.3>
    <s_s1_m1_m2_m3.1.2.2.2.3>
      <IFC type="real" size="9" columns="3">
-4.615006438570763E-003 -9.108039962203507E-004  9.108039962203434E-004 
-9.108039962203525E-004 -3.816012373952711E-004  2.412544337871457E-004 
 9.108039962203434E-004  2.412544337871466E-004 -3.816012373952630E-004
      </IFC>
    </s_s1_m1_m2_m3.1.2.2.2.3>
    <s_s1_m1_m2_m3.1.2.3.2.3>
      <IFC type="real" size="9" columns="3">
 3.747472647994930E-004 -4.204038979204347E-004 -4.204038979204400E-004 
-4.204038979204379E-004 -4.114412946736468E-005 -1.939564298150453E-004 
-4.204038979204394E-004 -1.939564298150444E-004 -4.114412946736273E-005
      </IFC>
    </s_s1_m1_m2_m3.1.2.3.2.3>
    <s_s1_m1_m2_m3.1.2.4.2.3>
      <IFC type="real" size="9" columns="3">
-4.114412946736729E-005 -1.939564298150398E-004 -4.204038979204391E-004 
-1.939564298150433E-004 -4.114412946736729E-005 -4.204038979204391E-004 
-4.204038979204391E-004 -4.204038979204357E-004  3.747472647994896E-004
      </IFC>
    </s_s1_m1_m2_m3.1.2.4.2.3>
    <s_s1_m1_m2_m3.1.2.1.3.3>
      <IFC type="real" size="9" columns="3">
-3.816012373952880E-004 -9.108039962203397E-004 -2.412544337871518E-004 
-9.108039962203397E-004 -4.615006438570784E-003 -9.108039962203432E-004 
-2.412544337871527E-004 -9.108039962203432E-004 -3.816012373952888E-004
      </IFC>
    </s_s1_m1_m2_m3.1.2.1.3.3>
    <s_s1_m1_m2_m3.1.2.2.3.3>
      <IFC type="real" size="9" columns="3">
 3.016233942585470E-004 -6.114810969406342E-005 -1.912615412234310E-005 
-6.114810969406315E-005  3.016233942585451E-004  1.912615412234391E-005 
-1.912615412234299E-005  1.912615412234385E-005  1.251849788893822E-004
      </IFC>
    </s_s1_m1_m2_m3.1.2.2.3.3>
    <s_s1_m1_m2_m3.1.2.3.3.3>
      <IFC type="real" size="9" columns="3">
 2.529821646541116E-004 -2.522773173587069E-005 -2.522773173586391E-005 
-2.522773173587128E-005  2.529821646541136E-004 -2.522773173586847E-005 
-2.522773173586397E-005 -2.522773173586825E-005  2.529821646541103E-004
      </IFC>
    </s_s1_m1_m2_m3.1.2.3.3.3>
    <s_s1_m1_m2_m3.1.2.4.3.3>
      <IFC type="real" size="9" columns="3">
 1.251849788893836E-004  1.912615412233735E-005 -1.912615412234418E-005 
 1.912615412233632E-005  3.016233942585464E-004 -6.114810969406966E-005 
-1.912615412234472E-005 -6.114810969406884E-005  3.016233942585463E-004
      </IFC>
    </s_s1_m1_m2_m3.1.2.4.3.3>
    <s_s1_m1_m2_m3.1.2.1.4.3>
      <IFC type="real" size="9" columns="3">
-4.114412946734907E-005 -4.204038979204343E-004  1.939564298150582E-004 
-4.204038979204334E-004  3.747472647995095E-004  4.204038979204365E-004 
 1.939564298150582E-004  4.204038979204339E-004 -4.114412946734555E-005
      </IFC>
    </s_s1_m1_m2_m3.1.2.1.4.3>
    <s_s1_m1_m2_m3.1.2.2.4.3>
      <IFC type="real" size="9" columns="3">
 2.529821646541075E-004 -2.522773173586879E-005  2.522773173586272E-005 
-2.522773173586792E-005  2.529821646541088E-004  2.522773173587031E-005 
 2.522773173586098E-005  2.522773173586988E-005  2.529821646541030E-004
      </IFC>
    </s_s1_m1_m2_m3.1.2.2.4.3>
    <s_s1_m1_m2_m3.1.2.3.4.3>
