<?xml version="1.0"?>
<?iotk version="1.2.0"?>
<?iotk file_version="1.0"?>
<?iotk binary="F"?>
<?iotk qe_syntax="F"?>
<Root>
  <GEOMETRY_INFO>
    <NUMBER_OF_TYPES type="integer" size="1">
         1
    </NUMBER_OF_TYPES>
    <NUMBER_OF_ATOMS type="integer" size="1">
         2
    </NUMBER_OF_ATOMS>
    <BRAVAIS_LATTICE_INDEX type="integer" size="1">
         2
    </BRAVAIS_LATTICE_INDEX>
    <SPIN_COMPONENTS type="integer" size="1">
         1
    </SPIN_COMPONENTS>
    <CELL_DIMENSIONS type="real" size="6">
 1.000000000000000E+001
 0.000000000000000E+000
 0.000000000000000E+000
 0.000000000000000E+000
 0.000000000000000E+000
 0.000000000000000E+000
    </CELL_DIMENSIONS>
    <AT type="real" size="9" columns="3">
-5.000000000000000E-001  0.000000000000000E+000  5.000000000000000E-001 
 0.000000000000000E+000  5.000000000000000E-001  5.000000000000000E-001 
-5.000000000000000E-001  5.000000000000000E-001  0.000000000000000E+000
    </AT>
    <BG type="real" size="9" columns="3">
-1.000000000000000E+000 -1.000000000000000E+000  1.000000000000000E+000 
 1.000000000000000E+000  1.000000000000000E+000  1.000000000000000E+000 
-1.000000000000000E+000  1.000000000000000E+000 -1.000000000000000E+000
    </BG>
    <UNIT_CELL_VOLUME_AU type="real" size="1">
 2.500000000000000E+002
    </UNIT_CELL_VOLUME_AU>
    <TYPE_NAME.1 type="character" size="1" len="3">
Si 
    </TYPE_NAME.1>
    <MASS.1 type="real" size="1">
 2.808600000000000E+001
    </MASS.1>
    <ATOM.1 SPECIES="Si " INDEX="1" TAU="0.000000000000000E+000 0.000000000000000E+000 0.000000000000000E+000"/>
    <ATOM.2 SPECIES="Si " INDEX="1" TAU="2.500000000000000E-001 2.500000000000000E-001 2.500000000000000E-001"/>
    <NUMBER_OF_Q type="integer" size="1">
         6
    </NUMBER_OF_Q>
  </GEOMETRY_INFO>
  <DIELECTRIC_PROPERTIES>
    <EPSILON type="real" size="9" columns="3">
 1.359560048509823E+001  8.881784197001252E-016  7.993605777301127E-015 
 4.440892098500626E-015  1.359560048509823E+001  8.881784197001252E-016 
 5.329070518200751E-015 -1.776356839400250E-015  1.359560048509823E+001
    </EPSILON>
    <ZSTAR>
      <Z_AT_.1 type="real" size="9" columns="3">
-3.552713678800501E-015 -1.776356839400250E-015 -2.220446049250313E-015 
-1.776356839400250E-015 -3.552713678800501E-015  4.440892098500626E-016 
-1.776356839400250E-015  1.110223024625157E-015 -3.552713678800501E-015
      </Z_AT_.1>
      <Z_AT_.2 type="real" size="9" columns="3">
 3.552713678800501E-015  1.776356839400250E-015  2.220446049250313E-015 
 1.776356839400250E-015  3.552713678800501E-015 -4.440892098500626E-016 
 1.776356839400250E-015 -1.110223024625157E-015  3.552713678800501E-015
      </Z_AT_.2>
    </ZSTAR>
  </DIELECTRIC_PROPERTIES>
  <INTERATOMIC_FORCE_CONSTANTS>
    <MESH_NQ1_NQ2_NQ3 type="integer" size="3" columns="3">
         4          4          4
    </MESH_NQ1_NQ2_NQ3>
    <s_s1_m1_m2_m3.1.1.1.1.1>
      <IFC type="real" size="9" columns="3">
 3.106385384844694E-001  5.421010862427522E-019  3.415236843329339E-018 
 5.421010862427522E-019  3.106385384844694E-001 -5.339695699491109E-018 
 3.415236843329339E-018 -5.339695699491109E-018  3.106385384844694E-001
      </IFC>
    </s_s1_m1_m2_m3.1.1.1.1.1>
    <s_s1_m1_m2_m3.1.1.2.1.1>
      <IFC type="real" size="9" columns="3">
-4.373304319775577E-003 -2.254045272250410E-003  4.567334004157057E-003 
 2.254045272250411E-003  9.400642011406004E-003 -2.254045272250413E-003 
 4.567334004157056E-003  2.254045272250409E-003 -4.373304319775581E-003
      </IFC>
    </s_s1_m1_m2_m3.1.1.2.1.1>
    <s_s1_m1_m2_m3.1.1.3.1.1>
      <IFC type="real" size="9" columns="3">
-1.769572504436469E-005 -3.279711571768651E-018  6.832781486562755E-004 
-3.279711571768651E-018  4.058543531762137E-003 -1.084202172485504E-019 
 6.832781486562755E-004 -1.084202172485504E-019 -1.769572504436816E-005
      </IFC>
    </s_s1_m1_m2_m3.1.1.3.1.1>
    <s_s1_m1_m2_m3.1.1.4.1.1>
      <IFC type="real" size="9" columns="3">
-4.373304319775577E-003  2.254045272250411E-003  4.567334004157056E-003 
-2.254045272250410E-003  9.400642011406004E-003  2.254045272250409E-003 
 4.567334004157057E-003 -2.254045272250413E-003 -4.373304319775581E-003
      </IFC>
    </s_s1_m1_m2_m3.1.1.4.1.1>
    <s_s1_m1_m2_m3.1.1.1.2.1>
      <IFC type="real" size="9" columns="3">
 9.400642011406012E-003  2.254045272250412E-003  2.254045272250410E-003 
-2.254045272250409E-003 -4.373304319775579E-003 -4.567334004157060E-003 
-2.254045272250411E-003 -4.567334004157060E-003 -4.373304319775572E-003
      </IFC>
    </s_s1_m1_m2_m3.1.1.1.2.1>
    <s_s1_m1_m2_m3.1.1.2.2.1>
      <IFC type="real" size="9" columns="3">
-3.913607022433714E-004 -6.246106775810427E-004  2.245878645719556E-004 
-6.246106775810424E-004 -3.913607022433723E-004 -2.245878645719545E-004 
 4.216450054449592E-004 -4.216450054449582E-004  3.889042907460200E-005
      </IFC>
    </s_s1_m1_m2_m3.1.1.2.2.1>
    <s_s1_m1_m2_m3.1.1.3.2.1>
      <IFC type="real" size="9" columns="3">
 3.889042907461067E-005 -4.216450054449573E-004  4.216450054449565E-004 
-2.245878645719534E-004 -3.913607022433662E-004 -6.246106775810441E-004 
 2.245878645719528E-004 -6.246106775810441E-004 -3.913607022433662E-004
      </IFC>
    </s_s1_m1_m2_m3.1.1.3.2.1>
    <s_s1_m1_m2_m3.1.1.4.2.1>
      <IFC type="real" size="9" columns="3">
-4.373304319775584E-003 -4.567334004157057E-003 -2.254045272250414E-003 
-4.567334004157058E-003 -4.373304319775583E-003 -2.254045272250408E-003 
 2.254045272250408E-003  2.254045272250415E-003  9.400642011405995E-003
      </IFC>
    </s_s1_m1_m2_m3.1.1.4.2.1>
    <s_s1_m1_m2_m3.1.1.1.3.1>
      <IFC type="real" size="9" columns="3">
 4.058543531762139E-003 -2.087089182034596E-018 -8.131516293641283E-019 
-2.087089182034596E-018 -1.769572504436295E-005 -6.832781486562770E-004 
-8.131516293641283E-019 -6.832781486562770E-004 -1.769572504437683E-005
      </IFC>
    </s_s1_m1_m2_m3.1.1.1.3.1>
    <s_s1_m1_m2_m3.1.1.2.3.1>
      <IFC type="real" size="9" columns="3">
-3.913607022433645E-004 -2.245878645719538E-004  6.246106775810408E-004 
-4.216450054449576E-004  3.889042907460893E-005 -4.216450054449580E-004 
 6.246106775810410E-004 -2.245878645719542E-004 -3.913607022433731E-004
      </IFC>
    </s_s1_m1_m2_m3.1.1.2.3.1>
    <s_s1_m1_m2_m3.1.1.3.3.1>
      <IFC type="real" size="9" columns="3">
-1.769572504436469E-005 -6.832781486562684E-004  2.168404344971009E-019 
-6.832781486562684E-004 -1.769572504436469E-005 -3.171291354520100E-018 
 2.168404344971009E-019 -3.171291354520100E-018  4.058543531762141E-003
      </IFC>
    </s_s1_m1_m2_m3.1.1.3.3.1>
    <s_s1_m1_m2_m3.1.1.4.3.1>
      <IFC type="real" size="9" columns="3">
-3.913607022433645E-004 -4.216450054449576E-004  6.246106775810410E-004 
-2.245878645719538E-004  3.889042907460893E-005 -2.245878645719542E-004 
 6.246106775810408E-004 -4.216450054449580E-004 -3.913607022433731E-004
      </IFC>
    </s_s1_m1_m2_m3.1.1.4.3.1>
    <s_s1_m1_m2_m3.1.1.1.4.1>
      <IFC type="real" size="9" columns="3">
 9.400642011406012E-003 -2.254045272250409E-003 -2.254045272250411E-003 
 2.254045272250412E-003 -4.373304319775579E-003 -4.567334004157060E-003 
 2.254045272250410E-003 -4.567334004157060E-003 -4.373304319775572E-003
      </IFC>
    </s_s1_m1_m2_m3.1.1.1.4.1>
    <s_s1_m1_m2_m3.1.1.2.4.1>
      <IFC type="real" size="9" columns="3">
-4.373304319775584E-003 -4.567334004157058E-003  2.254045272250408E-003 
-4.567334004157057E-003 -4.373304319775583E-003  2.254045272250415E-003 
-2.254045272250414E-003 -2.254045272250408E-003  9.400642011405995E-003
      </IFC>
    </s_s1_m1_m2_m3.1.1.2.4.1>
    <s_s1_m1_m2_m3.1.1.3.4.1>
      <IFC type="real" size="9" columns="3">
 3.889042907461067E-005 -2.245878645719534E-004  2.245878645719528E-004 
-4.216450054449573E-004 -3.913607022433662E-004 -6.246106775810441E-004 
 4.216450054449565E-004 -6.246106775810441E-004 -3.913607022433662E-004
      </IFC>
    </s_s1_m1_m2_m3.1.1.3.4.1>
    <s_s1_m1_m2_m3.1.1.4.4.1>
      <IFC type="real" size="9" columns="3">
-3.913607022433714E-004 -6.246106775810424E-004  4.216450054449592E-004 
-6.246106775810427E-004 -3.913607022433723E-004 -4.216450054449582E-004 
 2.245878645719556E-004 -2.245878645719545E-004  3.889042907460200E-005
      </IFC>
    </s_s1_m1_m2_m3.1.1.4.4.1>
    <s_s1_m1_m2_m3.1.1.1.1.2>
      <IFC type="real" size="9" columns="3">
-4.373304319775589E-003  4.567334004157059E-003 -2.254045272250412E-003 
 4.567334004157059E-003 -4.373304319775589E-003  2.254045272250410E-003 
 2.254045272250410E-003 -2.254045272250411E-003  9.400642011406002E-003
      </IFC>
    </s_s1_m1_m2_m3.1.1.1.1.2>
    <s_s1_m1_m2_m3.1.1.2.1.2>
      <IFC type="real" size="9" columns="3">
 3.889042907460373E-005  4.216450054449585E-004  4.216450054449531E-004 
 2.245878645719547E-004 -3.913607022433723E-004  6.246106775810397E-004 
 2.245878645719497E-004  6.246106775810393E-004 -3.913607022433653E-004
      </IFC>
    </s_s1_m1_m2_m3.1.1.2.1.2>
    <s_s1_m1_m2_m3.1.1.3.1.2>
      <IFC type="real" size="9" columns="3">
-3.913607022433697E-004  6.246106775810429E-004  2.245878645719539E-004 
 6.246106775810429E-004 -3.913607022433662E-004  2.245878645719560E-004 
 4.216450054449576E-004  4.216450054449598E-004  3.889042907460373E-005
      </IFC>
    </s_s1_m1_m2_m3.1.1.3.1.2>
    <s_s1_m1_m2_m3.1.1.4.1.2>
      <IFC type="real" size="9" columns="3">
 9.400642011406000E-003 -2.254045272250415E-003  2.254045272250405E-003 
 2.254045272250407E-003 -4.373304319775583E-003  4.567334004157054E-003 
-2.254045272250417E-003  4.567334004157054E-003 -4.373304319775583E-003
      </IFC>
    </s_s1_m1_m2_m3.1.1.4.1.2>
    <s_s1_m1_m2_m3.1.1.1.2.2>
      <IFC type="real" size="9" columns="3">
-3.913607022433783E-004  2.245878645719568E-004 -6.246106775810423E-004 
 4.216450054449607E-004  3.889042907459853E-005 -4.216450054449572E-004 
-6.246106775810423E-004 -2.245878645719534E-004 -3.913607022433679E-004
      </IFC>
    </s_s1_m1_m2_m3.1.1.1.2.2>
    <s_s1_m1_m2_m3.1.1.2.2.2>
      <IFC type="real" size="9" columns="3">
-2.717173776096010E-004  5.746271514173174E-018  1.843143693225358E-018 
 5.746271514173174E-018 -2.717173776096010E-004 -3.198396408832238E-018 
 1.897353801849633E-018 -3.144186300207963E-018 -2.717173776095949E-004
      </IFC>
    </s_s1_m1_m2_m3.1.1.2.2.2>
    <s_s1_m1_m2_m3.1.1.3.2.2>
      <IFC type="real" size="9" columns="3">
-3.913607022433731E-004 -2.245878645719580E-004 -6.246106775810454E-004 
-4.216450054449619E-004  3.889042907460026E-005  4.216450054449586E-004 
-6.246106775810454E-004  2.245878645719547E-004 -3.913607022433662E-004
      </IFC>
    </s_s1_m1_m2_m3.1.1.3.2.2>
    <s_s1_m1_m2_m3.1.1.4.2.2>
      <IFC type="real" size="9" columns="3">
-4.579699767284003E-004  5.854691731421724E-018  2.276824562219559E-018 
 5.854691731421724E-018 -2.460713396325309E-004 -1.572093150103981E-018 
 2.276824562219559E-018 -1.572093150103981E-018 -4.579699767283925E-004
      </IFC>
    </s_s1_m1_m2_m3.1.1.4.2.2>
    <s_s1_m1_m2_m3.1.1.1.3.2>
      <IFC type="real" size="9" columns="3">
-3.913607022433749E-004  6.246106775810432E-004 -2.245878645719570E-004 
 6.246106775810432E-004 -3.913607022433749E-004 -2.245878645719542E-004 
-4.216450054449608E-004 -4.216450054449580E-004  3.889042907459506E-005
      </IFC>
    </s_s1_m1_m2_m3.1.1.1.3.2>
    <s_s1_m1_m2_m3.1.1.2.3.2>
      <IFC type="real" size="9" columns="3">
 3.889042907460720E-005 -4.216450054449591E-004 -4.216450054449636E-004 
-2.245878645719551E-004 -3.913607022433688E-004  6.246106775810424E-004 
-2.245878645719598E-004  6.246106775810425E-004 -3.913607022433757E-004
      </IFC>
    </s_s1_m1_m2_m3.1.1.2.3.2>
    <s_s1_m1_m2_m3.1.1.3.3.2>
      <IFC type="real" size="9" columns="3">
-2.305294947048901E-004  6.497988850834389E-006 -2.294109579983536E-005 
 6.497988850834389E-006 -2.305294947048866E-004  2.294109579983352E-005 
 2.294109579982875E-005 -2.294109579983070E-005 -2.640985300172340E-004
      </IFC>
    </s_s1_m1_m2_m3.1.1.3.3.2>
    <s_s1_m1_m2_m3.1.1.4.3.2>
      <IFC type="real" size="9" columns="3">
-2.640985300172306E-004 -2.294109579983078E-005  2.294109579982923E-005 
 2.294109579983360E-005 -2.305294947048927E-004  6.497988850827179E-006 
-2.294109579983493E-005  6.497988850827125E-006 -2.305294947048927E-004
      </IFC>
    </s_s1_m1_m2_m3.1.1.4.3.2>
    <s_s1_m1_m2_m3.1.1.1.4.2>
      <IFC type="real" size="9" columns="3">
-4.373304319775586E-003  2.254045272250406E-003 -4.567334004157058E-003 
-2.254045272250415E-003  9.400642011406005E-003 -2.254045272250408E-003 
-4.567334004157058E-003  2.254045272250414E-003 -4.373304319775576E-003
      </IFC>
    </s_s1_m1_m2_m3.1.1.1.4.2>
    <s_s1_m1_m2_m3.1.1.2.4.2>
      <IFC type="real" size="9" columns="3">
-2.460713396325309E-004  5.854691731421724E-018 -1.084202172485504E-019 
 5.854691731421724E-018 -4.579699767284003E-004 -5.366800753803247E-018 
-1.084202172485504E-019 -5.366800753803247E-018 -4.579699767283925E-004
      </IFC>
    </s_s1_m1_m2_m3.1.1.2.4.2>
    <s_s1_m1_m2_m3.1.1.3.4.2>
      <IFC type="real" size="9" columns="3">
-2.305294947048935E-004  2.294109579983409E-005 -6.497988850829130E-006 
-2.294109579983013E-005 -2.640985300172306E-004 -2.294109579983409E-005 
-6.497988850828914E-006  2.294109579983024E-005 -2.305294947048866E-004
      </IFC>
    </s_s1_m1_m2_m3.1.1.3.4.2>
    <s_s1_m1_m2_m3.1.1.4.4.2>
      <IFC type="real" size="9" columns="3">
-4.579699767284003E-004  4.011548038196366E-018  1.246832498358330E-018 
 4.011548038196366E-018 -4.579699767284003E-004 -2.818925648462312E-018 
 1.192622389734055E-018 -2.873135757086587E-018 -2.460713396325248E-004
      </IFC>
    </s_s1_m1_m2_m3.1.1.4.4.2>
    <s_s1_m1_m2_m3.1.1.1.1.3>
      <IFC type="real" size="9" columns="3">
-1.769572504436989E-005  6.832781486562732E-004 -3.089976191583688E-018 
 6.832781486562732E-004 -1.769572504436989E-005  1.761828530288945E-018 
-3.089976191583688E-018  1.761828530288945E-018  4.058543531762160E-003
      </IFC>
    </s_s1_m1_m2_m3.1.1.1.1.3>
    <s_s1_m1_m2_m3.1.1.2.1.3>
      <IFC type="real" size="9" columns="3">
-3.913607022433697E-004  2.245878645719560E-004  6.246106775810428E-004 
 4.216450054449596E-004  3.889042907460893E-005  4.216450054449594E-004 
 6.246106775810423E-004  2.245878645719555E-004 -3.913607022433679E-004
      </IFC>
    </s_s1_m1_m2_m3.1.1.2.1.3>
    <s_s1_m1_m2_m3.1.1.3.1.3>
      <IFC type="real" size="9" columns="3">
 4.058543531762144E-003  2.710505431213761E-020  5.421010862427522E-019 
 2.710505431213761E-020 -1.769572504436469E-005  6.832781486562654E-004 
 5.421010862427522E-019  6.832781486562654E-004 -1.769572504436122E-005
      </IFC>
    </s_s1_m1_m2_m3.1.1.3.1.3>
    <s_s1_m1_m2_m3.1.1.4.1.3>
      <IFC type="real" size="9" columns="3">
-3.913607022433697E-004  4.216450054449596E-004  6.246106775810423E-004 
 2.245878645719560E-004  3.889042907460893E-005  2.245878645719555E-004 
 6.246106775810428E-004  4.216450054449594E-004 -3.913607022433679E-004
      </IFC>
    </s_s1_m1_m2_m3.1.1.4.1.3>
    <s_s1_m1_m2_m3.1.1.1.2.3>
      <IFC type="real" size="9" columns="3">
 3.889042907460546E-005  4.216450054449606E-004 -4.216450054449602E-004 
 2.245878645719566E-004 -3.913607022433714E-004 -6.246106775810445E-004 
-2.245878645719564E-004 -6.246106775810445E-004 -3.913607022433714E-004
      </IFC>
    </s_s1_m1_m2_m3.1.1.1.2.3>
    <s_s1_m1_m2_m3.1.1.2.2.3>
      <IFC type="real" size="9" columns="3">
-3.913607022433697E-004 -6.246106775810444E-004 -2.245878645719567E-004 
-6.246106775810446E-004 -3.913607022433688E-004  2.245878645719580E-004 
-4.216450054449604E-004  4.216450054449615E-004  3.889042907460026E-005
      </IFC>
    </s_s1_m1_m2_m3.1.1.2.2.3>
    <s_s1_m1_m2_m3.1.1.3.2.3>
      <IFC type="real" size="9" columns="3">
-2.640985300172271E-004  2.294109579983249E-005  2.294109579983053E-005 
-2.294109579983173E-005 -2.305294947048866E-004 -6.497988850834226E-006 
-2.294109579983357E-005 -6.497988850833901E-006 -2.305294947048935E-004
      </IFC>
    </s_s1_m1_m2_m3.1.1.3.2.3>
    <s_s1_m1_m2_m3.1.1.4.2.3>
      <IFC type="real" size="9" columns="3">
-2.305294947048918E-004 -6.497988850831353E-006 -2.294109579983124E-005 
-6.497988850830919E-006 -2.305294947048927E-004 -2.294109579983297E-005 
 2.294109579983276E-005  2.294109579983102E-005 -2.640985300172306E-004
      </IFC>
    </s_s1_m1_m2_m3.1.1.4.2.3>
    <s_s1_m1_m2_m3.1.1.1.3.3>
      <IFC type="real" size="9" columns="3">
-1.769572504436295E-005  1.219727444046192E-018 -6.832781486562694E-004 
 1.219727444046192E-018  4.058543531762139E-003 -4.878909776184770E-019 
-6.832781486562694E-004 -4.878909776184770E-019 -1.769572504436295E-005
      </IFC>
    </s_s1_m1_m2_m3.1.1.1.3.3>
    <s_s1_m1_m2_m3.1.1.2.3.3>
      <IFC type="real" size="9" columns="3">
-2.305294947048918E-004 -2.294109579983208E-005  6.497988850830106E-006 
 2.294109579983219E-005 -2.640985300172271E-004 -2.294109579983243E-005 
 6.497988850829835E-006  2.294109579983173E-005 -2.305294947048953E-004
      </IFC>
    </s_s1_m1_m2_m3.1.1.2.3.3>
    <s_s1_m1_m2_m3.1.1.3.3.3>
      <IFC type="real" size="9" columns="3">
-1.774425081961534E-004  7.589415207398531E-019  3.577867169202165E-018 
 7.589415207398531E-019 -1.774425081961604E-004 -7.237049501340742E-018 
 3.577867169202165E-018 -7.237049501340742E-018 -1.774425081961500E-004
      </IFC>
    </s_s1_m1_m2_m3.1.1.3.3.3>
    <s_s1_m1_m2_m3.1.1.4.3.3>
      <IFC type="real" size="9" columns="3">
-2.305294947048918E-004  2.294109579983219E-005  6.497988850829835E-006 
-2.294109579983208E-005 -2.640985300172271E-004  2.294109579983173E-005 
 6.497988850830106E-006 -2.294109579983243E-005 -2.305294947048953E-004
      </IFC>
    </s_s1_m1_m2_m3.1.1.4.3.3>
    <s_s1_m1_m2_m3.1.1.1.4.3>
      <IFC type="real" size="9" columns="3">
 3.889042907460546E-005  2.245878645719566E-004 -2.245878645719564E-004 
 4.216450054449606E-004 -3.913607022433714E-004 -6.246106775810445E-004 
-4.216450054449602E-004 -6.246106775810445E-004 -3.913607022433714E-004
      </IFC>
    </s_s1_m1_m2_m3.1.1.1.4.3>
    <s_s1_m1_m2_m3.1.1.2.4.3>
      <IFC type="real" size="9" columns="3">
-2.305294947048918E-004 -6.497988850830919E-006  2.294109579983276E-005 
-6.497988850831353E-006 -2.305294947048927E-004  2.294109579983102E-005 
-2.294109579983124E-005 -2.294109579983297E-005 -2.640985300172306E-004
      </IFC>
    </s_s1_m1_m2_m3.1.1.2.4.3>
    <s_s1_m1_m2_m3.1.1.3.4.3>
      <IFC type="real" size="9" columns="3">
-2.640985300172271E-004 -2.294109579983173E-005 -2.294109579983357E-005 
 2.294109579983249E-005 -2.305294947048866E-004 -6.497988850833901E-006 
 2.294109579983053E-005 -6.497988850834226E-006 -2.305294947048935E-004
      </IFC>
    </s_s1_m1_m2_m3.1.1.3.4.3>
    <s_s1_m1_m2_m3.1.1.4.4.3>
      <IFC type="real" size="9" columns="3">
-3.913607022433697E-004 -6.246106775810446E-004 -4.216450054449604E-004 
-6.246106775810444E-004 -3.913607022433688E-004  4.216450054449615E-004 
-2.245878645719567E-004  2.245878645719580E-004  3.889042907460026E-005
      </IFC>
    </s_s1_m1_m2_m3.1.1.4.4.3>
    <s_s1_m1_m2_m3.1.1.1.1.4>
      <IFC type="real" size="9" columns="3">
-4.373304319775589E-003  4.567334004157059E-003  2.254045272250410E-003 
 4.567334004157059E-003 -4.373304319775589E-003 -2.254045272250411E-003 
-2.254045272250412E-003  2.254045272250410E-003  9.400642011406002E-003
      </IFC>
    </s_s1_m1_m2_m3.1.1.1.1.4>
    <s_s1_m1_m2_m3.1.1.2.1.4>
      <IFC type="real" size="9" columns="3">
 9.400642011406000E-003  2.254045272250407E-003 -2.254045272250417E-003 
-2.254045272250415E-003 -4.373304319775583E-003  4.567334004157054E-003 
 2.254045272250405E-003  4.567334004157054E-003 -4.373304319775583E-003
      </IFC>
    </s_s1_m1_m2_m3.1.1.2.1.4>
    <s_s1_m1_m2_m3.1.1.3.1.4>
      <IFC type="real" size="9" columns="3">
-3.913607022433697E-004  6.246106775810429E-004  4.216450054449576E-004 
 6.246106775810429E-004 -3.913607022433662E-004  4.216450054449598E-004 
 2.245878645719539E-004  2.245878645719560E-004  3.889042907460373E-005
      </IFC>
    </s_s1_m1_m2_m3.1.1.3.1.4>
    <s_s1_m1_m2_m3.1.1.4.1.4>
      <IFC type="real" size="9" columns="3">
 3.889042907460373E-005  2.245878645719547E-004  2.245878645719497E-004 
 4.216450054449585E-004 -3.913607022433723E-004  6.246106775810393E-004 
 4.216450054449531E-004  6.246106775810397E-004 -3.913607022433653E-004
      </IFC>
    </s_s1_m1_m2_m3.1.1.4.1.4>
    <s_s1_m1_m2_m3.1.1.1.2.4>
      <IFC type="real" size="9" columns="3">
-4.373304319775586E-003 -2.254045272250415E-003 -4.567334004157058E-003 
 2.254045272250406E-003  9.400642011406005E-003  2.254045272250414E-003 
-4.567334004157058E-003 -2.254045272250408E-003 -4.373304319775576E-003
      </IFC>
    </s_s1_m1_m2_m3.1.1.1.2.4>
    <s_s1_m1_m2_m3.1.1.2.2.4>
      <IFC type="real" size="9" columns="3">
-4.579699767284003E-004  4.011548038196366E-018  1.192622389734055E-018 
 4.011548038196366E-018 -4.579699767284003E-004 -2.873135757086587E-018 
 1.246832498358330E-018 -2.818925648462312E-018 -2.460713396325248E-004
      </IFC>
    </s_s1_m1_m2_m3.1.1.2.2.4>
    <s_s1_m1_m2_m3.1.1.3.2.4>
      <IFC type="real" size="9" columns="3">
-2.305294947048935E-004 -2.294109579983013E-005 -6.497988850828914E-006 
 2.294109579983409E-005 -2.640985300172306E-004  2.294109579983024E-005 
-6.497988850829130E-006 -2.294109579983409E-005 -2.305294947048866E-004
      </IFC>
    </s_s1_m1_m2_m3.1.1.3.2.4>
    <s_s1_m1_m2_m3.1.1.4.2.4>
      <IFC type="real" size="9" columns="3">
-2.460713396325309E-004  5.854691731421724E-018 -1.084202172485504E-019 
 5.854691731421724E-018 -4.579699767284003E-004 -5.366800753803247E-018 
-1.084202172485504E-019 -5.366800753803247E-018 -4.579699767283925E-004
      </IFC>
    </s_s1_m1_m2_m3.1.1.4.2.4>
    <s_s1_m1_m2_m3.1.1.1.3.4>
      <IFC type="real" size="9" columns="3">
-3.913607022433749E-004  6.246106775810432E-004 -4.216450054449608E-004 
 6.246106775810432E-004 -3.913607022433749E-004 -4.216450054449580E-004 
-2.245878645719570E-004 -2.245878645719542E-004  3.889042907459506E-005
      </IFC>
    </s_s1_m1_m2_m3.1.1.1.3.4>
    <s_s1_m1_m2_m3.1.1.2.3.4>
      <IFC type="real" size="9" columns="3">
-2.640985300172306E-004  2.294109579983360E-005 -2.294109579983493E-005 
-2.294109579983078E-005 -2.305294947048927E-004  6.497988850827125E-006 
 2.294109579982923E-005  6.497988850827179E-006 -2.305294947048927E-004
      </IFC>
    </s_s1_m1_m2_m3.1.1.2.3.4>
    <s_s1_m1_m2_m3.1.1.3.3.4>
      <IFC type="real" size="9" columns="3">
-2.305294947048901E-004  6.497988850834389E-006  2.294109579982875E-005 
 6.497988850834389E-006 -2.305294947048866E-004 -2.294109579983070E-005 
-2.294109579983536E-005  2.294109579983352E-005 -2.640985300172340E-004
      </IFC>
    </s_s1_m1_m2_m3.1.1.3.3.4>
    <s_s1_m1_m2_m3.1.1.4.3.4>
      <IFC type="real" size="9" columns="3">
 3.889042907460720E-005 -2.245878645719551E-004 -2.245878645719598E-004 
-4.216450054449591E-004 -3.913607022433688E-004  6.246106775810425E-004 
-4.216450054449636E-004  6.246106775810424E-004 -3.913607022433757E-004
      </IFC>
    </s_s1_m1_m2_m3.1.1.4.3.4>
    <s_s1_m1_m2_m3.1.1.1.4.4>
      <IFC type="real" size="9" columns="3">
-3.913607022433783E-004  4.216450054449607E-004 -6.246106775810423E-004 
 2.245878645719568E-004  3.889042907459853E-005 -2.245878645719534E-004 
-6.246106775810423E-004 -4.216450054449572E-004 -3.913607022433679E-004
      </IFC>
    </s_s1_m1_m2_m3.1.1.1.4.4>
    <s_s1_m1_m2_m3.1.1.2.4.4>
      <IFC type="real" size="9" columns="3">
-4.579699767284003E-004  5.854691731421724E-018  2.276824562219559E-018 
 5.854691731421724E-018 -2.460713396325309E-004 -1.572093150103981E-018 
 2.276824562219559E-018 -1.572093150103981E-018 -4.579699767283925E-004
      </IFC>
    </s_s1_m1_m2_m3.1.1.2.4.4>
    <s_s1_m1_m2_m3.1.1.3.4.4>
      <IFC type="real" size="9" columns="3">
-3.913607022433731E-004 -4.216450054449619E-004 -6.246106775810454E-004 
-2.245878645719580E-004  3.889042907460026E-005  2.245878645719547E-004 
-6.246106775810454E-004  4.216450054449586E-004 -3.913607022433662E-004
      </IFC>
    </s_s1_m1_m2_m3.1.1.3.4.4>
    <s_s1_m1_m2_m3.1.1.4.4.4>
      <IFC type="real" size="9" columns="3">
-2.717173776096010E-004  5.746271514173174E-018  1.897353801849633E-018 
 5.746271514173174E-018 -2.717173776096010E-004 -3.144186300207963E-018 
 1.843143693225358E-018 -3.198396408832238E-018 -2.717173776095949E-004
      </IFC>
    </s_s1_m1_m2_m3.1.1.4.4.4>
    <s_s1_m1_m2_m3.1.2.1.1.1>
      <IFC type="real" size="9" columns="3">
-7.507112632703444E-002 -5.739288761341860E-002 -5.739288761341859E-002 
-5.739288761341860E-002 -7.507112632703444E-002 -5.739288761341860E-002 
-5.739288761341859E-002 -5.739288761341860E-002 -7.507112632703446E-002
      </IFC>
    </s_s1_m1_m2_m3.1.2.1.1.1>
    <s_s1_m1_m2_m3.1.2.2.1.1>
      <IFC type="real" size="9" columns="3">
 9.958882569964067E-005  7.115485217424071E-004 -7.115485217424060E-004 
 7.115485217424064E-004  8.238159108515130E-004  8.334321388872596E-004 
-7.115485217424054E-004  8.334321388872570E-004  8.238159108515102E-004
      </IFC>
    </s_s1_m1_m2_m3.1.2.2.1.1>
    <s_s1_m1_m2_m3.1.2.3.1.1>
      <IFC type="real" size="9" columns="3">
-5.421466509462328E-005  4.217396172851057E-004 -1.765780317503341E-004 
 4.217396172851058E-004  4.515913794109262E-004  4.217396172851094E-004 
-1.765780317503344E-004  4.217396172851095E-004 -5.421466509462501E-005
      </IFC>
    </s_s1_m1_m2_m3.1.2.3.1.1>
    <s_s1_m1_m2_m3.1.2.4.1.1>
      <IFC type="real" size="9" columns="3">
 8.238159108515104E-004  8.334321388872579E-004 -7.115485217424045E-004 
 8.334321388872574E-004  8.238159108515146E-004  7.115485217424095E-004 
-7.115485217424054E-004  7.115485217424080E-004  9.958882569964349E-005
      </IFC>
    </s_s1_m1_m2_m3.1.2.4.1.1>
    <s_s1_m1_m2_m3.1.2.1.2.1>
      <IFC type="real" size="9" columns="3">
-7.507112632703444E-002  5.739288761341859E-002  5.739288761341860E-002 
 5.739288761341859E-002 -7.507112632703444E-002 -5.739288761341860E-002 
 5.739288761341860E-002 -5.739288761341859E-002 -7.507112632703446E-002
      </IFC>
    </s_s1_m1_m2_m3.1.2.1.2.1>
    <s_s1_m1_m2_m3.1.2.2.2.1>
      <IFC type="real" size="9" columns="3">
-4.759699683964409E-004 -1.074275093093813E-003  4.785896277639653E-004 
-1.074275093093814E-003 -4.669750550637050E-003  1.074275093093816E-003 
 4.785896277639656E-004  1.074275093093817E-003 -4.759699683964448E-004
      </IFC>
    </s_s1_m1_m2_m3.1.2.2.2.1>
    <s_s1_m1_m2_m3.1.2.3.2.1>
      <IFC type="real" size="9" columns="3">
-4.759699683964461E-004  1.074275093093814E-003  4.785896277639640E-004 
 1.074275093093812E-003 -4.669750550637054E-003 -1.074275093093807E-003 
 4.785896277639646E-004 -1.074275093093807E-003 -4.759699683964495E-004
      </IFC>
    </s_s1_m1_m2_m3.1.2.3.2.1>
    <s_s1_m1_m2_m3.1.2.4.2.1>
      <IFC type="real" size="9" columns="3">
-7.507112632703444E-002 -5.739288761341860E-002  5.739288761341860E-002 
-5.739288761341860E-002 -7.507112632703444E-002  5.739288761341859E-002 
 5.739288761341860E-002  5.739288761341859E-002 -7.507112632703444E-002
      </IFC>
    </s_s1_m1_m2_m3.1.2.4.2.1>
    <s_s1_m1_m2_m3.1.2.1.3.1>
      <IFC type="real" size="9" columns="3">
-4.669750550637048E-003 -1.074275093093815E-003 -1.074275093093818E-003 
-1.074275093093814E-003 -4.759699683964461E-004 -4.785896277639638E-004 
-1.074275093093816E-003 -4.785896277639630E-004 -4.759699683964426E-004
      </IFC>
    </s_s1_m1_m2_m3.1.2.1.3.1>
    <s_s1_m1_m2_m3.1.2.2.3.1>
      <IFC type="real" size="9" columns="3">
 1.973668202275615E-004  5.300903347893700E-004 -5.300903347893755E-004 
 5.300903347893685E-004  1.973668202275643E-004  5.300903347893694E-004 
-5.300903347893748E-004  5.300903347893690E-004  1.973668202275584E-004
      </IFC>
    </s_s1_m1_m2_m3.1.2.2.3.1>
    <s_s1_m1_m2_m3.1.2.3.3.1>
      <IFC type="real" size="9" columns="3">
-4.759699683964379E-004 -4.785896277639644E-004 -1.074275093093815E-003 
-4.785896277639638E-004 -4.759699683964415E-004 -1.074275093093813E-003 
-1.074275093093816E-003 -1.074275093093814E-003 -4.669750550637053E-003
      </IFC>
    </s_s1_m1_m2_m3.1.2.3.3.1>
    <s_s1_m1_m2_m3.1.2.4.3.1>
      <IFC type="real" size="9" columns="3">
 8.238159108515130E-004  7.115485217424082E-004 -8.334321388872598E-004 
 7.115485217424069E-004  9.958882569965189E-005  7.115485217424112E-004 
-8.334321388872607E-004  7.115485217424093E-004  8.238159108515091E-004
      </IFC>
    </s_s1_m1_m2_m3.1.2.4.3.1>
    <s_s1_m1_m2_m3.1.2.1.4.1>
      <IFC type="real" size="9" columns="3">
-4.669750550637054E-003  1.074275093093811E-003  1.074275093093814E-003 
 1.074275093093815E-003 -4.759699683964424E-004 -4.785896277639608E-004 
 1.074275093093813E-003 -4.785896277639606E-004 -4.759699683964392E-004
      </IFC>
    </s_s1_m1_m2_m3.1.2.1.4.1>
    <s_s1_m1_m2_m3.1.2.2.4.1>
      <IFC type="real" size="9" columns="3">
-4.759699683964426E-004 -4.785896277639593E-004  1.074275093093812E-003 
-4.785896277639601E-004 -4.759699683964430E-004  1.074275093093815E-003 
 1.074275093093813E-003  1.074275093093816E-003 -4.669750550637050E-003
      </IFC>
    </s_s1_m1_m2_m3.1.2.2.4.1>
    <s_s1_m1_m2_m3.1.2.3.4.1>
      <IFC type="real" size="9" columns="3">
-5.421466509462393E-005  1.765780317503368E-004 -4.217396172851091E-004 
 1.765780317503372E-004 -5.421466509462317E-005  4.217396172851085E-004 
-4.217396172851090E-004  4.217396172851093E-004  4.515913794109277E-004
      </IFC>
    </s_s1_m1_m2_m3.1.2.3.4.1>
    <s_s1_m1_m2_m3.1.2.4.4.1>
      <IFC type="real" size="9" columns="3">
 4.515913794109309E-004  4.217396172851075E-004 -4.217396172851093E-004 
 4.217396172851067E-004 -5.421466509462208E-005  1.765780317503369E-004 
-4.217396172851093E-004  1.765780317503378E-004 -5.421466509462555E-005
      </IFC>
    </s_s1_m1_m2_m3.1.2.4.4.1>
    <s_s1_m1_m2_m3.1.2.1.1.2>
      <IFC type="real" size="9" columns="3">
 9.958882569964522E-005 -7.115485217424082E-004  7.115485217424073E-004 
-7.115485217424017E-004  8.238159108515108E-004  8.334321388872605E-004 
 7.115485217424073E-004  8.334321388872609E-004  8.238159108515108E-004
      </IFC>
    </s_s1_m1_m2_m3.1.2.1.1.2>
    <s_s1_m1_m2_m3.1.2.2.1.2>
      <IFC type="real" size="9" columns="3">
 1.186403688172546E-004  1.750939358944042E-005  1.750939358943738E-005 
 1.750939358943776E-005  2.750993150480027E-004  6.622944719842803E-005 
 1.750939358943846E-005  6.622944719842879E-005  2.750993150480034E-004
      </IFC>
    </s_s1_m1_m2_m3.1.2.2.1.2>
    <s_s1_m1_m2_m3.1.2.3.1.2>
      <IFC type="real" size="9" columns="3">
 2.750993150480063E-004  6.622944719842901E-005  1.750939358944139E-005 
 6.622944719843009E-005  2.750993150480055E-004  1.750939358944009E-005 
 1.750939358944117E-005  1.750939358943836E-005  1.186403688172564E-004
      </IFC>
    </s_s1_m1_m2_m3.1.2.3.1.2>
    <s_s1_m1_m2_m3.1.2.4.1.2>
      <IFC type="real" size="9" columns="3">
 8.238159108515105E-004  8.334321388872539E-004  7.115485217424078E-004 
 8.334321388872531E-004  8.238159108515102E-004 -7.115485217424029E-004 
 7.115485217424072E-004 -7.115485217424034E-004  9.958882569963953E-005
      </IFC>
    </s_s1_m1_m2_m3.1.2.4.1.2>
    <s_s1_m1_m2_m3.1.2.1.2.2>
      <IFC type="real" size="9" columns="3">
-4.759699683964461E-004  4.785896277639604E-004 -1.074275093093817E-003 
 4.785896277639604E-004 -4.759699683964461E-004  1.074275093093820E-003 
-1.074275093093817E-003  1.074275093093820E-003 -4.669750550637050E-003
      </IFC>
    </s_s1_m1_m2_m3.1.2.1.2.2>
    <s_s1_m1_m2_m3.1.2.2.2.2>
      <IFC type="real" size="9" columns="3">
 1.973668202275631E-004 -5.300903347893706E-004 -5.300903347893717E-004 
-5.300903347893718E-004  1.973668202275587E-004 -5.300903347893695E-004 
-5.300903347893723E-004 -5.300903347893700E-004  1.973668202275551E-004
      </IFC>
    </s_s1_m1_m2_m3.1.2.2.2.2>
    <s_s1_m1_m2_m3.1.2.3.2.2>
      <IFC type="real" size="9" columns="3">
-4.669750550637048E-003  1.074275093093813E-003 -1.074275093093812E-003 
 1.074275093093813E-003 -4.759699683964427E-004  4.785896277639643E-004 
-1.074275093093812E-003  4.785896277639651E-004 -4.759699683964474E-004
      </IFC>
    </s_s1_m1_m2_m3.1.2.3.2.2>
    <s_s1_m1_m2_m3.1.2.4.2.2>
      <IFC type="real" size="9" columns="3">
 8.238159108515127E-004 -7.115485217424078E-004 -8.334321388872558E-004 
-7.115485217424108E-004  9.958882569964669E-005 -7.115485217424076E-004 
-8.334321388872552E-004 -7.115485217424090E-004  8.238159108515111E-004
      </IFC>
    </s_s1_m1_m2_m3.1.2.4.2.2>
    <s_s1_m1_m2_m3.1.2.1.3.2>
      <IFC type="real" size="9" columns="3">
 1.973668202275604E-004 -5.300903347893746E-004  5.300903347893711E-004 
-5.300903347893742E-004  1.973668202275639E-004  5.300903347893711E-004 
 5.300903347893729E-004  5.300903347893698E-004  1.973668202275587E-004
      </IFC>
    </s_s1_m1_m2_m3.1.2.1.3.2>
    <s_s1_m1_m2_m3.1.2.2.3.2>
      <IFC type="real" size="9" columns="3">
 1.973668202275609E-004  5.300903347893682E-004  5.300903347893686E-004 
 5.300903347893664E-004  1.973668202275594E-004 -5.300903347893734E-004 
 5.300903347893693E-004 -5.300903347893739E-004  1.973668202275611E-004
      </IFC>
    </s_s1_m1_m2_m3.1.2.2.3.2>
    <s_s1_m1_m2_m3.1.2.3.3.2>
      <IFC type="real" size="9" columns="3">
 2.750993150479994E-004 -1.750939358943901E-005 -6.622944719843096E-005 
-1.750939358943922E-005  1.186403688172590E-004  1.750939358944226E-005 
-6.622944719843031E-005  1.750939358944096E-005  2.750993150480063E-004
      </IFC>
    </s_s1_m1_m2_m3.1.2.3.3.2>
    <s_s1_m1_m2_m3.1.2.4.3.2>
      <IFC type="real" size="9" columns="3">
 2.750993150480019E-004  1.750939358943673E-005 -6.622944719843020E-005 
 1.750939358943602E-005  1.186403688172496E-004 -1.750939358943890E-005 
-6.622944719843085E-005 -1.750939358943814E-005  2.750993150480039E-004
      </IFC>
    </s_s1_m1_m2_m3.1.2.4.3.2>
    <s_s1_m1_m2_m3.1.2.1.4.2>
      <IFC type="real" size="9" columns="3">
-4.759699683964443E-004  1.074275093093815E-003 -4.785896277639617E-004 
 1.074275093093818E-003 -4.669750550637050E-003  1.074275093093812E-003 
-4.785896277639621E-004  1.074275093093813E-003 -4.759699683964373E-004
      </IFC>
    </s_s1_m1_m2_m3.1.2.1.4.2>
    <s_s1_m1_m2_m3.1.2.2.4.2>
      <IFC type="real" size="9" columns="3">
 1.186403688172541E-004 -1.750939358943760E-005 -1.750939358943911E-005 
-1.750939358943836E-005  2.750993150480066E-004  6.622944719842890E-005 
-1.750939358943933E-005  6.622944719842836E-005  2.750993150480078E-004
      </IFC>
    </s_s1_m1_m2_m3.1.2.2.4.2>
    <s_s1_m1_m2_m3.1.2.3.4.2>
      <IFC type="real" size="9" columns="3">
 2.550950670501670E-004  3.010177550915803E-005 -3.010177550915693E-005 
 3.010177550915754E-005  2.550950670501688E-004  3.010177550915758E-005 
-3.010177550915628E-005  3.010177550915889E-005  2.550950670501752E-004
      </IFC>
    </s_s1_m1_m2_m3.1.2.3.4.2>
    <s_s1_m1_m2_m3.1.2.4.4.2>
      <IFC type="real" size="9" columns="3">
 2.750993150480049E-004  6.622944719842933E-005 -1.750939358943825E-005 
 6.622944719842814E-005  2.750993150480046E-004 -1.750939358943977E-005 
-1.750939358943760E-005 -1.750939358944117E-005  1.186403688172617E-004
      </IFC>
    </s_s1_m1_m2_m3.1.2.4.4.2>
    <s_s1_m1_m2_m3.1.2.1.1.3>
      <IFC type="real" size="9" columns="3">
-5.421466509462208E-005 -1.765780317503352E-004  4.217396172851093E-004 
-1.765780317503317E-004 -5.421466509462208E-005  4.217396172851058E-004 
 4.217396172851093E-004  4.217396172851058E-004  4.515913794109344E-004
      </IFC>
    </s_s1_m1_m2_m3.1.2.1.1.3>
    <s_s1_m1_m2_m3.1.2.2.1.3>
      <IFC type="real" size="9" columns="3">
 2.750993150480072E-004  1.750939358944183E-005  6.622944719842684E-005 
 1.750939358944069E-005  1.186403688172570E-004  1.750939358944031E-005 
 6.622944719842706E-005  1.750939358943857E-005  2.750993150480055E-004
      </IFC>
    </s_s1_m1_m2_m3.1.2.2.1.3>
    <s_s1_m1_m2_m3.1.2.3.1.3>
      <IFC type="real" size="9" columns="3">
 4.515913794109347E-004  4.217396172851081E-004  4.217396172851034E-004 
 4.217396172851080E-004 -5.421466509462170E-005 -1.765780317503374E-004 
 4.217396172851042E-004 -1.765780317503384E-004 -5.421466509462176E-005
      </IFC>
    </s_s1_m1_m2_m3.1.2.3.1.3>
    <s_s1_m1_m2_m3.1.2.4.1.3>
      <IFC type="real" size="9" columns="3">
 2.617943797128509E-004  1.042746513005939E-005 -1.042746513005960E-005 
 1.042746513005727E-005  2.617943797128482E-004  1.042746513005895E-005 
-1.042746513005874E-005  1.042746513005830E-005  2.617943797128474E-004
      </IFC>
    </s_s1_m1_m2_m3.1.2.4.1.3>
    <s_s1_m1_m2_m3.1.2.1.2.3>
      <IFC type="real" size="9" columns="3">
-4.759699683964461E-004  4.785896277639604E-004  1.074275093093810E-003 
 4.785896277639604E-004 -4.759699683964461E-004 -1.074275093093807E-003 
 1.074275093093810E-003 -1.074275093093810E-003 -4.669750550637050E-003
      </IFC>
    </s_s1_m1_m2_m3.1.2.1.2.3>
    <s_s1_m1_m2_m3.1.2.2.2.3>
      <IFC type="real" size="9" columns="3">
-4.669750550637045E-003 -1.074275093093812E-003  1.074275093093812E-003 
-1.074275093093814E-003 -4.759699683964430E-004  4.785896277639630E-004 
 1.074275093093813E-003  4.785896277639640E-004 -4.759699683964413E-004
      </IFC>
    </s_s1_m1_m2_m3.1.2.2.2.3>
    <s_s1_m1_m2_m3.1.2.3.2.3>
      <IFC type="real" size="9" columns="3">
 4.515913794109353E-004 -4.217396172851113E-004 -4.217396172851091E-004 
-4.217396172851104E-004 -5.421466509461645E-005 -1.765780317503396E-004 
-4.217396172851096E-004 -1.765780317503399E-004 -5.421466509461975E-005
      </IFC>
    </s_s1_m1_m2_m3.1.2.3.2.3>
    <s_s1_m1_m2_m3.1.2.4.2.3>
      <IFC type="real" size="9" columns="3">
-5.421466509462208E-005 -1.765780317503386E-004 -4.217396172851128E-004 
-1.765780317503386E-004 -5.421466509462208E-005 -4.217396172851093E-004 
-4.217396172851162E-004 -4.217396172851093E-004  4.515913794109275E-004
      </IFC>
    </s_s1_m1_m2_m3.1.2.4.2.3>
    <s_s1_m1_m2_m3.1.2.1.3.3>
      <IFC type="real" size="9" columns="3">
-4.759699683964409E-004 -1.074275093093817E-003 -4.785896277639647E-004 
-1.074275093093816E-003 -4.669750550637050E-003 -1.074275093093815E-003 
-4.785896277639647E-004 -1.074275093093814E-003 -4.759699683964322E-004
      </IFC>
    </s_s1_m1_m2_m3.1.2.1.3.3>
    <s_s1_m1_m2_m3.1.2.2.3.3>
      <IFC type="real" size="9" columns="3">
 2.750993150480011E-004 -6.622944719843053E-005 -1.750939358944074E-005 
-6.622944719843069E-005  2.750993150480058E-004  1.750939358944031E-005 
-1.750939358944052E-005  1.750939358943901E-005  1.186403688172590E-004
      </IFC>
    </s_s1_m1_m2_m3.1.2.2.3.3>
    <s_s1_m1_m2_m3.1.2.3.3.3>
      <IFC type="real" size="9" columns="3">
 2.550950670501623E-004 -3.010177550915184E-005 -3.010177550915780E-005 
-3.010177550915325E-005  2.550950670501658E-004 -3.010177550915769E-005 
-3.010177550915748E-005 -3.010177550915824E-005  2.550950670501678E-004
      </IFC>
    </s_s1_m1_m2_m3.1.2.3.3.3>
    <s_s1_m1_m2_m3.1.2.4.3.3>
      <IFC type="real" size="9" columns="3">
 1.186403688172558E-004  1.750939358944248E-005 -1.750939358944052E-005 
 1.750939358944112E-005  2.750993150480050E-004 -6.622944719842858E-005 
-1.750939358943966E-005 -6.622944719843139E-005  2.750993150480057E-004
      </IFC>
    </s_s1_m1_m2_m3.1.2.4.3.3>
    <s_s1_m1_m2_m3.1.2.1.4.3>
      <IFC type="real" size="9" columns="3">
-5.421466509462902E-005 -4.217396172851078E-004  1.765780317503391E-004 
-4.217396172851091E-004  4.515913794109242E-004  4.217396172851071E-004 
 1.765780317503404E-004  4.217396172851091E-004 -5.421466509461525E-005
      </IFC>
    </s_s1_m1_m2_m3.1.2.1.4.3>
    <s_s1_m1_m2_m3.1.2.2.4.3>
      <IFC type="real" size="9" columns="3">
 2.550950670501678E-004 -3.010177550915563E-005  3.010177550915737E-005 
-3.010177550915607E-005  2.550950670501674E-004  3.010177550915542E-005 
 3.010177550915758E-005  3.010177550915650E-005  2.550950670501743E-004
      </IFC>
    </s_s1_m1_m2_m3.1.2.2.4.3>
    <s_s1_m1_m2_m3.1.2.3.4.3>
