<?xml version="1.0"?>
<?iotk version="1.2.0"?>
<?iotk file_version="1.0"?>
<?iotk binary="F"?>
<?iotk qe_syntax="F"?>
<Root>
  <GEOMETRY_INFO>
    <NUMBER_OF_TYPES type="integer" size="1">
         1
    </NUMBER_OF_TYPES>
    <NUMBER_OF_ATOMS type="integer" size="1">
         2
    </NUMBER_OF_ATOMS>
    <BRAVAIS_LATTICE_INDEX type="integer" size="1">
         2
    </BRAVAIS_LATTICE_INDEX>
    <SPIN_COMPONENTS type="integer" size="1">
         1
    </SPIN_COMPONENTS>
    <CELL_DIMENSIONS type="real" size="6">
 1.015000000000000E+001
 0.000000000000000E+000
 0.000000000000000E+000
 0.000000000000000E+000
 0.000000000000000E+000
 0.000000000000000E+000
    </CELL_DIMENSIONS>
    <AT type="real" size="9" columns="3">
-4.999999999999999E-001  0.000000000000000E+000  4.999999999999999E-001 
 0.000000000000000E+000  4.999999999999999E-001  4.999999999999999E-001 
-4.999999999999999E-001  4.999999999999999E-001  0.000000000000000E+000
    </AT>
    <BG type="real" size="9" columns="3">
-1.000000000000000E+000 -1.000000000000000E+000  1.000000000000000E+000 
 1.000000000000000E+000  1.000000000000000E+000  1.000000000000000E+000 
-1.000000000000000E+000  1.000000000000000E+000 -1.000000000000000E+000
    </BG>
    <UNIT_CELL_VOLUME_AU type="real" size="1">
 2.614195937499999E+002
    </UNIT_CELL_VOLUME_AU>
    <TYPE_NAME.1 type="character" size="1" len="3">
Si 
    </TYPE_NAME.1>
    <MASS.1 type="real" size="1">
 2.808600000000000E+001
    </MASS.1>
    <ATOM.1 SPECIES="Si " INDEX="1" TAU="0.000000000000000E+000 0.000000000000000E+000 0.000000000000000E+000"/>
    <ATOM.2 SPECIES="Si " INDEX="1" TAU="2.500000000000000E-001 2.500000000000000E-001 2.500000000000000E-001"/>
    <NUMBER_OF_Q type="integer" size="1">
         6
    </NUMBER_OF_Q>
  </GEOMETRY_INFO>
  <DIELECTRIC_PROPERTIES>
    <EPSILON type="real" size="9" columns="3">
 1.375103219744310E+001 -4.440892098500626E-015 -2.664535259100376E-015 
-6.217248937900877E-015  1.375103219744310E+001  4.440892098500626E-015 
-7.993605777301127E-015  3.552713678800501E-015  1.375103219744310E+001
    </EPSILON>
    <ZSTAR>
      <Z_AT_.1 type="real" size="9" columns="3">
 5.329070518200751E-015  3.108624468950438E-015  1.776356839400250E-015 
 3.108624468950438E-015  5.773159728050814E-015 -1.776356839400250E-015 
 1.110223024625157E-015 -2.220446049250313E-015  5.773159728050814E-015
      </Z_AT_.1>
      <Z_AT_.2 type="real" size="9" columns="3">
-5.329070518200751E-015 -3.108624468950438E-015 -1.776356839400250E-015 
-3.108624468950438E-015 -5.773159728050814E-015  1.776356839400250E-015 
-1.110223024625157E-015  2.220446049250313E-015 -5.773159728050814E-015
      </Z_AT_.2>
    </ZSTAR>
  </DIELECTRIC_PROPERTIES>
  <INTERATOMIC_FORCE_CONSTANTS>
    <MESH_NQ1_NQ2_NQ3 type="integer" size="3" columns="3">
         4          4          4
    </MESH_NQ1_NQ2_NQ3>
    <s_s1_m1_m2_m3.1.1.1.1.1>
      <IFC type="real" size="9" columns="3">
 2.828042154732027E-001  3.361026734705064E-018  3.225501463144376E-018 
 3.361026734705064E-018  2.828042154732026E-001 -3.794707603699266E-018 
 3.225501463144376E-018 -3.794707603699266E-018  2.828042154732027E-001
      </IFC>
    </s_s1_m1_m2_m3.1.1.1.1.1>
    <s_s1_m1_m2_m3.1.1.2.1.1>
      <IFC type="real" size="9" columns="3">
-4.023108440057601E-003 -2.119783745199960E-003  4.185378253916585E-003 
 2.119783745199963E-003  9.192531493911610E-003 -2.119783745199960E-003 
 4.185378253916586E-003  2.119783745199962E-003 -4.023108440057596E-003
      </IFC>
    </s_s1_m1_m2_m3.1.1.2.1.1>
    <s_s1_m1_m2_m3.1.1.3.1.1>
      <IFC type="real" size="9" columns="3">
 4.179889520198980E-005 -8.131516293641283E-020  6.299066750177138E-004 
-8.131516293641283E-020  4.001354223965142E-003 -3.523657060577889E-018 
 6.299066750177138E-004 -3.523657060577889E-018  4.179889520199327E-005
      </IFC>
    </s_s1_m1_m2_m3.1.1.3.1.1>
    <s_s1_m1_m2_m3.1.1.4.1.1>
      <IFC type="real" size="9" columns="3">
-4.023108440057601E-003  2.119783745199963E-003  4.185378253916586E-003 
-2.119783745199960E-003  9.192531493911610E-003  2.119783745199962E-003 
 4.185378253916585E-003 -2.119783745199960E-003 -4.023108440057596E-003
      </IFC>
    </s_s1_m1_m2_m3.1.1.4.1.1>
    <s_s1_m1_m2_m3.1.1.1.2.1>
      <IFC type="real" size="9" columns="3">
 9.192531493911610E-003  2.119783745199962E-003  2.119783745199963E-003 
-2.119783745199960E-003 -4.023108440057602E-003 -4.185378253916584E-003 
-2.119783745199959E-003 -4.185378253916584E-003 -4.023108440057599E-003
      </IFC>
    </s_s1_m1_m2_m3.1.1.1.2.1>
    <s_s1_m1_m2_m3.1.1.2.2.1>
      <IFC type="real" size="9" columns="3">
-3.683551966994257E-004 -6.231395862443382E-004  2.484794747442342E-004 
-6.231395862443382E-004 -3.683551966994292E-004 -2.484794747442341E-004 
 4.224320929547045E-004 -4.224320929547045E-004  3.124079000543182E-005
      </IFC>
    </s_s1_m1_m2_m3.1.1.2.2.1>
    <s_s1_m1_m2_m3.1.1.3.2.1>
      <IFC type="real" size="9" columns="3">
 3.124079000542922E-005 -4.224320929547042E-004  4.224320929547059E-004 
-2.484794747442338E-004 -3.683551966994283E-004 -6.231395862443426E-004 
 2.484794747442354E-004 -6.231395862443428E-004 -3.683551966994249E-004
      </IFC>
    </s_s1_m1_m2_m3.1.1.3.2.1>
    <s_s1_m1_m2_m3.1.1.4.2.1>
      <IFC type="real" size="9" columns="3">
-4.023108440057605E-003 -4.185378253916584E-003 -2.119783745199958E-003 
-4.185378253916584E-003 -4.023108440057605E-003 -2.119783745199961E-003 
 2.119783745199964E-003  2.119783745199961E-003  9.192531493911617E-003
      </IFC>
    </s_s1_m1_m2_m3.1.1.4.2.1>
    <s_s1_m1_m2_m3.1.1.1.3.1>
      <IFC type="real" size="9" columns="3">
 4.001354223965171E-003  2.032879073410321E-018  2.656295322589486E-018 
 2.032879073410321E-018  4.179889520199154E-005 -6.299066750177144E-004 
 2.656295322589486E-018 -6.299066750177144E-004  4.179889520200541E-005
      </IFC>
    </s_s1_m1_m2_m3.1.1.1.3.1>
    <s_s1_m1_m2_m3.1.1.2.3.1>
      <IFC type="real" size="9" columns="3">
-3.683551966994301E-004 -2.484794747442344E-004  6.231395862443447E-004 
-4.224320929547047E-004  3.124079000542748E-005 -4.224320929547034E-004 
 6.231395862443447E-004 -2.484794747442328E-004 -3.683551966994292E-004
      </IFC>
    </s_s1_m1_m2_m3.1.1.2.3.1>
    <s_s1_m1_m2_m3.1.1.3.3.1>
      <IFC type="real" size="9" columns="3">
 4.179889520198980E-005 -6.299066750177131E-004  4.906014830496908E-018 
-6.299066750177131E-004  4.179889520199327E-005 -2.059984127722458E-018 
 4.906014830496908E-018 -2.059984127722458E-018  4.001354223965149E-003
      </IFC>
    </s_s1_m1_m2_m3.1.1.3.3.1>
    <s_s1_m1_m2_m3.1.1.4.3.1>
      <IFC type="real" size="9" columns="3">
-3.683551966994301E-004 -4.224320929547047E-004  6.231395862443447E-004 
-2.484794747442344E-004  3.124079000542748E-005 -2.484794747442328E-004 
 6.231395862443447E-004 -4.224320929547034E-004 -3.683551966994292E-004
      </IFC>
    </s_s1_m1_m2_m3.1.1.4.3.1>
    <s_s1_m1_m2_m3.1.1.1.4.1>
      <IFC type="real" size="9" columns="3">
 9.192531493911610E-003 -2.119783745199960E-003 -2.119783745199959E-003 
 2.119783745199962E-003 -4.023108440057602E-003 -4.185378253916584E-003 
 2.119783745199963E-003 -4.185378253916584E-003 -4.023108440057599E-003
      </IFC>
    </s_s1_m1_m2_m3.1.1.1.4.1>
    <s_s1_m1_m2_m3.1.1.2.4.1>
      <IFC type="real" size="9" columns="3">
-4.023108440057605E-003 -4.185378253916584E-003  2.119783745199964E-003 
-4.185378253916584E-003 -4.023108440057605E-003  2.119783745199961E-003 
-2.119783745199958E-003 -2.119783745199961E-003  9.192531493911617E-003
      </IFC>
    </s_s1_m1_m2_m3.1.1.2.4.1>
    <s_s1_m1_m2_m3.1.1.3.4.1>
      <IFC type="real" size="9" columns="3">
 3.124079000542922E-005 -2.484794747442338E-004  2.484794747442354E-004 
-4.224320929547042E-004 -3.683551966994283E-004 -6.231395862443428E-004 
 4.224320929547059E-004 -6.231395862443426E-004 -3.683551966994249E-004
      </IFC>
    </s_s1_m1_m2_m3.1.1.3.4.1>
    <s_s1_m1_m2_m3.1.1.4.4.1>
      <IFC type="real" size="9" columns="3">
-3.683551966994257E-004 -6.231395862443382E-004  4.224320929547045E-004 
-6.231395862443382E-004 -3.683551966994292E-004 -4.224320929547045E-004 
 2.484794747442342E-004 -2.484794747442341E-004  3.124079000543182E-005
      </IFC>
    </s_s1_m1_m2_m3.1.1.4.4.1>
    <s_s1_m1_m2_m3.1.1.1.1.2>
      <IFC type="real" size="9" columns="3">
-4.023108440057599E-003  4.185378253916586E-003 -2.119783745199961E-003 
 4.185378253916586E-003 -4.023108440057599E-003  2.119783745199962E-003 
 2.119783745199961E-003 -2.119783745199960E-003  9.192531493911610E-003
      </IFC>
    </s_s1_m1_m2_m3.1.1.1.1.2>
    <s_s1_m1_m2_m3.1.1.2.1.2>
      <IFC type="real" size="9" columns="3">
 3.124079000542575E-005  4.224320929547072E-004  4.224320929547031E-004 
 2.484794747442363E-004 -3.683551966994309E-004  6.231395862443376E-004 
 2.484794747442328E-004  6.231395862443376E-004 -3.683551966994275E-004
      </IFC>
    </s_s1_m1_m2_m3.1.1.2.1.2>
    <s_s1_m1_m2_m3.1.1.3.1.2>
      <IFC type="real" size="9" columns="3">
-3.683551966994301E-004  6.231395862443419E-004  2.484794747442338E-004 
 6.231395862443419E-004 -3.683551966994283E-004  2.484794747442327E-004 
 4.224320929547044E-004  4.224320929547030E-004  3.124079000543616E-005
      </IFC>
    </s_s1_m1_m2_m3.1.1.3.1.2>
    <s_s1_m1_m2_m3.1.1.4.1.2>
      <IFC type="real" size="9" columns="3">
 9.192531493911608E-003 -2.119783745199961E-003  2.119783745199962E-003 
 2.119783745199961E-003 -4.023108440057607E-003  4.185378253916582E-003 
-2.119783745199960E-003  4.185378253916582E-003 -4.023108440057595E-003
      </IFC>
    </s_s1_m1_m2_m3.1.1.4.1.2>
    <s_s1_m1_m2_m3.1.1.1.2.2>
      <IFC type="real" size="9" columns="3">
-3.683551966994283E-004  2.484794747442363E-004 -6.231395862443373E-004 
 4.224320929547068E-004  3.124079000542748E-005 -4.224320929547012E-004 
-6.231395862443373E-004 -2.484794747442307E-004 -3.683551966994318E-004
      </IFC>
    </s_s1_m1_m2_m3.1.1.1.2.2>
    <s_s1_m1_m2_m3.1.1.2.2.2>
      <IFC type="real" size="9" columns="3">
-2.412631512866059E-004 -3.632077277826440E-018 -2.439454888092385E-018 
-3.632077277826440E-018 -2.412631512866067E-004  3.848917712323541E-018 
-2.439454888092385E-018  3.794707603699266E-018 -2.412631512866041E-004
      </IFC>
    </s_s1_m1_m2_m3.1.1.2.2.2>
    <s_s1_m1_m2_m3.1.1.3.2.2>
      <IFC type="real" size="9" columns="3">
-3.683551966994301E-004 -2.484794747442355E-004 -6.231395862443354E-004 
-4.224320929547060E-004  3.124079000542575E-005  4.224320929547059E-004 
-6.231395862443354E-004  2.484794747442355E-004 -3.683551966994283E-004
      </IFC>
    </s_s1_m1_m2_m3.1.1.3.2.2>
    <s_s1_m1_m2_m3.1.1.4.2.2>
      <IFC type="real" size="9" columns="3">
-4.660445816393336E-004  6.071532165918825E-018 -2.981555974335137E-018 
 6.071532165918825E-018 -2.201685438361946E-004 -8.619407271259760E-018 
-2.873135757086587E-018 -8.510987054011210E-018 -4.660445816393266E-004
      </IFC>
    </s_s1_m1_m2_m3.1.1.4.2.2>
    <s_s1_m1_m2_m3.1.1.1.3.2>
      <IFC type="real" size="9" columns="3">
-3.683551966994283E-004  6.231395862443431E-004 -2.484794747442325E-004 
 6.231395862443431E-004 -3.683551966994283E-004 -2.484794747442330E-004 
-4.224320929547029E-004 -4.224320929547034E-004  3.124079000543789E-005
      </IFC>
    </s_s1_m1_m2_m3.1.1.1.3.2>
    <s_s1_m1_m2_m3.1.1.2.3.2>
      <IFC type="real" size="9" columns="3">
 3.124079000542575E-005 -4.224320929547052E-004 -4.224320929547024E-004 
-2.484794747442349E-004 -3.683551966994275E-004  6.231395862443384E-004 
-2.484794747442316E-004  6.231395862443384E-004 -3.683551966994240E-004
      </IFC>
    </s_s1_m1_m2_m3.1.1.2.3.2>
    <s_s1_m1_m2_m3.1.1.3.3.2>
      <IFC type="real" size="9" columns="3">
-2.297885985455012E-004  1.551032082449584E-006 -2.137326991458215E-005 
 1.551032082449611E-006 -2.297885985454995E-004  2.137326991458115E-005 
 2.137326991458345E-005 -2.137326991458467E-005 -2.708920918961296E-004
      </IFC>
    </s_s1_m1_m2_m3.1.1.3.3.2>
    <s_s1_m1_m2_m3.1.1.4.3.2>
      <IFC type="real" size="9" columns="3">
-2.708920918961261E-004 -2.137326991457971E-005  2.137326991458286E-005 
 2.137326991458644E-005 -2.297885985454969E-004  1.551032082447023E-006 
-2.137326991458291E-005  1.551032082446914E-006 -2.297885985454917E-004
      </IFC>
    </s_s1_m1_m2_m3.1.1.4.3.2>
    <s_s1_m1_m2_m3.1.1.1.4.2>
      <IFC type="real" size="9" columns="3">
-4.023108440057606E-003  2.119783745199961E-003 -4.185378253916582E-003 
-2.119783745199961E-003  9.192531493911606E-003 -2.119783745199960E-003 
-4.185378253916582E-003  2.119783745199962E-003 -4.023108440057595E-003
      </IFC>
    </s_s1_m1_m2_m3.1.1.1.4.2>
    <s_s1_m1_m2_m3.1.1.2.4.2>
      <IFC type="real" size="9" columns="3">
-2.201685438361885E-004  8.673617379884035E-018  7.643625316022806E-018 
 8.673617379884035E-018 -4.660445816393275E-004  3.089976191583688E-018 
 7.318364664277155E-018  2.764715539838036E-018 -4.660445816393232E-004
      </IFC>
    </s_s1_m1_m2_m3.1.1.2.4.2>
    <s_s1_m1_m2_m3.1.1.3.4.2>
      <IFC type="real" size="9" columns="3">
-2.297885985455012E-004  2.137326991458389E-005 -1.551032082449733E-006 
-2.137326991458209E-005 -2.708920918961261E-004 -2.137326991458419E-005 
-1.551032082449516E-006  2.137326991458175E-005 -2.297885985454926E-004
      </IFC>
    </s_s1_m1_m2_m3.1.1.3.4.2>
    <s_s1_m1_m2_m3.1.1.4.4.2>
      <IFC type="real" size="9" columns="3">
-4.660445816393284E-004 -2.764715539838036E-018  8.077306185017008E-018 
-2.764715539838036E-018 -4.660445816393275E-004 -9.540979117872439E-018 
 7.860465750519907E-018 -9.269928574751063E-018 -2.201685438361989E-004
      </IFC>
    </s_s1_m1_m2_m3.1.1.4.4.2>
    <s_s1_m1_m2_m3.1.1.1.1.3>
      <IFC type="real" size="9" columns="3">
 4.179889520197766E-005  6.299066750177184E-004 -8.131516293641283E-020 
 6.299066750177184E-004  4.179889520200541E-005 -1.246832498358330E-018 
-8.131516293641283E-020 -1.246832498358330E-018  4.001354223965164E-003
      </IFC>
    </s_s1_m1_m2_m3.1.1.1.1.3>
    <s_s1_m1_m2_m3.1.1.2.1.3>
      <IFC type="real" size="9" columns="3">
-3.683551966994370E-004  2.484794747442333E-004  6.231395862443421E-004 
 4.224320929547041E-004  3.124079000542401E-005  4.224320929547027E-004 
 6.231395862443426E-004  2.484794747442324E-004 -3.683551966994327E-004
      </IFC>
    </s_s1_m1_m2_m3.1.1.2.1.3>
    <s_s1_m1_m2_m3.1.1.3.1.3>
      <IFC type="real" size="9" columns="3">
 4.001354223965142E-003 -1.761828530288945E-018  3.035766082959412E-018 
-1.761828530288945E-018  4.179889520199327E-005  6.299066750177081E-004 
 3.035766082959412E-018  6.299066750177081E-004  4.179889520198633E-005
      </IFC>
    </s_s1_m1_m2_m3.1.1.3.1.3>
    <s_s1_m1_m2_m3.1.1.4.1.3>
      <IFC type="real" size="9" columns="3">
-3.683551966994370E-004  4.224320929547041E-004  6.231395862443426E-004 
 2.484794747442333E-004  3.124079000542401E-005  2.484794747442324E-004 
 6.231395862443421E-004  4.224320929547027E-004 -3.683551966994327E-004
      </IFC>
    </s_s1_m1_m2_m3.1.1.4.1.3>
    <s_s1_m1_m2_m3.1.1.1.2.3>
      <IFC type="real" size="9" columns="3">
 3.124079000542401E-005  4.224320929547059E-004 -4.224320929547040E-004 
 2.484794747442355E-004 -3.683551966994318E-004 -6.231395862443432E-004 
-2.484794747442335E-004 -6.231395862443432E-004 -3.683551966994283E-004
      </IFC>
    </s_s1_m1_m2_m3.1.1.1.2.3>
    <s_s1_m1_m2_m3.1.1.2.2.3>
      <IFC type="real" size="9" columns="3">
-3.683551966994327E-004 -6.231395862443417E-004 -2.484794747442318E-004 
-6.231395862443417E-004 -3.683551966994292E-004  2.484794747442317E-004 
-4.224320929547025E-004  4.224320929547022E-004  3.124079000543182E-005
      </IFC>
    </s_s1_m1_m2_m3.1.1.2.2.3>
    <s_s1_m1_m2_m3.1.1.3.2.3>
      <IFC type="real" size="9" columns="3">
-2.708920918961331E-004  2.137326991458215E-005  2.137326991458316E-005 
-2.137326991458378E-005 -2.297885985454995E-004 -1.551032082455479E-006 
-2.137326991458245E-005 -1.551032082455371E-006 -2.297885985454960E-004
      </IFC>
    </s_s1_m1_m2_m3.1.1.3.2.3>
    <s_s1_m1_m2_m3.1.1.4.2.3>
      <IFC type="real" size="9" columns="3">
-2.297885985454986E-004 -1.551032082446318E-006 -2.137326991458448E-005 
-1.551032082446318E-006 -2.297885985454986E-004 -2.137326991458535E-005 
 2.137326991458145E-005  2.137326991458058E-005 -2.708920918961305E-004
      </IFC>
    </s_s1_m1_m2_m3.1.1.4.2.3>
    <s_s1_m1_m2_m3.1.1.1.3.3>
      <IFC type="real" size="9" columns="3">
 4.179889520198460E-005 -1.382357769919018E-018 -6.299066750177099E-004 
-1.382357769919018E-018  4.001354223965164E-003 -4.987329993433320E-018 
-6.299066750177099E-004 -4.987329993433320E-018  4.179889520200541E-005
      </IFC>
    </s_s1_m1_m2_m3.1.1.1.3.3>
    <s_s1_m1_m2_m3.1.1.2.3.3>
      <IFC type="real" size="9" columns="3">
-2.297885985454943E-004 -2.137326991458194E-005  1.551032082451359E-006 
 2.137326991458421E-005 -2.708920918961279E-004 -2.137326991458579E-005 
 1.551032082451359E-006  2.137326991457993E-005 -2.297885985454934E-004
      </IFC>
    </s_s1_m1_m2_m3.1.1.2.3.3>
    <s_s1_m1_m2_m3.1.1.3.3.3>
      <IFC type="real" size="9" columns="3">
-1.892869608505574E-004  3.686287386450715E-018 -1.355252715606881E-019 
 3.686287386450715E-018 -1.892869608505574E-004 -7.752045533271357E-018 
-1.355252715606881E-019 -7.752045533271357E-018 -1.892869608505435E-004
      </IFC>
    </s_s1_m1_m2_m3.1.1.3.3.3>
    <s_s1_m1_m2_m3.1.1.4.3.3>
      <IFC type="real" size="9" columns="3">
-2.297885985454943E-004  2.137326991458421E-005  1.551032082451359E-006 
-2.137326991458194E-005 -2.708920918961279E-004  2.137326991457993E-005 
 1.551032082451359E-006 -2.137326991458579E-005 -2.297885985454934E-004
      </IFC>
    </s_s1_m1_m2_m3.1.1.4.3.3>
    <s_s1_m1_m2_m3.1.1.1.4.3>
      <IFC type="real" size="9" columns="3">
 3.124079000542401E-005  2.484794747442355E-004 -2.484794747442335E-004 
 4.224320929547059E-004 -3.683551966994318E-004 -6.231395862443432E-004 
-4.224320929547040E-004 -6.231395862443432E-004 -3.683551966994283E-004
      </IFC>
    </s_s1_m1_m2_m3.1.1.1.4.3>
    <s_s1_m1_m2_m3.1.1.2.4.3>
      <IFC type="real" size="9" columns="3">
-2.297885985454986E-004 -1.551032082446318E-006  2.137326991458145E-005 
-1.551032082446318E-006 -2.297885985454986E-004  2.137326991458058E-005 
-2.137326991458448E-005 -2.137326991458535E-005 -2.708920918961305E-004
      </IFC>
    </s_s1_m1_m2_m3.1.1.2.4.3>
    <s_s1_m1_m2_m3.1.1.3.4.3>
      <IFC type="real" size="9" columns="3">
-2.708920918961331E-004 -2.137326991458378E-005 -2.137326991458245E-005 
 2.137326991458215E-005 -2.297885985454995E-004 -1.551032082455371E-006 
 2.137326991458316E-005 -1.551032082455479E-006 -2.297885985454960E-004
      </IFC>
    </s_s1_m1_m2_m3.1.1.3.4.3>
    <s_s1_m1_m2_m3.1.1.4.4.3>
      <IFC type="real" size="9" columns="3">
-3.683551966994327E-004 -6.231395862443417E-004 -4.224320929547025E-004 
-6.231395862443417E-004 -3.683551966994292E-004  4.224320929547022E-004 
-2.484794747442318E-004  2.484794747442317E-004  3.124079000543182E-005
      </IFC>
    </s_s1_m1_m2_m3.1.1.4.4.3>
    <s_s1_m1_m2_m3.1.1.1.1.4>
      <IFC type="real" size="9" columns="3">
-4.023108440057599E-003  4.185378253916586E-003  2.119783745199961E-003 
 4.185378253916586E-003 -4.023108440057599E-003 -2.119783745199960E-003 
-2.119783745199961E-003  2.119783745199962E-003  9.192531493911610E-003
      </IFC>
    </s_s1_m1_m2_m3.1.1.1.1.4>
    <s_s1_m1_m2_m3.1.1.2.1.4>
      <IFC type="real" size="9" columns="3">
 9.192531493911608E-003  2.119783745199961E-003 -2.119783745199960E-003 
-2.119783745199961E-003 -4.023108440057607E-003  4.185378253916582E-003 
 2.119783745199962E-003  4.185378253916582E-003 -4.023108440057595E-003
      </IFC>
    </s_s1_m1_m2_m3.1.1.2.1.4>
    <s_s1_m1_m2_m3.1.1.3.1.4>
      <IFC type="real" size="9" columns="3">
-3.683551966994301E-004  6.231395862443419E-004  4.224320929547044E-004 
 6.231395862443419E-004 -3.683551966994283E-004  4.224320929547030E-004 
 2.484794747442338E-004  2.484794747442327E-004  3.124079000543616E-005
      </IFC>
    </s_s1_m1_m2_m3.1.1.3.1.4>
    <s_s1_m1_m2_m3.1.1.4.1.4>
      <IFC type="real" size="9" columns="3">
 3.124079000542575E-005  2.484794747442363E-004  2.484794747442328E-004 
 4.224320929547072E-004 -3.683551966994309E-004  6.231395862443376E-004 
 4.224320929547031E-004  6.231395862443376E-004 -3.683551966994275E-004
      </IFC>
    </s_s1_m1_m2_m3.1.1.4.1.4>
    <s_s1_m1_m2_m3.1.1.1.2.4>
      <IFC type="real" size="9" columns="3">
-4.023108440057606E-003 -2.119783745199961E-003 -4.185378253916582E-003 
 2.119783745199961E-003  9.192531493911606E-003  2.119783745199962E-003 
-4.185378253916582E-003 -2.119783745199960E-003 -4.023108440057595E-003
      </IFC>
    </s_s1_m1_m2_m3.1.1.1.2.4>
    <s_s1_m1_m2_m3.1.1.2.2.4>
      <IFC type="real" size="9" columns="3">
-4.660445816393284E-004 -2.764715539838036E-018  7.860465750519907E-018 
-2.764715539838036E-018 -4.660445816393275E-004 -9.269928574751063E-018 
 8.077306185017008E-018 -9.540979117872439E-018 -2.201685438361989E-004
      </IFC>
    </s_s1_m1_m2_m3.1.1.2.2.4>
    <s_s1_m1_m2_m3.1.1.3.2.4>
      <IFC type="real" size="9" columns="3">
-2.297885985455012E-004 -2.137326991458209E-005 -1.551032082449516E-006 
 2.137326991458389E-005 -2.708920918961261E-004  2.137326991458175E-005 
-1.551032082449733E-006 -2.137326991458419E-005 -2.297885985454926E-004
      </IFC>
    </s_s1_m1_m2_m3.1.1.3.2.4>
    <s_s1_m1_m2_m3.1.1.4.2.4>
      <IFC type="real" size="9" columns="3">
-2.201685438361885E-004  8.673617379884035E-018  7.318364664277155E-018 
 8.673617379884035E-018 -4.660445816393275E-004  2.764715539838036E-018 
 7.643625316022806E-018  3.089976191583688E-018 -4.660445816393232E-004
      </IFC>
    </s_s1_m1_m2_m3.1.1.4.2.4>
    <s_s1_m1_m2_m3.1.1.1.3.4>
      <IFC type="real" size="9" columns="3">
-3.683551966994283E-004  6.231395862443431E-004 -4.224320929547029E-004 
 6.231395862443431E-004 -3.683551966994283E-004 -4.224320929547034E-004 
-2.484794747442325E-004 -2.484794747442330E-004  3.124079000543789E-005
      </IFC>
    </s_s1_m1_m2_m3.1.1.1.3.4>
    <s_s1_m1_m2_m3.1.1.2.3.4>
      <IFC type="real" size="9" columns="3">
-2.708920918961261E-004  2.137326991458644E-005 -2.137326991458291E-005 
-2.137326991457971E-005 -2.297885985454969E-004  1.551032082446914E-006 
 2.137326991458286E-005  1.551032082447023E-006 -2.297885985454917E-004
      </IFC>
    </s_s1_m1_m2_m3.1.1.2.3.4>
    <s_s1_m1_m2_m3.1.1.3.3.4>
      <IFC type="real" size="9" columns="3">
-2.297885985455012E-004  1.551032082449611E-006  2.137326991458345E-005 
 1.551032082449584E-006 -2.297885985454995E-004 -2.137326991458467E-005 
-2.137326991458215E-005  2.137326991458115E-005 -2.708920918961296E-004
      </IFC>
    </s_s1_m1_m2_m3.1.1.3.3.4>
    <s_s1_m1_m2_m3.1.1.4.3.4>
      <IFC type="real" size="9" columns="3">
 3.124079000542575E-005 -2.484794747442349E-004 -2.484794747442316E-004 
-4.224320929547052E-004 -3.683551966994275E-004  6.231395862443384E-004 
-4.224320929547024E-004  6.231395862443384E-004 -3.683551966994240E-004
      </IFC>
    </s_s1_m1_m2_m3.1.1.4.3.4>
    <s_s1_m1_m2_m3.1.1.1.4.4>
      <IFC type="real" size="9" columns="3">
-3.683551966994283E-004  4.224320929547068E-004 -6.231395862443373E-004 
 2.484794747442363E-004  3.124079000542748E-005 -2.484794747442307E-004 
-6.231395862443373E-004 -4.224320929547012E-004 -3.683551966994318E-004
      </IFC>
    </s_s1_m1_m2_m3.1.1.1.4.4>
    <s_s1_m1_m2_m3.1.1.2.4.4>
      <IFC type="real" size="9" columns="3">
-4.660445816393336E-004  6.071532165918825E-018 -2.873135757086587E-018 
 6.071532165918825E-018 -2.201685438361946E-004 -8.510987054011210E-018 
-2.981555974335137E-018 -8.619407271259760E-018 -4.660445816393266E-004
      </IFC>
    </s_s1_m1_m2_m3.1.1.2.4.4>
    <s_s1_m1_m2_m3.1.1.3.4.4>
      <IFC type="real" size="9" columns="3">
-3.683551966994301E-004 -4.224320929547060E-004 -6.231395862443354E-004 
-2.484794747442355E-004  3.124079000542575E-005  2.484794747442355E-004 
-6.231395862443354E-004  4.224320929547059E-004 -3.683551966994283E-004
      </IFC>
    </s_s1_m1_m2_m3.1.1.3.4.4>
    <s_s1_m1_m2_m3.1.1.4.4.4>
      <IFC type="real" size="9" columns="3">
-2.412631512866059E-004 -3.632077277826440E-018 -2.439454888092385E-018 
-3.632077277826440E-018 -2.412631512866067E-004  3.794707603699266E-018 
-2.439454888092385E-018  3.848917712323541E-018 -2.412631512866041E-004
      </IFC>
    </s_s1_m1_m2_m3.1.1.4.4.4>
    <s_s1_m1_m2_m3.1.2.1.1.1>
      <IFC type="real" size="9" columns="3">
-6.871762930765291E-002 -4.864934452750157E-002 -4.864934452750157E-002 
-4.864934452750158E-002 -6.871762930765291E-002 -4.864934452750159E-002 
-4.864934452750157E-002 -4.864934452750159E-002 -6.871762930765291E-002
      </IFC>
    </s_s1_m1_m2_m3.1.2.1.1.1>
    <s_s1_m1_m2_m3.1.2.2.1.1>
      <IFC type="real" size="9" columns="3">
 1.093412914125951E-004  6.688092071328231E-004 -6.688092071328248E-004 
 6.688092071328221E-004  7.678878615551767E-004  8.521610853869386E-004 
-6.688092071328259E-004  8.521610853869391E-004  7.678878615551804E-004
      </IFC>
    </s_s1_m1_m2_m3.1.2.2.1.1>
    <s_s1_m1_m2_m3.1.2.3.1.1>
      <IFC type="real" size="9" columns="3">
-5.082811202894981E-005  4.224714310646923E-004 -1.824483296570440E-004 
 4.224714310646920E-004  4.165664900683664E-004  4.224714310646887E-004 
-1.824483296570430E-004  4.224714310646872E-004 -5.082811202894747E-005
      </IFC>
    </s_s1_m1_m2_m3.1.2.3.1.1>
    <s_s1_m1_m2_m3.1.2.4.1.1>
      <IFC type="real" size="9" columns="3">
 7.678878615551817E-004  8.521610853869435E-004 -6.688092071328194E-004 
 8.521610853869424E-004  7.678878615551825E-004  6.688092071328263E-004 
-6.688092071328209E-004  6.688092071328277E-004  1.093412914126042E-004
      </IFC>
    </s_s1_m1_m2_m3.1.2.4.1.1>
    <s_s1_m1_m2_m3.1.2.1.2.1>
      <IFC type="real" size="9" columns="3">
-6.871762930765292E-002  4.864934452750158E-002  4.864934452750158E-002 
 4.864934452750158E-002 -6.871762930765292E-002 -4.864934452750157E-002 
 4.864934452750157E-002 -4.864934452750157E-002 -6.871762930765291E-002
      </IFC>
    </s_s1_m1_m2_m3.1.2.1.2.1>
    <s_s1_m1_m2_m3.1.2.2.2.1>
      <IFC type="real" size="9" columns="3">
-4.257670032324608E-004 -9.894355283603196E-004  3.533356860572574E-004 
-9.894355283603194E-004 -4.641534323814729E-003  9.894355283602942E-004 
 3.533356860572559E-004  9.894355283602959E-004 -4.257670032324604E-004
      </IFC>
    </s_s1_m1_m2_m3.1.2.2.2.1>
    <s_s1_m1_m2_m3.1.2.3.2.1>
      <IFC type="real" size="9" columns="3">
-4.257670032324520E-004  9.894355283603042E-004  3.533356860572519E-004 
 9.894355283603053E-004 -4.641534323814724E-003 -9.894355283603183E-004 
 3.533356860572496E-004 -9.894355283603202E-004 -4.257670032324567E-004
      </IFC>
    </s_s1_m1_m2_m3.1.2.3.2.1>
    <s_s1_m1_m2_m3.1.2.4.2.1>
      <IFC type="real" size="9" columns="3">
-6.871762930765291E-002 -4.864934452750157E-002  4.864934452750157E-002 
-4.864934452750157E-002 -6.871762930765291E-002  4.864934452750157E-002 
 4.864934452750157E-002  4.864934452750157E-002 -6.871762930765291E-002
      </IFC>
    </s_s1_m1_m2_m3.1.2.4.2.1>
    <s_s1_m1_m2_m3.1.2.1.3.1>
      <IFC type="real" size="9" columns="3">
-4.641534323814738E-003 -9.894355283603115E-004 -9.894355283603098E-004 
-9.894355283603159E-004 -4.257670032324669E-004 -3.533356860572446E-004 
-9.894355283603133E-004 -3.533356860572455E-004 -4.257670032324634E-004
      </IFC>
    </s_s1_m1_m2_m3.1.2.1.3.1>
    <s_s1_m1_m2_m3.1.2.2.3.1>
      <IFC type="real" size="9" columns="3">
 1.792299447119038E-004  5.176095095980359E-004 -5.176095095980142E-004 
 5.176095095980343E-004  1.792299447118994E-004  5.176095095980335E-004 
-5.176095095980157E-004  5.176095095980351E-004  1.792299447119091E-004
      </IFC>
    </s_s1_m1_m2_m3.1.2.2.3.1>
    <s_s1_m1_m2_m3.1.2.3.3.1>
      <IFC type="real" size="9" columns="3">
-4.257670032324700E-004 -3.533356860572367E-004 -9.894355283603135E-004 
-3.533356860572355E-004 -4.257670032324738E-004 -9.894355283603152E-004 
-9.894355283603122E-004 -9.894355283603159E-004 -4.641534323814737E-003
      </IFC>
    </s_s1_m1_m2_m3.1.2.3.3.1>
    <s_s1_m1_m2_m3.1.2.4.3.1>
      <IFC type="real" size="9" columns="3">
 7.678878615551812E-004  6.688092071328096E-004 -8.521610853869442E-004 
 6.688092071328065E-004  1.093412914126003E-004  6.688092071328046E-004 
-8.521610853869453E-004  6.688092071328050E-004  7.678878615551769E-004
      </IFC>
    </s_s1_m1_m2_m3.1.2.4.3.1>
    <s_s1_m1_m2_m3.1.2.1.4.1>
      <IFC type="real" size="9" columns="3">
-4.641534323814717E-003  9.894355283603124E-004  9.894355283603055E-004 
 9.894355283603133E-004 -4.257670032324495E-004 -3.533356860572635E-004 
 9.894355283603063E-004 -3.533356860572656E-004 -4.257670032324488E-004
      </IFC>
    </s_s1_m1_m2_m3.1.2.1.4.1>
    <s_s1_m1_m2_m3.1.2.2.4.1>
      <IFC type="real" size="9" columns="3">
-4.257670032324565E-004 -3.533356860572509E-004  9.894355283603070E-004 
-3.533356860572520E-004 -4.257670032324550E-004  9.894355283603211E-004 
 9.894355283603068E-004  9.894355283603224E-004 -4.641534323814717E-003
      </IFC>
    </s_s1_m1_m2_m3.1.2.2.4.1>
    <s_s1_m1_m2_m3.1.2.3.4.1>
      <IFC type="real" size="9" columns="3">
-5.082811202895431E-005  1.824483296570235E-004 -4.224714310646741E-004 
 1.824483296570250E-004 -5.082811202895333E-005  4.224714310646900E-004 
-4.224714310646755E-004  4.224714310646888E-004  4.165664900683601E-004
      </IFC>
    </s_s1_m1_m2_m3.1.2.3.4.1>
    <s_s1_m1_m2_m3.1.2.4.4.1>
      <IFC type="real" size="9" columns="3">
 4.165664900683628E-004  4.224714310646985E-004 -4.224714310646716E-004 
 4.224714310646993E-004 -5.082811202895138E-005  1.824483296570256E-004 
-4.224714310646733E-004  1.824483296570282E-004 -5.082811202895311E-005
      </IFC>
    </s_s1_m1_m2_m3.1.2.4.4.1>
    <s_s1_m1_m2_m3.1.2.1.1.2>
      <IFC type="real" size="9" columns="3">
 1.093412914126004E-004 -6.688092071328285E-004  6.688092071328120E-004 
-6.688092071328302E-004  7.678878615551771E-004  8.521610853869438E-004 
 6.688092071328150E-004  8.521610853869438E-004  7.678878615551840E-004
      </IFC>
    </s_s1_m1_m2_m3.1.2.1.1.2>
    <s_s1_m1_m2_m3.1.2.2.1.2>
      <IFC type="real" size="9" columns="3">
 1.204744743470790E-004  1.445169639416858E-005  1.445169639417829E-005 
 1.445169639416864E-005  2.890640861044699E-004  6.544671903134622E-005 
 1.445169639417774E-005  6.544671903134774E-005  2.890640861044702E-004
      </IFC>
    </s_s1_m1_m2_m3.1.2.2.1.2>
    <s_s1_m1_m2_m3.1.2.3.1.2>
      <IFC type="real" size="9" columns="3">
 2.890640861044672E-004  6.544671903134991E-005  1.445169639417536E-005 
 6.544671903134926E-005  2.890640861044672E-004  1.445169639416387E-005 
 1.445169639417471E-005  1.445169639416322E-005  1.204744743470727E-004
      </IFC>
    </s_s1_m1_m2_m3.1.2.3.1.2>
    <s_s1_m1_m2_m3.1.2.4.1.2>
      <IFC type="real" size="9" columns="3">
 7.678878615551863E-004  8.521610853869455E-004  6.688092071328184E-004 
 8.521610853869446E-004  7.678878615551832E-004 -6.688092071328311E-004 
 6.688092071328185E-004 -6.688092071328309E-004  1.093412914126081E-004
      </IFC>
    </s_s1_m1_m2_m3.1.2.4.1.2>
    <s_s1_m1_m2_m3.1.2.1.2.2>
      <IFC type="real" size="9" columns="3">
-4.257670032324634E-004  3.533356860572559E-004 -9.894355283603176E-004 
 3.533356860572559E-004 -4.257670032324634E-004  9.894355283602968E-004 
-9.894355283603211E-004  9.894355283602968E-004 -4.641534323814728E-003
      </IFC>
    </s_s1_m1_m2_m3.1.2.1.2.2>
    <s_s1_m1_m2_m3.1.2.2.2.2>
      <IFC type="real" size="9" columns="3">
 1.792299447119236E-004 -5.176095095980278E-004 -5.176095095980359E-004 
-5.176095095980267E-004  1.792299447119196E-004 -5.176095095980257E-004 
-5.176095095980361E-004 -5.176095095980245E-004  1.792299447119211E-004
      </IFC>
    </s_s1_m1_m2_m3.1.2.2.2.2>
    <s_s1_m1_m2_m3.1.2.3.2.2>
      <IFC type="real" size="9" columns="3">
-4.641534323814728E-003  9.894355283603009E-004 -9.894355283603187E-004 
 9.894355283603011E-004 -4.257670032324612E-004  3.533356860572453E-004 
-9.894355283603178E-004  3.533356860572452E-004 -4.257670032324631E-004
      </IFC>
    </s_s1_m1_m2_m3.1.2.3.2.2>
    <s_s1_m1_m2_m3.1.2.4.2.2>
      <IFC type="real" size="9" columns="3">
 7.678878615551825E-004 -6.688092071328104E-004 -8.521610853869340E-004 
-6.688092071328104E-004  1.093412914126048E-004 -6.688092071328057E-004 
-8.521610853869342E-004 -6.688092071328063E-004  7.678878615551817E-004
      </IFC>
    </s_s1_m1_m2_m3.1.2.4.2.2>
    <s_s1_m1_m2_m3.1.2.1.3.2>
      <IFC type="real" size="9" columns="3">
 1.792299447119028E-004 -5.176095095980205E-004  5.176095095980335E-004 
-5.176095095980231E-004  1.792299447119046E-004  5.176095095980292E-004 
 5.176095095980365E-004  5.176095095980292E-004  1.792299447119046E-004
      </IFC>
    </s_s1_m1_m2_m3.1.2.1.3.2>
    <s_s1_m1_m2_m3.1.2.2.3.2>
      <IFC type="real" size="9" columns="3">
 1.792299447118911E-004  5.176095095980264E-004  5.176095095980280E-004 
 5.176095095980255E-004  1.792299447118899E-004 -5.176095095980231E-004 
 5.176095095980266E-004 -5.176095095980231E-004  1.792299447118911E-004
      </IFC>
    </s_s1_m1_m2_m3.1.2.2.3.2>
    <s_s1_m1_m2_m3.1.2.3.3.2>
      <IFC type="real" size="9" columns="3">
 2.890640861044837E-004 -1.445169639414717E-005 -6.544671903133516E-005 
-1.445169639414782E-005  1.204744743470878E-004  1.445169639414999E-005 
-6.544671903133451E-005  1.445169639414977E-005  2.890640861044807E-004
      </IFC>
    </s_s1_m1_m2_m3.1.2.3.3.2>
    <s_s1_m1_m2_m3.1.2.4.3.2>
      <IFC type="real" size="9" columns="3">
 2.890640861044794E-004  1.445169639415405E-005 -6.544671903133635E-005 
 1.445169639415411E-005  1.204744743470852E-004 -1.445169639415433E-005 
-6.544671903133755E-005 -1.445169639415302E-005  2.890640861044844E-004
      </IFC>
    </s_s1_m1_m2_m3.1.2.4.3.2>
    <s_s1_m1_m2_m3.1.2.1.4.2>
      <IFC type="real" size="9" columns="3">
-4.257670032324563E-004  9.894355283603115E-004 -3.533356860572411E-004 
 9.894355283603124E-004 -4.641534323814719E-003  9.894355283603265E-004 
-3.533356860572419E-004  9.894355283603263E-004 -4.257670032324503E-004
      </IFC>
    </s_s1_m1_m2_m3.1.2.1.4.2>
    <s_s1_m1_m2_m3.1.2.2.4.2>
      <IFC type="real" size="9" columns="3">
 1.204744743470825E-004 -1.445169639416202E-005 -1.445169639416435E-005 
-1.445169639416311E-005  2.890640861044767E-004  6.544671903132757E-005 
-1.445169639416338E-005  6.544671903132833E-005  2.890640861044737E-004
      </IFC>
    </s_s1_m1_m2_m3.1.2.2.4.2>
    <s_s1_m1_m2_m3.1.2.3.4.2>
      <IFC type="real" size="9" columns="3">
 2.579691801304413E-004  2.821554941271508E-005 -2.821554941273059E-005 
 2.821554941271698E-005  2.579691801304426E-004  2.821554941271633E-005 
-2.821554941272885E-005  2.821554941271557E-005  2.579691801304340E-004
      </IFC>
    </s_s1_m1_m2_m3.1.2.3.4.2>
    <s_s1_m1_m2_m3.1.2.4.4.2>
      <IFC type="real" size="9" columns="3">
 2.890640861044733E-004  6.544671903134134E-005 -1.445169639416826E-005 
 6.544671903134047E-005  2.890640861044747E-004 -1.445169639416712E-005 
-1.445169639416902E-005 -1.445169639416636E-005  1.204744743470832E-004
      </IFC>
    </s_s1_m1_m2_m3.1.2.4.4.2>
    <s_s1_m1_m2_m3.1.2.1.1.3>
      <IFC type="real" size="9" columns="3">
-5.082811202894444E-005 -1.824483296570326E-004  4.224714310646915E-004 
-1.824483296570395E-004 -5.082811202894444E-005  4.224714310646846E-004 
 4.224714310646915E-004  4.224714310646846E-004  4.165664900683611E-004
      </IFC>
    </s_s1_m1_m2_m3.1.2.1.1.3>
    <s_s1_m1_m2_m3.1.2.2.1.3>
      <IFC type="real" size="9" columns="3">
 2.890640861044713E-004  1.445169639416750E-005  6.544671903134259E-005 
 1.445169639416571E-005  1.204744743470784E-004  1.445169639416647E-005 
 6.544671903134280E-005  1.445169639416658E-005  2.890640861044674E-004
      </IFC>
    </s_s1_m1_m2_m3.1.2.2.1.3>
    <s_s1_m1_m2_m3.1.2.3.1.3>
      <IFC type="real" size="9" columns="3">
 4.165664900683734E-004  4.224714310646886E-004  4.224714310646887E-004 
 4.224714310646889E-004 -5.082811202894802E-005 -1.824483296570380E-004 
 4.224714310646907E-004 -1.824483296570378E-004 -5.082811202894314E-005
      </IFC>
    </s_s1_m1_m2_m3.1.2.3.1.3>
    <s_s1_m1_m2_m3.1.2.4.1.3>
      <IFC type="real" size="9" columns="3">
 2.445601569589894E-004  6.439052624868070E-006 -6.439052624876418E-006 
 6.439052624865088E-006  2.445601569589890E-004  6.439052624869534E-006 
-6.439052624877069E-006  6.439052624870509E-006  2.445601569589959E-004
      </IFC>
    </s_s1_m1_m2_m3.1.2.4.1.3>
    <s_s1_m1_m2_m3.1.2.1.2.3>
      <IFC type="real" size="9" columns="3">
-4.257670032324495E-004  3.533356860572524E-004  9.894355283603072E-004 
 3.533356860572524E-004 -4.257670032324495E-004 -9.894355283603176E-004 
 9.894355283603107E-004 -9.894355283603176E-004 -4.641534323814728E-003
      </IFC>
    </s_s1_m1_m2_m3.1.2.1.2.3>
    <s_s1_m1_m2_m3.1.2.2.2.3>
      <IFC type="real" size="9" columns="3">
-4.641534323814729E-003 -9.894355283603148E-004  9.894355283603061E-004 
-9.894355283603154E-004 -4.257670032324630E-004  3.533356860572416E-004 
 9.894355283603063E-004  3.533356860572412E-004 -4.257670032324647E-004
      </IFC>
    </s_s1_m1_m2_m3.1.2.2.2.3>
    <s_s1_m1_m2_m3.1.2.3.2.3>
      <IFC type="real" size="9" columns="3">
 4.165664900683562E-004 -4.224714310646838E-004 -4.224714310646890E-004 
-4.224714310646818E-004 -5.082811202895658E-005 -1.824483296570193E-004 
-4.224714310646885E-004 -1.824483296570181E-004 -5.082811202895132E-005
      </IFC>
    </s_s1_m1_m2_m3.1.2.3.2.3>
    <s_s1_m1_m2_m3.1.2.4.2.3>
      <IFC type="real" size="9" columns="3">
-5.082811202896526E-005 -1.824483296570256E-004 -4.224714310646846E-004 
-1.824483296570222E-004 -5.082811202897219E-005 -4.224714310646881E-004 
-4.224714310646846E-004 -4.224714310646915E-004  4.165664900683541E-004
      </IFC>
    </s_s1_m1_m2_m3.1.2.4.2.3>
    <s_s1_m1_m2_m3.1.2.1.3.3>
      <IFC type="real" size="9" columns="3">
-4.257670032324704E-004 -9.894355283603098E-004 -3.533356860572446E-004 
-9.894355283603141E-004 -4.641534323814742E-003 -9.894355283603098E-004 
-3.533356860572429E-004 -9.894355283603089E-004 -4.257670032324704E-004
      </IFC>
    </s_s1_m1_m2_m3.1.2.1.3.3>
    <s_s1_m1_m2_m3.1.2.2.3.3>
      <IFC type="real" size="9" columns="3">
 2.890640861044839E-004 -6.544671903133511E-005 -1.445169639414809E-005 
-6.544671903133592E-005  2.890640861044823E-004  1.445169639415042E-005 
-1.445169639414831E-005  1.445169639415075E-005  1.204744743470894E-004
      </IFC>
    </s_s1_m1_m2_m3.1.2.2.3.3>
    <s_s1_m1_m2_m3.1.2.3.3.3>
      <IFC type="real" size="9" columns="3">
 2.579691801304486E-004 -2.821554941272316E-005 -2.821554941271671E-005 
-2.821554941272522E-005  2.579691801304507E-004 -2.821554941272023E-005 
-2.821554941271422E-005 -2.821554941272002E-005  2.579691801304533E-004
      </IFC>
    </s_s1_m1_m2_m3.1.2.3.3.3>
    <s_s1_m1_m2_m3.1.2.4.3.3>
      <IFC type="real" size="9" columns="3">
 1.204744743470843E-004  1.445169639415319E-005 -1.445169639415351E-005 
 1.445169639415183E-005  2.890640861044778E-004 -6.544671903134622E-005 
-1.445169639415373E-005 -6.544671903134546E-005  2.890640861044831E-004
      </IFC>
    </s_s1_m1_m2_m3.1.2.4.3.3>
    <s_s1_m1_m2_m3.1.2.1.4.3>
      <IFC type="real" size="9" columns="3">
-5.082811202895138E-005 -4.224714310646812E-004  1.824483296570257E-004 
-4.224714310646803E-004  4.165664900683645E-004  4.224714310646839E-004 
 1.824483296570283E-004  4.224714310646854E-004 -5.082811202895062E-005
      </IFC>
    </s_s1_m1_m2_m3.1.2.1.4.3>
    <s_s1_m1_m2_m3.1.2.2.4.3>
      <IFC type="real" size="9" columns="3">
 2.579691801304429E-004 -2.821554941271980E-005  2.821554941271893E-005 
-2.821554941272002E-005  2.579691801304392E-004  2.821554941272045E-005 
 2.821554941271958E-005  2.821554941272045E-005  2.579691801304373E-004
      </IFC>
    </s_s1_m1_m2_m3.1.2.2.4.3>
    <s_s1_m1_m2_m3.1.2.3.4.3>
