<?xml version="1.0"?>
<?iotk version="1.2.0"?>
<?iotk file_version="1.0"?>
<?iotk binary="F"?>
<?iotk qe_syntax="F"?>
<Root>
  <GEOMETRY_INFO>
    <NUMBER_OF_TYPES type="integer" size="1">
         1
    </NUMBER_OF_TYPES>
    <NUMBER_OF_ATOMS type="integer" size="1">
         2
    </NUMBER_OF_ATOMS>
    <BRAVAIS_LATTICE_INDEX type="integer" size="1">
         2
    </BRAVAIS_LATTICE_INDEX>
    <SPIN_COMPONENTS type="integer" size="1">
         1
    </SPIN_COMPONENTS>
    <CELL_DIMENSIONS type="real" size="6">
 1.025000000000000E+001
 0.000000000000000E+000
 0.000000000000000E+000
 0.000000000000000E+000
 0.000000000000000E+000
 0.000000000000000E+000
    </CELL_DIMENSIONS>
    <AT type="real" size="9" columns="3">
-5.000000000000000E-001  0.000000000000000E+000  5.000000000000000E-001 
 0.000000000000000E+000  5.000000000000000E-001  5.000000000000000E-001 
-5.000000000000000E-001  5.000000000000000E-001  0.000000000000000E+000
    </AT>
    <BG type="real" size="9" columns="3">
-1.000000000000000E+000 -1.000000000000000E+000  1.000000000000000E+000 
 1.000000000000000E+000  1.000000000000000E+000  1.000000000000000E+000 
-1.000000000000000E+000  1.000000000000000E+000 -1.000000000000000E+000
    </BG>
    <UNIT_CELL_VOLUME_AU type="real" size="1">
 2.692226562500000E+002
    </UNIT_CELL_VOLUME_AU>
    <TYPE_NAME.1 type="character" size="1" len="3">
Si 
    </TYPE_NAME.1>
    <MASS.1 type="real" size="1">
 2.808600000000000E+001
    </MASS.1>
    <ATOM.1 SPECIES="Si " INDEX="1" TAU="0.000000000000000E+000 0.000000000000000E+000 0.000000000000000E+000"/>
    <ATOM.2 SPECIES="Si " INDEX="1" TAU="2.500000000000000E-001 2.500000000000000E-001 2.500000000000000E-001"/>
    <NUMBER_OF_Q type="integer" size="1">
         6
    </NUMBER_OF_Q>
  </GEOMETRY_INFO>
  <DIELECTRIC_PROPERTIES>
    <EPSILON type="real" size="9" columns="3">
 1.391969632811552E+001 -4.440892098500626E-015  4.440892098500626E-015 
-4.440892098500626E-015  1.391969632811552E+001  2.664535259100376E-015 
 2.664535259100376E-015  8.881784197001252E-016  1.391969632811552E+001
    </EPSILON>
    <ZSTAR>
      <Z_AT_.1 type="real" size="9" columns="3">
 8.881784197001252E-016  1.332267629550188E-015  0.000000000000000E+000 
 0.000000000000000E+000  8.881784197001252E-016 -2.220446049250313E-016 
-2.220446049250315E-016  6.661338147750939E-016 -4.440892098500626E-016
      </Z_AT_.1>
      <Z_AT_.2 type="real" size="9" columns="3">
-8.881784197001252E-016 -1.332267629550188E-015  0.000000000000000E+000 
 0.000000000000000E+000 -8.881784197001252E-016  2.220446049250313E-016 
 2.220446049250313E-016 -6.661338147750939E-016  4.440892098500626E-016
      </Z_AT_.2>
    </ZSTAR>
  </DIELECTRIC_PROPERTIES>
  <INTERATOMIC_FORCE_CONSTANTS>
    <MESH_NQ1_NQ2_NQ3 type="integer" size="3" columns="3">
         4          4          4
    </MESH_NQ1_NQ2_NQ3>
    <s_s1_m1_m2_m3.1.1.1.1.1>
      <IFC type="real" size="9" columns="3">
 2.655581077969029E-001 -1.626303258728257E-019  4.119968255444917E-018 
-1.626303258728257E-019  2.655581077969029E-001  2.439454888092385E-019 
 4.119968255444917E-018  2.439454888092385E-019  2.655581077969029E-001
      </IFC>
    </s_s1_m1_m2_m3.1.1.1.1.1>
    <s_s1_m1_m2_m3.1.1.2.1.1>
      <IFC type="real" size="9" columns="3">
-3.775719290393276E-003 -2.033767973196056E-003  3.930015863183602E-003 
 2.033767973196052E-003  9.054767786429132E-003 -2.033767973196050E-003 
 3.930015863183602E-003  2.033767973196057E-003 -3.775719290393279E-003
      </IFC>
    </s_s1_m1_m2_m3.1.1.2.1.1>
    <s_s1_m1_m2_m3.1.1.3.1.1>
      <IFC type="real" size="9" columns="3">
 7.118263135749182E-005  4.228388472693467E-018  5.934520471306809E-004 
 4.228388472693467E-018  3.972651419386991E-003 -3.306816626080789E-018 
 5.934520471306809E-004 -3.306816626080789E-018  7.118263135748835E-005
      </IFC>
    </s_s1_m1_m2_m3.1.1.3.1.1>
    <s_s1_m1_m2_m3.1.1.4.1.1>
      <IFC type="real" size="9" columns="3">
-3.775719290393276E-003  2.033767973196052E-003  3.930015863183602E-003 
-2.033767973196056E-003  9.054767786429132E-003  2.033767973196057E-003 
 3.930015863183602E-003 -2.033767973196050E-003 -3.775719290393279E-003
      </IFC>
    </s_s1_m1_m2_m3.1.1.4.1.1>
    <s_s1_m1_m2_m3.1.1.1.2.1>
      <IFC type="real" size="9" columns="3">
 9.054767786429139E-003  2.033767973196053E-003  2.033767973196050E-003 
-2.033767973196055E-003 -3.775719290393279E-003 -3.930015863183601E-003 
-2.033767973196057E-003 -3.930015863183601E-003 -3.775719290393279E-003
      </IFC>
    </s_s1_m1_m2_m3.1.1.1.2.1>
    <s_s1_m1_m2_m3.1.1.2.2.1>
      <IFC type="real" size="9" columns="3">
-3.529914260073166E-004 -6.236546177527363E-004  2.615115818186251E-004 
-6.236546177527365E-004 -3.529914260073201E-004 -2.615115818186244E-004 
 4.203074964614569E-004 -4.203074964614560E-004  1.976241065996436E-005
      </IFC>
    </s_s1_m1_m2_m3.1.1.2.2.1>
    <s_s1_m1_m2_m3.1.1.3.2.1>
      <IFC type="real" size="9" columns="3">
 1.976241065996913E-005 -4.203074964614568E-004  4.203074964614592E-004 
-2.615115818186251E-004 -3.529914260073201E-004 -6.236546177527367E-004 
 2.615115818186275E-004 -6.236546177527367E-004 -3.529914260073166E-004
      </IFC>
    </s_s1_m1_m2_m3.1.1.3.2.1>
    <s_s1_m1_m2_m3.1.1.4.2.1>
      <IFC type="real" size="9" columns="3">
-3.775719290393264E-003 -3.930015863183601E-003 -2.033767973196050E-003 
-3.930015863183601E-003 -3.775719290393267E-003 -2.033767973196055E-003 
 2.033767973196057E-003  2.033767973196053E-003  9.054767786429146E-003
      </IFC>
    </s_s1_m1_m2_m3.1.1.4.2.1>
    <s_s1_m1_m2_m3.1.1.1.3.1>
      <IFC type="real" size="9" columns="3">
 3.972651419386991E-003  7.589415207398531E-019  5.421010862427522E-019 
 7.589415207398531E-019  7.118263135749009E-005 -5.934520471306802E-004 
 5.421010862427522E-019 -5.934520471306802E-004  7.118263135749009E-005
      </IFC>
    </s_s1_m1_m2_m3.1.1.1.3.1>
    <s_s1_m1_m2_m3.1.1.2.3.1>
      <IFC type="real" size="9" columns="3">
-3.529914260073253E-004 -2.615115818186222E-004  6.236546177527369E-004 
-4.203074964614539E-004  1.976241065996306E-005 -4.203074964614517E-004 
 6.236546177527368E-004 -2.615115818186199E-004 -3.529914260073245E-004
      </IFC>
    </s_s1_m1_m2_m3.1.1.2.3.1>
    <s_s1_m1_m2_m3.1.1.3.3.1>
      <IFC type="real" size="9" columns="3">
 7.118263135749182E-005 -5.934520471306858E-004  5.095750210681871E-018 
-5.934520471306858E-004  7.118263135749009E-005 -6.234162491791650E-019 
 5.095750210681871E-018 -6.234162491791650E-019  3.972651419386986E-003
      </IFC>
    </s_s1_m1_m2_m3.1.1.3.3.1>
    <s_s1_m1_m2_m3.1.1.4.3.1>
      <IFC type="real" size="9" columns="3">
-3.529914260073253E-004 -4.203074964614539E-004  6.236546177527368E-004 
-2.615115818186222E-004  1.976241065996306E-005 -2.615115818186199E-004 
 6.236546177527369E-004 -4.203074964614517E-004 -3.529914260073245E-004
      </IFC>
    </s_s1_m1_m2_m3.1.1.4.3.1>
    <s_s1_m1_m2_m3.1.1.1.4.1>
      <IFC type="real" size="9" columns="3">
 9.054767786429139E-003 -2.033767973196055E-003 -2.033767973196057E-003 
 2.033767973196053E-003 -3.775719290393279E-003 -3.930015863183601E-003 
 2.033767973196050E-003 -3.930015863183601E-003 -3.775719290393279E-003
      </IFC>
    </s_s1_m1_m2_m3.1.1.1.4.1>
    <s_s1_m1_m2_m3.1.1.2.4.1>
      <IFC type="real" size="9" columns="3">
-3.775719290393264E-003 -3.930015863183601E-003  2.033767973196057E-003 
-3.930015863183601E-003 -3.775719290393267E-003  2.033767973196053E-003 
-2.033767973196050E-003 -2.033767973196055E-003  9.054767786429146E-003
      </IFC>
    </s_s1_m1_m2_m3.1.1.2.4.1>
    <s_s1_m1_m2_m3.1.1.3.4.1>
      <IFC type="real" size="9" columns="3">
 1.976241065996913E-005 -2.615115818186251E-004  2.615115818186275E-004 
-4.203074964614568E-004 -3.529914260073201E-004 -6.236546177527367E-004 
 4.203074964614592E-004 -6.236546177527367E-004 -3.529914260073166E-004
      </IFC>
    </s_s1_m1_m2_m3.1.1.3.4.1>
    <s_s1_m1_m2_m3.1.1.4.4.1>
      <IFC type="real" size="9" columns="3">
-3.529914260073166E-004 -6.236546177527365E-004  4.203074964614569E-004 
-6.236546177527363E-004 -3.529914260073201E-004 -4.203074964614560E-004 
 2.615115818186251E-004 -2.615115818186244E-004  1.976241065996436E-005
      </IFC>
    </s_s1_m1_m2_m3.1.1.4.4.1>
    <s_s1_m1_m2_m3.1.1.1.1.2>
      <IFC type="real" size="9" columns="3">
-3.775719290393276E-003  3.930015863183603E-003 -2.033767973196058E-003 
 3.930015863183603E-003 -3.775719290393276E-003  2.033767973196058E-003 
 2.033767973196049E-003 -2.033767973196050E-003  9.054767786429135E-003
      </IFC>
    </s_s1_m1_m2_m3.1.1.1.1.2>
    <s_s1_m1_m2_m3.1.1.2.1.2>
      <IFC type="real" size="9" columns="3">
 1.976241065996826E-005  4.203074964614548E-004  4.203074964614615E-004 
 2.615115818186230E-004 -3.529914260073201E-004  6.236546177527356E-004 
 2.615115818186298E-004  6.236546177527356E-004 -3.529914260073214E-004
      </IFC>
    </s_s1_m1_m2_m3.1.1.2.1.2>
    <s_s1_m1_m2_m3.1.1.3.1.2>
      <IFC type="real" size="9" columns="3">
-3.529914260073253E-004  6.236546177527380E-004  2.615115818186230E-004 
 6.236546177527380E-004 -3.529914260073271E-004  2.615115818186249E-004 
 4.203074964614545E-004  4.203074964614564E-004  1.976241065995178E-005
      </IFC>
    </s_s1_m1_m2_m3.1.1.3.1.2>
    <s_s1_m1_m2_m3.1.1.4.1.2>
      <IFC type="real" size="9" columns="3">
 9.054767786429135E-003 -2.033767973196051E-003  2.033767973196058E-003 
 2.033767973196057E-003 -3.775719290393267E-003  3.930015863183603E-003 
-2.033767973196049E-003  3.930015863183603E-003 -3.775719290393261E-003
      </IFC>
    </s_s1_m1_m2_m3.1.1.4.1.2>
    <s_s1_m1_m2_m3.1.1.1.2.2>
      <IFC type="real" size="9" columns="3">
-3.529914260073062E-004  2.615115818186284E-004 -6.236546177527359E-004 
 4.203074964614598E-004  1.976241065996046E-005 -4.203074964614531E-004 
-6.236546177527359E-004 -2.615115818186215E-004 -3.529914260073236E-004
      </IFC>
    </s_s1_m1_m2_m3.1.1.1.2.2>
    <s_s1_m1_m2_m3.1.1.2.2.2>
      <IFC type="real" size="9" columns="3">
-2.267385083423471E-004 -2.222614453595284E-018 -1.544988095791844E-018 
-2.222614453595284E-018 -2.267385083423402E-004  8.131516293641283E-019 
-1.544988095791844E-018  8.131516293641283E-019 -2.267385083423367E-004
      </IFC>
    </s_s1_m1_m2_m3.1.1.2.2.2>
    <s_s1_m1_m2_m3.1.1.3.2.2>
      <IFC type="real" size="9" columns="3">
-3.529914260073218E-004 -2.615115818186195E-004 -6.236546177527339E-004 
-4.203074964614511E-004  1.976241065996392E-005  4.203074964614555E-004 
-6.236546177527340E-004  2.615115818186238E-004 -3.529914260073271E-004
      </IFC>
    </s_s1_m1_m2_m3.1.1.3.2.2>
    <s_s1_m1_m2_m3.1.1.4.2.2>
      <IFC type="real" size="9" columns="3">
-4.620623425911569E-004  4.336808689942018E-019  5.692061405548898E-019 
 4.336808689942018E-019 -2.097853895699974E-004  1.301042606982605E-018 
 5.692061405548898E-019  1.301042606982605E-018 -4.620623425911534E-004
      </IFC>
    </s_s1_m1_m2_m3.1.1.4.2.2>
    <s_s1_m1_m2_m3.1.1.1.3.2>
      <IFC type="real" size="9" columns="3">
-3.529914260073097E-004  6.236546177527374E-004 -2.615115818186235E-004 
 6.236546177527374E-004 -3.529914260073166E-004 -2.615115818186212E-004 
-4.203074964614552E-004 -4.203074964614530E-004  1.976241065995699E-005
      </IFC>
    </s_s1_m1_m2_m3.1.1.1.3.2>
    <s_s1_m1_m2_m3.1.1.2.3.2>
      <IFC type="real" size="9" columns="3">
 1.976241065996479E-005 -4.203074964614579E-004 -4.203074964614472E-004 
-2.615115818186262E-004 -3.529914260073201E-004  6.236546177527354E-004 
-2.615115818186156E-004  6.236546177527354E-004 -3.529914260073223E-004
      </IFC>
    </s_s1_m1_m2_m3.1.1.2.3.2>
    <s_s1_m1_m2_m3.1.1.3.3.2>
      <IFC type="real" size="9" columns="3">
-2.306216461883687E-004 -7.422107231406030E-006 -2.270462951096999E-005 
-7.422107231406030E-006 -2.306216461883705E-004  2.270462951097104E-005 
 2.270462951097582E-005 -2.270462951097478E-005 -2.696308994705448E-004
      </IFC>
    </s_s1_m1_m2_m3.1.1.3.3.2>
    <s_s1_m1_m2_m3.1.1.4.3.2>
      <IFC type="real" size="9" columns="3">
-2.696308994705422E-004 -2.270462951097033E-005  2.270462951097491E-005 
 2.270462951097565E-005 -2.306216461883653E-004 -7.422107231407765E-006 
-2.270462951097088E-005 -7.422107231407928E-006 -2.306216461883605E-004
      </IFC>
    </s_s1_m1_m2_m3.1.1.4.3.2>
    <s_s1_m1_m2_m3.1.1.1.4.2>
      <IFC type="real" size="9" columns="3">
-3.775719290393272E-003  2.033767973196057E-003 -3.930015863183602E-003 
-2.033767973196051E-003  9.054767786429139E-003 -2.033767973196058E-003 
-3.930015863183602E-003  2.033767973196050E-003 -3.775719290393269E-003
      </IFC>
    </s_s1_m1_m2_m3.1.1.1.4.2>
    <s_s1_m1_m2_m3.1.1.2.4.2>
      <IFC type="real" size="9" columns="3">
-2.097853895700044E-004  2.602085213965211E-018  4.634964287375531E-018 
 2.602085213965211E-018 -4.620623425911500E-004  3.469446951953614E-018 
 4.634964287375531E-018  3.469446951953614E-018 -4.620623425911500E-004
      </IFC>
    </s_s1_m1_m2_m3.1.1.2.4.2>
    <s_s1_m1_m2_m3.1.1.3.4.2>
      <IFC type="real" size="9" columns="3">
-2.306216461883653E-004  2.270462951097581E-005  7.422107231408307E-006 
-2.270462951097006E-005 -2.696308994705465E-004 -2.270462951097638E-005 
 7.422107231408470E-006  2.270462951096952E-005 -2.306216461883601E-004
      </IFC>
    </s_s1_m1_m2_m3.1.1.3.4.2>
    <s_s1_m1_m2_m3.1.1.4.4.2>
      <IFC type="real" size="9" columns="3">
-4.620623425911569E-004 -5.421010862427522E-020  1.653408313040394E-018 
-5.421010862427522E-020 -4.620623425911500E-004  1.246832498358330E-018 
 1.653408313040394E-018  1.246832498358330E-018 -2.097853895700044E-004
      </IFC>
    </s_s1_m1_m2_m3.1.1.4.4.2>
    <s_s1_m1_m2_m3.1.1.1.1.3>
      <IFC type="real" size="9" columns="3">
 7.118263135749703E-005  5.934520471306776E-004  3.550762114890027E-018 
 5.934520471306776E-004  7.118263135749703E-005 -2.249719507907422E-018 
 3.550762114890027E-018 -2.249719507907422E-018  3.972651419386991E-003
      </IFC>
    </s_s1_m1_m2_m3.1.1.1.1.3>
    <s_s1_m1_m2_m3.1.1.2.1.3>
      <IFC type="real" size="9" columns="3">
-3.529914260073288E-004  2.615115818186238E-004  6.236546177527382E-004 
 4.203074964614557E-004  1.976241065996306E-005  4.203074964614581E-004 
 6.236546177527382E-004  2.615115818186266E-004 -3.529914260073227E-004
      </IFC>
    </s_s1_m1_m2_m3.1.1.2.1.3>
    <s_s1_m1_m2_m3.1.1.3.1.3>
      <IFC type="real" size="9" columns="3">
 3.972651419386993E-003 -3.361026734705064E-018  2.927345865710862E-018 
-3.361026734705064E-018  7.118263135749009E-005  5.934520471306823E-004 
 2.927345865710862E-018  5.934520471306823E-004  7.118263135748835E-005
      </IFC>
    </s_s1_m1_m2_m3.1.1.3.1.3>
    <s_s1_m1_m2_m3.1.1.4.1.3>
      <IFC type="real" size="9" columns="3">
-3.529914260073288E-004  4.203074964614557E-004  6.236546177527382E-004 
 2.615115818186238E-004  1.976241065996306E-005  2.615115818186266E-004 
 6.236546177527382E-004  4.203074964614581E-004 -3.529914260073227E-004
      </IFC>
    </s_s1_m1_m2_m3.1.1.4.1.3>
    <s_s1_m1_m2_m3.1.1.1.2.3>
      <IFC type="real" size="9" columns="3">
 1.976241065996046E-005  4.203074964614503E-004 -4.203074964614503E-004 
 2.615115818186186E-004 -3.529914260073132E-004 -6.236546177527361E-004 
-2.615115818186185E-004 -6.236546177527361E-004 -3.529914260073132E-004
      </IFC>
    </s_s1_m1_m2_m3.1.1.1.2.3>
    <s_s1_m1_m2_m3.1.1.2.2.3>
      <IFC type="real" size="9" columns="3">
-3.529914260073166E-004 -6.236546177527385E-004 -2.615115818186189E-004 
-6.236546177527382E-004 -3.529914260073201E-004  2.615115818186230E-004 
-4.203074964614507E-004  4.203074964614546E-004  1.976241065995829E-005
      </IFC>
    </s_s1_m1_m2_m3.1.1.2.2.3>
    <s_s1_m1_m2_m3.1.1.3.2.3>
      <IFC type="real" size="9" columns="3">
-2.696308994705413E-004  2.270462951097600E-005  2.270462951097730E-005 
-2.270462951096987E-005 -2.306216461883635E-004  7.422107231405651E-006 
-2.270462951096852E-005  7.422107231405705E-006 -2.306216461883705E-004
      </IFC>
    </s_s1_m1_m2_m3.1.1.3.2.3>
    <s_s1_m1_m2_m3.1.1.4.2.3>
      <IFC type="real" size="9" columns="3">
-2.306216461883618E-004  7.422107231408199E-006 -2.270462951097060E-005 
 7.422107231408199E-006 -2.306216461883653E-004 -2.270462951097407E-005 
 2.270462951097538E-005  2.270462951097169E-005 -2.696308994705352E-004
      </IFC>
    </s_s1_m1_m2_m3.1.1.4.2.3>
    <s_s1_m1_m2_m3.1.1.1.3.3>
      <IFC type="real" size="9" columns="3">
 7.118263135749703E-005 -2.493664996716660E-018 -5.934520471306804E-004 
-2.493664996716660E-018  3.972651419386984E-003 -2.222614453595284E-018 
-5.934520471306804E-004 -2.222614453595284E-018  7.118263135750397E-005
      </IFC>
    </s_s1_m1_m2_m3.1.1.1.3.3>
    <s_s1_m1_m2_m3.1.1.2.3.3>
      <IFC type="real" size="9" columns="3">
-2.306216461883705E-004 -2.270462951097174E-005 -7.422107231406627E-006 
 2.270462951097424E-005 -2.696308994705439E-004 -2.270462951097603E-005 
-7.422107231406681E-006  2.270462951096998E-005 -2.306216461883670E-004
      </IFC>
    </s_s1_m1_m2_m3.1.1.2.3.3>
    <s_s1_m1_m2_m3.1.1.3.3.3>
      <IFC type="real" size="9" columns="3">
-1.879991046185008E-004 -3.740497495074990E-018 -8.131516293641283E-020 
-3.740497495074990E-018 -1.879991046185026E-004  2.954450920023000E-018 
-8.131516293641283E-020  2.954450920023000E-018 -1.879991046184869E-004
      </IFC>
    </s_s1_m1_m2_m3.1.1.3.3.3>
    <s_s1_m1_m2_m3.1.1.4.3.3>
      <IFC type="real" size="9" columns="3">
-2.306216461883705E-004  2.270462951097424E-005 -7.422107231406681E-006 
-2.270462951097174E-005 -2.696308994705439E-004  2.270462951096998E-005 
-7.422107231406627E-006 -2.270462951097603E-005 -2.306216461883670E-004
      </IFC>
    </s_s1_m1_m2_m3.1.1.4.3.3>
    <s_s1_m1_m2_m3.1.1.1.4.3>
      <IFC type="real" size="9" columns="3">
 1.976241065996046E-005  2.615115818186186E-004 -2.615115818186185E-004 
 4.203074964614503E-004 -3.529914260073132E-004 -6.236546177527361E-004 
-4.203074964614503E-004 -6.236546177527361E-004 -3.529914260073132E-004
      </IFC>
    </s_s1_m1_m2_m3.1.1.1.4.3>
    <s_s1_m1_m2_m3.1.1.2.4.3>
      <IFC type="real" size="9" columns="3">
-2.306216461883618E-004  7.422107231408199E-006  2.270462951097538E-005 
 7.422107231408199E-006 -2.306216461883653E-004  2.270462951097169E-005 
-2.270462951097060E-005 -2.270462951097407E-005 -2.696308994705352E-004
      </IFC>
    </s_s1_m1_m2_m3.1.1.2.4.3>
    <s_s1_m1_m2_m3.1.1.3.4.3>
      <IFC type="real" size="9" columns="3">
-2.696308994705413E-004 -2.270462951096987E-005 -2.270462951096852E-005 
 2.270462951097600E-005 -2.306216461883635E-004  7.422107231405705E-006 
 2.270462951097730E-005  7.422107231405651E-006 -2.306216461883705E-004
      </IFC>
    </s_s1_m1_m2_m3.1.1.3.4.3>
    <s_s1_m1_m2_m3.1.1.4.4.3>
      <IFC type="real" size="9" columns="3">
-3.529914260073166E-004 -6.236546177527382E-004 -4.203074964614507E-004 
-6.236546177527385E-004 -3.529914260073201E-004  4.203074964614546E-004 
-2.615115818186189E-004  2.615115818186230E-004  1.976241065995829E-005
      </IFC>
    </s_s1_m1_m2_m3.1.1.4.4.3>
    <s_s1_m1_m2_m3.1.1.1.1.4>
      <IFC type="real" size="9" columns="3">
-3.775719290393276E-003  3.930015863183603E-003  2.033767973196049E-003 
 3.930015863183603E-003 -3.775719290393276E-003 -2.033767973196050E-003 
-2.033767973196058E-003  2.033767973196058E-003  9.054767786429135E-003
      </IFC>
    </s_s1_m1_m2_m3.1.1.1.1.4>
    <s_s1_m1_m2_m3.1.1.2.1.4>
      <IFC type="real" size="9" columns="3">
 9.054767786429135E-003  2.033767973196057E-003 -2.033767973196049E-003 
-2.033767973196051E-003 -3.775719290393267E-003  3.930015863183603E-003 
 2.033767973196058E-003  3.930015863183603E-003 -3.775719290393261E-003
      </IFC>
    </s_s1_m1_m2_m3.1.1.2.1.4>
    <s_s1_m1_m2_m3.1.1.3.1.4>
      <IFC type="real" size="9" columns="3">
-3.529914260073253E-004  6.236546177527380E-004  4.203074964614545E-004 
 6.236546177527380E-004 -3.529914260073271E-004  4.203074964614564E-004 
 2.615115818186230E-004  2.615115818186249E-004  1.976241065995178E-005
      </IFC>
    </s_s1_m1_m2_m3.1.1.3.1.4>
    <s_s1_m1_m2_m3.1.1.4.1.4>
      <IFC type="real" size="9" columns="3">
 1.976241065996826E-005  2.615115818186230E-004  2.615115818186298E-004 
 4.203074964614548E-004 -3.529914260073201E-004  6.236546177527356E-004 
 4.203074964614615E-004  6.236546177527356E-004 -3.529914260073214E-004
      </IFC>
    </s_s1_m1_m2_m3.1.1.4.1.4>
    <s_s1_m1_m2_m3.1.1.1.2.4>
      <IFC type="real" size="9" columns="3">
-3.775719290393272E-003 -2.033767973196051E-003 -3.930015863183602E-003 
 2.033767973196057E-003  9.054767786429139E-003  2.033767973196050E-003 
-3.930015863183602E-003 -2.033767973196058E-003 -3.775719290393269E-003
      </IFC>
    </s_s1_m1_m2_m3.1.1.1.2.4>
    <s_s1_m1_m2_m3.1.1.2.2.4>
      <IFC type="real" size="9" columns="3">
-4.620623425911569E-004 -5.421010862427522E-020  1.653408313040394E-018 
-5.421010862427522E-020 -4.620623425911500E-004  1.246832498358330E-018 
 1.653408313040394E-018  1.246832498358330E-018 -2.097853895700044E-004
      </IFC>
    </s_s1_m1_m2_m3.1.1.2.2.4>
    <s_s1_m1_m2_m3.1.1.3.2.4>
      <IFC type="real" size="9" columns="3">
-2.306216461883653E-004 -2.270462951097006E-005  7.422107231408470E-006 
 2.270462951097581E-005 -2.696308994705465E-004  2.270462951096952E-005 
 7.422107231408307E-006 -2.270462951097638E-005 -2.306216461883601E-004
      </IFC>
    </s_s1_m1_m2_m3.1.1.3.2.4>
    <s_s1_m1_m2_m3.1.1.4.2.4>
      <IFC type="real" size="9" columns="3">
-2.097853895700044E-004  2.602085213965211E-018  4.634964287375531E-018 
 2.602085213965211E-018 -4.620623425911500E-004  3.469446951953614E-018 
 4.634964287375531E-018  3.469446951953614E-018 -4.620623425911500E-004
      </IFC>
    </s_s1_m1_m2_m3.1.1.4.2.4>
    <s_s1_m1_m2_m3.1.1.1.3.4>
      <IFC type="real" size="9" columns="3">
-3.529914260073097E-004  6.236546177527374E-004 -4.203074964614552E-004 
 6.236546177527374E-004 -3.529914260073166E-004 -4.203074964614530E-004 
-2.615115818186235E-004 -2.615115818186212E-004  1.976241065995699E-005
      </IFC>
    </s_s1_m1_m2_m3.1.1.1.3.4>
    <s_s1_m1_m2_m3.1.1.2.3.4>
      <IFC type="real" size="9" columns="3">
-2.696308994705422E-004  2.270462951097565E-005 -2.270462951097088E-005 
-2.270462951097033E-005 -2.306216461883653E-004 -7.422107231407928E-006 
 2.270462951097491E-005 -7.422107231407765E-006 -2.306216461883605E-004
      </IFC>
    </s_s1_m1_m2_m3.1.1.2.3.4>
    <s_s1_m1_m2_m3.1.1.3.3.4>
      <IFC type="real" size="9" columns="3">
-2.306216461883687E-004 -7.422107231406030E-006  2.270462951097582E-005 
-7.422107231406030E-006 -2.306216461883705E-004 -2.270462951097478E-005 
-2.270462951096999E-005  2.270462951097104E-005 -2.696308994705448E-004
      </IFC>
    </s_s1_m1_m2_m3.1.1.3.3.4>
    <s_s1_m1_m2_m3.1.1.4.3.4>
      <IFC type="real" size="9" columns="3">
 1.976241065996479E-005 -2.615115818186262E-004 -2.615115818186156E-004 
-4.203074964614579E-004 -3.529914260073201E-004  6.236546177527354E-004 
-4.203074964614472E-004  6.236546177527354E-004 -3.529914260073223E-004
      </IFC>
    </s_s1_m1_m2_m3.1.1.4.3.4>
    <s_s1_m1_m2_m3.1.1.1.4.4>
      <IFC type="real" size="9" columns="3">
-3.529914260073062E-004  4.203074964614598E-004 -6.236546177527359E-004 
 2.615115818186284E-004  1.976241065996046E-005 -2.615115818186215E-004 
-6.236546177527359E-004 -4.203074964614531E-004 -3.529914260073236E-004
      </IFC>
    </s_s1_m1_m2_m3.1.1.1.4.4>
    <s_s1_m1_m2_m3.1.1.2.4.4>
      <IFC type="real" size="9" columns="3">
-4.620623425911569E-004  4.336808689942018E-019  5.692061405548898E-019 
 4.336808689942018E-019 -2.097853895699974E-004  1.301042606982605E-018 
 5.692061405548898E-019  1.301042606982605E-018 -4.620623425911534E-004
      </IFC>
    </s_s1_m1_m2_m3.1.1.2.4.4>
    <s_s1_m1_m2_m3.1.1.3.4.4>
      <IFC type="real" size="9" columns="3">
-3.529914260073218E-004 -4.203074964614511E-004 -6.236546177527340E-004 
-2.615115818186195E-004  1.976241065996392E-005  2.615115818186238E-004 
-6.236546177527339E-004  4.203074964614555E-004 -3.529914260073271E-004
      </IFC>
    </s_s1_m1_m2_m3.1.1.3.4.4>
    <s_s1_m1_m2_m3.1.1.4.4.4>
      <IFC type="real" size="9" columns="3">
-2.267385083423471E-004 -2.222614453595284E-018 -1.544988095791844E-018 
-2.222614453595284E-018 -2.267385083423402E-004  8.131516293641283E-019 
-1.544988095791844E-018  8.131516293641283E-019 -2.267385083423367E-004
      </IFC>
    </s_s1_m1_m2_m3.1.1.4.4.4>
    <s_s1_m1_m2_m3.1.2.1.1.1>
      <IFC type="real" size="9" columns="3">
-6.482530261040775E-002 -4.343471269673987E-002 -4.343471269673987E-002 
-4.343471269673987E-002 -6.482530261040774E-002 -4.343471269673987E-002 
-4.343471269673987E-002 -4.343471269673987E-002 -6.482530261040774E-002
      </IFC>
    </s_s1_m1_m2_m3.1.2.1.1.1>
    <s_s1_m1_m2_m3.1.2.2.1.1>
      <IFC type="real" size="9" columns="3">
 1.245413816117388E-004  6.423710389534648E-004 -6.423710389534649E-004 
 6.423710389534650E-004  7.254128815036054E-004  8.658292706114239E-004 
-6.423710389534649E-004  8.658292706114235E-004  7.254128815036059E-004
      </IFC>
    </s_s1_m1_m2_m3.1.2.2.1.1>
    <s_s1_m1_m2_m3.1.2.3.1.1>
      <IFC type="real" size="9" columns="3">
-4.381743147447630E-005  4.209250596539676E-004 -1.911141522714765E-004 
 4.209250596539677E-004  3.898412344048652E-004  4.209250596539621E-004 
-1.911141522714760E-004  4.209250596539628E-004 -4.381743147447792E-005
      </IFC>
    </s_s1_m1_m2_m3.1.2.3.1.1>
    <s_s1_m1_m2_m3.1.2.4.1.1>
      <IFC type="real" size="9" columns="3">
 7.254128815036045E-004  8.658292706114275E-004 -6.423710389534662E-004 
 8.658292706114275E-004  7.254128815036073E-004  6.423710389534632E-004 
-6.423710389534653E-004  6.423710389534621E-004  1.245413816117391E-004
      </IFC>
    </s_s1_m1_m2_m3.1.2.4.1.1>
    <s_s1_m1_m2_m3.1.2.1.2.1>
      <IFC type="real" size="9" columns="3">
-6.482530261040774E-002  4.343471269673987E-002  4.343471269673987E-002 
 4.343471269673987E-002 -6.482530261040774E-002 -4.343471269673987E-002 
 4.343471269673987E-002 -4.343471269673987E-002 -6.482530261040775E-002
      </IFC>
    </s_s1_m1_m2_m3.1.2.1.2.1>
    <s_s1_m1_m2_m3.1.2.2.2.1>
      <IFC type="real" size="9" columns="3">
-3.973231475486267E-004 -9.351874718973312E-004  2.762195572024811E-004 
-9.351874718973312E-004 -4.624176671788560E-003  9.351874718973340E-004 
 2.762195572024813E-004  9.351874718973349E-004 -3.973231475486267E-004
      </IFC>
    </s_s1_m1_m2_m3.1.2.2.2.1>
    <s_s1_m1_m2_m3.1.2.3.2.1>
      <IFC type="real" size="9" columns="3">
-3.973231475486287E-004  9.351874718973373E-004  2.762195572024819E-004 
 9.351874718973377E-004 -4.624176671788559E-003 -9.351874718973342E-004 
 2.762195572024831E-004 -9.351874718973329E-004 -3.973231475486290E-004
      </IFC>
    </s_s1_m1_m2_m3.1.2.3.2.1>
    <s_s1_m1_m2_m3.1.2.4.2.1>
      <IFC type="real" size="9" columns="3">
-6.482530261040775E-002 -4.343471269673987E-002  4.343471269673987E-002 
-4.343471269673987E-002 -6.482530261040775E-002  4.343471269673987E-002 
 4.343471269673987E-002  4.343471269673987E-002 -6.482530261040774E-002
      </IFC>
    </s_s1_m1_m2_m3.1.2.4.2.1>
    <s_s1_m1_m2_m3.1.2.1.3.1>
      <IFC type="real" size="9" columns="3">
-4.624176671788559E-003 -9.351874718973325E-004 -9.351874718973308E-004 
-9.351874718973316E-004 -3.973231475486285E-004 -2.762195572024841E-004 
-9.351874718973299E-004 -2.762195572024815E-004 -3.973231475486224E-004
      </IFC>
    </s_s1_m1_m2_m3.1.2.1.3.1>
    <s_s1_m1_m2_m3.1.2.2.3.1>
      <IFC type="real" size="9" columns="3">
 1.729993175292930E-004  5.197440175512077E-004 -5.197440175512050E-004 
 5.197440175512079E-004  1.729993175292941E-004  5.197440175512037E-004 
-5.197440175512050E-004  5.197440175512028E-004  1.729993175292926E-004
      </IFC>
    </s_s1_m1_m2_m3.1.2.2.3.1>
    <s_s1_m1_m2_m3.1.2.3.3.1>
      <IFC type="real" size="9" columns="3">
-3.973231475486284E-004 -2.762195572024805E-004 -9.351874718973370E-004 
-2.762195572024804E-004 -3.973231475486268E-004 -9.351874718973340E-004 
-9.351874718973365E-004 -9.351874718973342E-004 -4.624176671788561E-003
      </IFC>
    </s_s1_m1_m2_m3.1.2.3.3.1>
    <s_s1_m1_m2_m3.1.2.4.3.1>
      <IFC type="real" size="9" columns="3">
 7.254128815036060E-004  6.423710389534665E-004 -8.658292706114235E-004 
 6.423710389534665E-004  1.245413816117433E-004  6.423710389534653E-004 
-8.658292706114226E-004  6.423710389534655E-004  7.254128815036064E-004
      </IFC>
    </s_s1_m1_m2_m3.1.2.4.3.1>
    <s_s1_m1_m2_m3.1.2.1.4.1>
      <IFC type="real" size="9" columns="3">
-4.624176671788559E-003  9.351874718973361E-004  9.351874718973357E-004 
 9.351874718973362E-004 -3.973231475486311E-004 -2.762195572024829E-004 
 9.351874718973368E-004 -2.762195572024800E-004 -3.973231475486307E-004
      </IFC>
    </s_s1_m1_m2_m3.1.2.1.4.1>
    <s_s1_m1_m2_m3.1.2.2.4.1>
      <IFC type="real" size="9" columns="3">
-3.973231475486270E-004 -2.762195572024828E-004  9.351874718973355E-004 
-2.762195572024815E-004 -3.973231475486306E-004  9.351874718973336E-004 
 9.351874718973353E-004  9.351874718973331E-004 -4.624176671788559E-003
      </IFC>
    </s_s1_m1_m2_m3.1.2.2.4.1>
    <s_s1_m1_m2_m3.1.2.3.4.1>
      <IFC type="real" size="9" columns="3">
-4.381743147447337E-005  1.911141522714782E-004 -4.209250596539688E-004 
 1.911141522714780E-004 -4.381743147447424E-005  4.209250596539612E-004 
-4.209250596539689E-004  4.209250596539613E-004  3.898412344048663E-004
      </IFC>
    </s_s1_m1_m2_m3.1.2.3.4.1>
    <s_s1_m1_m2_m3.1.2.4.4.1>
      <IFC type="real" size="9" columns="3">
 3.898412344048655E-004  4.209250596539649E-004 -4.209250596539657E-004 
 4.209250596539675E-004 -4.381743147447575E-005  1.911141522714776E-004 
-4.209250596539657E-004  1.911141522714750E-004 -4.381743147447402E-005
      </IFC>
    </s_s1_m1_m2_m3.1.2.4.4.1>
    <s_s1_m1_m2_m3.1.2.1.1.2>
      <IFC type="real" size="9" columns="3">
 1.245413816117376E-004 -6.423710389534634E-004  6.423710389534647E-004 
-6.423710389534647E-004  7.254128815036005E-004  8.658292706114237E-004 
 6.423710389534660E-004  8.658292706114259E-004  7.254128815036053E-004
      </IFC>
    </s_s1_m1_m2_m3.1.2.1.1.2>
    <s_s1_m1_m2_m3.1.2.2.1.2>
      <IFC type="real" size="9" columns="3">
 1.227834098118557E-004  1.950669764500933E-005  1.950669764500662E-005 
 1.950669764500890E-005  2.992146233549034E-004  6.310589323616644E-005 
 1.950669764500662E-005  6.310589323616612E-005  2.992146233549034E-004
      </IFC>
    </s_s1_m1_m2_m3.1.2.2.1.2>
    <s_s1_m1_m2_m3.1.2.3.1.2>
      <IFC type="real" size="9" columns="3">
 2.992146233549023E-004  6.310589323616921E-005  1.950669764500630E-005 
 6.310589323616877E-005  2.992146233549021E-004  1.950669764500803E-005 
 1.950669764500695E-005  1.950669764501020E-005  1.227834098118537E-004
      </IFC>
    </s_s1_m1_m2_m3.1.2.3.1.2>
    <s_s1_m1_m2_m3.1.2.4.1.2>
      <IFC type="real" size="9" columns="3">
 7.254128815036049E-004  8.658292706114241E-004  6.423710389534630E-004 
 8.658292706114235E-004  7.254128815036036E-004 -6.423710389534625E-004 
 6.423710389534637E-004 -6.423710389534616E-004  1.245413816117401E-004
      </IFC>
    </s_s1_m1_m2_m3.1.2.4.1.2>
    <s_s1_m1_m2_m3.1.2.1.2.2>
      <IFC type="real" size="9" columns="3">
-3.973231475486241E-004  2.762195572024832E-004 -9.351874718973308E-004 
 2.762195572024832E-004 -3.973231475486311E-004  9.351874718973308E-004 
-9.351874718973308E-004  9.351874718973377E-004 -4.624176671788556E-003
      </IFC>
    </s_s1_m1_m2_m3.1.2.1.2.2>
    <s_s1_m1_m2_m3.1.2.2.2.2>
      <IFC type="real" size="9" columns="3">
 1.729993175292901E-004 -5.197440175512021E-004 -5.197440175512034E-004 
-5.197440175512027E-004  1.729993175292902E-004 -5.197440175512074E-004 
-5.197440175512032E-004 -5.197440175512059E-004  1.729993175292910E-004
      </IFC>
    </s_s1_m1_m2_m3.1.2.2.2.2>
    <s_s1_m1_m2_m3.1.2.3.2.2>
      <IFC type="real" size="9" columns="3">
-4.624176671788564E-003  9.351874718973363E-004 -9.351874718973331E-004 
 9.351874718973360E-004 -3.973231475486279E-004  2.762195572024818E-004 
-9.351874718973327E-004  2.762195572024841E-004 -3.973231475486292E-004
      </IFC>
    </s_s1_m1_m2_m3.1.2.3.2.2>
    <s_s1_m1_m2_m3.1.2.4.2.2>
      <IFC type="real" size="9" columns="3">
 7.254128815036037E-004 -6.423710389534643E-004 -8.658292706114282E-004 
-6.423710389534646E-004  1.245413816117413E-004 -6.423710389534662E-004 
-8.658292706114262E-004 -6.423710389534629E-004  7.254128815036029E-004
      </IFC>
    </s_s1_m1_m2_m3.1.2.4.2.2>
    <s_s1_m1_m2_m3.1.2.1.3.2>
      <IFC type="real" size="9" columns="3">
 1.729993175292903E-004 -5.197440175512048E-004  5.197440175512061E-004 
-5.197440175512035E-004  1.729993175292907E-004  5.197440175512030E-004 
 5.197440175512083E-004  5.197440175512043E-004  1.729993175292920E-004
      </IFC>
    </s_s1_m1_m2_m3.1.2.1.3.2>
    <s_s1_m1_m2_m3.1.2.2.3.2>
      <IFC type="real" size="9" columns="3">
 1.729993175292909E-004  5.197440175512063E-004  5.197440175512060E-004 
 5.197440175512054E-004  1.729993175292917E-004 -5.197440175512061E-004 
 5.197440175512060E-004 -5.197440175512054E-004  1.729993175292916E-004
      </IFC>
    </s_s1_m1_m2_m3.1.2.2.3.2>
    <s_s1_m1_m2_m3.1.2.3.3.2>
      <IFC type="real" size="9" columns="3">
 2.992146233549015E-004 -1.950669764500912E-005 -6.310589323616726E-005 
-1.950669764500825E-005  1.227834098118561E-004  1.950669764500890E-005 
-6.310589323616661E-005  1.950669764501020E-005  2.992146233549049E-004
      </IFC>
    </s_s1_m1_m2_m3.1.2.3.3.2>
    <s_s1_m1_m2_m3.1.2.4.3.2>
      <IFC type="real" size="9" columns="3">
 2.992146233549028E-004  1.950669764501042E-005 -6.310589323616585E-005 
 1.950669764500890E-005  1.227834098118547E-004 -1.950669764500722E-005 
-6.310589323616606E-005 -1.950669764500624E-005  2.992146233549041E-004
      </IFC>
    </s_s1_m1_m2_m3.1.2.4.3.2>
    <s_s1_m1_m2_m3.1.2.1.4.2>
      <IFC type="real" size="9" columns="3">
-3.973231475486311E-004  9.351874718973341E-004 -2.762195572024834E-004 
 9.351874718973340E-004 -4.624176671788559E-003  9.351874718973354E-004 
-2.762195572024824E-004  9.351874718973340E-004 -3.973231475486306E-004
      </IFC>
    </s_s1_m1_m2_m3.1.2.1.4.2>
    <s_s1_m1_m2_m3.1.2.2.4.2>
      <IFC type="real" size="9" columns="3">
 1.227834098118556E-004 -1.950669764500879E-005 -1.950669764500792E-005 
-1.950669764500858E-005  2.992146233549034E-004  6.310589323616764E-005 
-1.950669764500814E-005  6.310589323616839E-005  2.992146233549002E-004
      </IFC>
    </s_s1_m1_m2_m3.1.2.2.4.2>
    <s_s1_m1_m2_m3.1.2.3.4.2>
      <IFC type="real" size="9" columns="3">
 2.547827499840281E-004  2.513449172678225E-005 -2.513449172678191E-005 
 2.513449172678301E-005  2.547827499840260E-004  2.513449172678094E-005 
-2.513449172678105E-005  2.513449172678213E-005  2.547827499840294E-004
      </IFC>
    </s_s1_m1_m2_m3.1.2.3.4.2>
    <s_s1_m1_m2_m3.1.2.4.4.2>
      <IFC type="real" size="9" columns="3">
 2.992146233549013E-004  6.310589323617148E-005 -1.950669764500814E-005 
 6.310589323617127E-005  2.992146233549067E-004 -1.950669764500689E-005 
-1.950669764500879E-005 -1.950669764500765E-005  1.227834098118558E-004
      </IFC>
    </s_s1_m1_m2_m3.1.2.4.4.2>
    <s_s1_m1_m2_m3.1.2.1.1.3>
      <IFC type="real" size="9" columns="3">
-4.381743147447575E-005 -1.911141522714759E-004  4.209250596539649E-004 
-1.911141522714759E-004 -4.381743147448269E-005  4.209250596539649E-004 
 4.209250596539683E-004  4.209250596539614E-004  3.898412344048724E-004
      </IFC>
    </s_s1_m1_m2_m3.1.2.1.1.3>
    <s_s1_m1_m2_m3.1.2.2.1.3>
      <IFC type="real" size="9" columns="3">
 2.992146233549033E-004  1.950669764500684E-005  6.310589323616921E-005 
 1.950669764500749E-005  1.227834098118532E-004  1.950669764501042E-005 
 6.310589323616791E-005  1.950669764500955E-005  2.992146233549036E-004
      </IFC>
    </s_s1_m1_m2_m3.1.2.2.1.3>
    <s_s1_m1_m2_m3.1.2.3.1.3>
      <IFC type="real" size="9" columns="3">
 3.898412344048660E-004  4.209250596539656E-004  4.209250596539638E-004 
 4.209250596539668E-004 -4.381743147447505E-005 -1.911141522714748E-004 
 4.209250596539628E-004 -1.911141522714755E-004 -4.381743147447922E-005
      </IFC>
    </s_s1_m1_m2_m3.1.2.3.1.3>
    <s_s1_m1_m2_m3.1.2.4.1.3>
      <IFC type="real" size="9" columns="3">
 2.364381251299248E-004  1.822743723691746E-006 -1.822743723689469E-006 
 1.822743723691746E-006  2.364381251299259E-004  1.822743723692071E-006 
-1.822743723690337E-006  1.822743723690554E-006  2.364381251299271E-004
      </IFC>
    </s_s1_m1_m2_m3.1.2.4.1.3>
    <s_s1_m1_m2_m3.1.2.1.2.3>
      <IFC type="real" size="9" columns="3">
-3.973231475486311E-004  2.762195572024832E-004  9.351874718973377E-004 
 2.762195572024832E-004 -3.973231475486311E-004 -9.351874718973342E-004 
 9.351874718973377E-004 -9.351874718973308E-004 -4.624176671788556E-003
      </IFC>
    </s_s1_m1_m2_m3.1.2.1.2.3>
    <s_s1_m1_m2_m3.1.2.2.2.3>
      <IFC type="real" size="9" columns="3">
-4.624176671788559E-003 -9.351874718973347E-004  9.351874718973355E-004 
-9.351874718973338E-004 -3.973231475486293E-004  2.762195572024830E-004 
 9.351874718973344E-004  2.762195572024830E-004 -3.973231475486289E-004
      </IFC>
    </s_s1_m1_m2_m3.1.2.2.2.3>
    <s_s1_m1_m2_m3.1.2.3.2.3>
      <IFC type="real" size="9" columns="3">
 3.898412344048674E-004 -4.209250596539647E-004 -4.209250596539666E-004 
-4.209250596539644E-004 -4.381743147447402E-005 -1.911141522714748E-004 
-4.209250596539669E-004 -1.911141522714741E-004 -4.381743147447749E-005
      </IFC>
    </s_s1_m1_m2_m3.1.2.3.2.3>
    <s_s1_m1_m2_m3.1.2.4.2.3>
      <IFC type="real" size="9" columns="3">
-4.381743147447575E-005 -1.911141522714759E-004 -4.209250596539683E-004 
-1.911141522714759E-004 -4.381743147447575E-005 -4.209250596539683E-004 
-4.209250596539649E-004 -4.209250596539649E-004  3.898412344048724E-004
      </IFC>
    </s_s1_m1_m2_m3.1.2.4.2.3>
    <s_s1_m1_m2_m3.1.2.1.3.3>
      <IFC type="real" size="9" columns="3">
-3.973231475486302E-004 -9.351874718973342E-004 -2.762195572024832E-004 
-9.351874718973351E-004 -4.624176671788557E-003 -9.351874718973334E-004 
-2.762195572024841E-004 -9.351874718973325E-004 -3.973231475486293E-004
      </IFC>
    </s_s1_m1_m2_m3.1.2.1.3.3>
    <s_s1_m1_m2_m3.1.2.2.3.3>
      <IFC type="real" size="9" columns="3">
 2.992146233549044E-004 -6.310589323616736E-005 -1.950669764500782E-005 
-6.310589323616671E-005  2.992146233549011E-004  1.950669764501085E-005 
-1.950669764500912E-005  1.950669764500868E-005  1.227834098118550E-004
      </IFC>
    </s_s1_m1_m2_m3.1.2.2.3.3>
    <s_s1_m1_m2_m3.1.2.3.3.3>
      <IFC type="real" size="9" columns="3">
 2.547827499840308E-004 -2.513449172677877E-005 -2.513449172677931E-005 
-2.513449172677758E-005  2.547827499840236E-004 -2.513449172677893E-005 
-2.513449172678029E-005 -2.513449172677871E-005  2.547827499840283E-004
      </IFC>
    </s_s1_m1_m2_m3.1.2.3.3.3>
    <s_s1_m1_m2_m3.1.2.4.3.3>
      <IFC type="real" size="9" columns="3">
 1.227834098118551E-004  1.950669764501074E-005 -1.950669764500695E-005 
 1.950669764501074E-005  2.992146233549031E-004 -6.310589323616530E-005 
-1.950669764500782E-005 -6.310589323616639E-005  2.992146233549036E-004
      </IFC>
    </s_s1_m1_m2_m3.1.2.4.3.3>
    <s_s1_m1_m2_m3.1.2.1.4.3>
      <IFC type="real" size="9" columns="3">
-4.381743147447228E-005 -4.209250596539630E-004  1.911141522714756E-004 
-4.209250596539629E-004  3.898412344048655E-004  4.209250596539617E-004 
 1.911141522714767E-004  4.209250596539647E-004 -4.381743147448058E-005
      </IFC>
    </s_s1_m1_m2_m3.1.2.1.4.3>
    <s_s1_m1_m2_m3.1.2.2.4.3>
      <IFC type="real" size="9" columns="3">
 2.547827499840272E-004 -2.513449172677909E-005  2.513449172678083E-005 
-2.513449172677779E-005  2.547827499840296E-004  2.513449172677974E-005 
 2.513449172677931E-005  2.513449172677844E-005  2.547827499840257E-004
      </IFC>
    </s_s1_m1_m2_m3.1.2.2.4.3>
    <s_s1_m1_m2_m3.1.2.3.4.3>
