<?xml version="1.0"?>
<?iotk version="1.2.0"?>
<?iotk file_version="1.0"?>
<?iotk binary="F"?>
<?iotk qe_syntax="F"?>
<Root>
  <GEOMETRY_INFO>
    <NUMBER_OF_TYPES type="integer" size="1">
         1
    </NUMBER_OF_TYPES>
    <NUMBER_OF_ATOMS type="integer" size="1">
         2
    </NUMBER_OF_ATOMS>
    <BRAVAIS_LATTICE_INDEX type="integer" size="1">
         2
    </BRAVAIS_LATTICE_INDEX>
    <SPIN_COMPONENTS type="integer" size="1">
         1
    </SPIN_COMPONENTS>
    <CELL_DIMENSIONS type="real" size="6">
 1.020000000000000E+001
 0.000000000000000E+000
 0.000000000000000E+000
 0.000000000000000E+000
 0.000000000000000E+000
 0.000000000000000E+000
    </CELL_DIMENSIONS>
    <AT type="real" size="9" columns="3">
-5.000000000000000E-001  0.000000000000000E+000  5.000000000000000E-001 
 0.000000000000000E+000  5.000000000000000E-001  5.000000000000000E-001 
-5.000000000000000E-001  5.000000000000000E-001  0.000000000000000E+000
    </AT>
    <BG type="real" size="9" columns="3">
-1.000000000000000E+000 -1.000000000000000E+000  1.000000000000000E+000 
 1.000000000000000E+000  1.000000000000000E+000  1.000000000000000E+000 
-1.000000000000000E+000  1.000000000000000E+000 -1.000000000000000E+000
    </BG>
    <UNIT_CELL_VOLUME_AU type="real" size="1">
 2.653020000000000E+002
    </UNIT_CELL_VOLUME_AU>
    <TYPE_NAME.1 type="character" size="1" len="3">
Si 
    </TYPE_NAME.1>
    <MASS.1 type="real" size="1">
 2.808600000000000E+001
    </MASS.1>
    <ATOM.1 SPECIES="Si " INDEX="1" TAU="0.000000000000000E+000 0.000000000000000E+000 0.000000000000000E+000"/>
    <ATOM.2 SPECIES="Si " INDEX="1" TAU="2.500000000000000E-001 2.500000000000000E-001 2.500000000000000E-001"/>
    <NUMBER_OF_Q type="integer" size="1">
         6
    </NUMBER_OF_Q>
  </GEOMETRY_INFO>
  <DIELECTRIC_PROPERTIES>
    <EPSILON type="real" size="9" columns="3">
 1.382830217448304E+001  0.000000000000000E+000  3.552713678800501E-015 
-8.881784197001252E-016  1.382830217448303E+001 -8.881784197001252E-016 
-8.881784197001252E-016 -2.664535259100376E-015  1.382830217448303E+001
    </EPSILON>
    <ZSTAR>
      <Z_AT_.1 type="real" size="9" columns="3">
 3.108624468950438E-015  1.554312234475219E-015  1.776356839400250E-015 
 1.554312234475219E-015  1.776356839400250E-015 -2.220446049250313E-016 
 1.554312234475219E-015 -1.110223024625157E-015  2.220446049250313E-015
      </Z_AT_.1>
      <Z_AT_.2 type="real" size="9" columns="3">
-3.108624468950438E-015 -1.554312234475219E-015 -1.776356839400250E-015 
-1.554312234475219E-015 -1.776356839400250E-015  2.220446049250315E-016 
-1.554312234475219E-015  1.110223024625157E-015 -2.220446049250313E-015
      </Z_AT_.2>
    </ZSTAR>
  </DIELECTRIC_PROPERTIES>
  <INTERATOMIC_FORCE_CONSTANTS>
    <MESH_NQ1_NQ2_NQ3 type="integer" size="3" columns="3">
         4          4          4
    </MESH_NQ1_NQ2_NQ3>
    <s_s1_m1_m2_m3.1.1.1.1.1>
      <IFC type="real" size="9" columns="3">
 2.740013102840280E-001  2.276824562219559E-018  2.114194236346734E-018 
 2.276824562219559E-018  2.740013102840280E-001  8.131516293641283E-020 
 2.114194236346734E-018  8.131516293641283E-020  2.740013102840281E-001
      </IFC>
    </s_s1_m1_m2_m3.1.1.1.1.1>
    <s_s1_m1_m2_m3.1.1.2.1.1>
      <IFC type="real" size="9" columns="3">
-3.897901857159494E-003 -2.085618704816699E-003  4.063220708651172E-003 
 2.085618704816694E-003  9.117102487826611E-003 -2.085618704816693E-003 
 4.063220708651172E-003  2.085618704816700E-003 -3.897901857159503E-003
      </IFC>
    </s_s1_m1_m2_m3.1.1.2.1.1>
    <s_s1_m1_m2_m3.1.1.3.1.1>
      <IFC type="real" size="9" columns="3">
 5.765737352509022E-005  9.622294280808852E-019  6.104293897736960E-004 
 9.622294280808852E-019  3.986146530520316E-003  3.144186300207963E-018 
 6.104293897736960E-004  3.144186300207963E-018  5.765737352508848E-005
      </IFC>
    </s_s1_m1_m2_m3.1.1.3.1.1>
    <s_s1_m1_m2_m3.1.1.4.1.1>
      <IFC type="real" size="9" columns="3">
-3.897901857159494E-003  2.085618704816694E-003  4.063220708651172E-003 
-2.085618704816699E-003  9.117102487826611E-003  2.085618704816700E-003 
 4.063220708651172E-003 -2.085618704816693E-003 -3.897901857159503E-003
      </IFC>
    </s_s1_m1_m2_m3.1.1.4.1.1>
    <s_s1_m1_m2_m3.1.1.1.2.1>
      <IFC type="real" size="9" columns="3">
 9.117102487826600E-003  2.085618704816690E-003  2.085618704816694E-003 
-2.085618704816703E-003 -3.897901857159495E-003 -4.063220708651171E-003 
-2.085618704816699E-003 -4.063220708651171E-003 -3.897901857159495E-003
      </IFC>
    </s_s1_m1_m2_m3.1.1.1.2.1>
    <s_s1_m1_m2_m3.1.1.2.2.1>
      <IFC type="real" size="9" columns="3">
-3.607718893561818E-004 -6.234561097872528E-004  2.546835262213294E-004 
-6.234561097872527E-004 -3.607718893561809E-004 -2.546835262213334E-004 
 4.194427215701023E-004 -4.194427215701063E-004  2.619133097638178E-005
      </IFC>
    </s_s1_m1_m2_m3.1.1.2.2.1>
    <s_s1_m1_m2_m3.1.1.3.2.1>
      <IFC type="real" size="9" columns="3">
 2.619133097638525E-005 -4.194427215701148E-004  4.194427215701091E-004 
-2.546835262213420E-004 -3.607718893561748E-004 -6.234561097872575E-004 
 2.546835262213362E-004 -6.234561097872573E-004 -3.607718893561696E-004
      </IFC>
    </s_s1_m1_m2_m3.1.1.3.2.1>
    <s_s1_m1_m2_m3.1.1.4.2.1>
      <IFC type="real" size="9" columns="3">
-3.897901857159500E-003 -4.063220708651165E-003 -2.085618704816702E-003 
-4.063220708651165E-003 -3.897901857159501E-003 -2.085618704816696E-003 
 2.085618704816691E-003  2.085618704816696E-003  9.117102487826609E-003
      </IFC>
    </s_s1_m1_m2_m3.1.1.4.2.1>
    <s_s1_m1_m2_m3.1.1.1.3.1>
      <IFC type="real" size="9" columns="3">
 3.986146530520318E-003  2.046431600566390E-018  3.198396408832238E-018 
 2.046431600566390E-018  5.765737352507461E-005 -6.104293897736907E-004 
 3.198396408832238E-018 -6.104293897736907E-004  5.765737352508155E-005
      </IFC>
    </s_s1_m1_m2_m3.1.1.1.3.1>
    <s_s1_m1_m2_m3.1.1.2.3.1>
      <IFC type="real" size="9" columns="3">
-3.607718893561740E-004 -2.546835262213406E-004  6.234561097872551E-004 
-4.194427215701134E-004  2.619133097638612E-005 -4.194427215701097E-004 
 6.234561097872549E-004 -2.546835262213369E-004 -3.607718893561722E-004
      </IFC>
    </s_s1_m1_m2_m3.1.1.2.3.1>
    <s_s1_m1_m2_m3.1.1.3.3.1>
      <IFC type="real" size="9" columns="3">
 5.765737352509022E-005 -6.104293897736930E-004 -1.734723475976807E-018 
-6.104293897736930E-004  5.765737352509716E-005 -3.523657060577889E-019 
-1.734723475976807E-018 -3.523657060577889E-019  3.986146530520315E-003
      </IFC>
    </s_s1_m1_m2_m3.1.1.3.3.1>
    <s_s1_m1_m2_m3.1.1.4.3.1>
      <IFC type="real" size="9" columns="3">
-3.607718893561740E-004 -4.194427215701134E-004  6.234561097872549E-004 
-2.546835262213406E-004  2.619133097638612E-005 -2.546835262213369E-004 
 6.234561097872551E-004 -4.194427215701097E-004 -3.607718893561722E-004
      </IFC>
    </s_s1_m1_m2_m3.1.1.4.3.1>
    <s_s1_m1_m2_m3.1.1.1.4.1>
      <IFC type="real" size="9" columns="3">
 9.117102487826600E-003 -2.085618704816703E-003 -2.085618704816699E-003 
 2.085618704816690E-003 -3.897901857159495E-003 -4.063220708651171E-003 
 2.085618704816694E-003 -4.063220708651171E-003 -3.897901857159495E-003
      </IFC>
    </s_s1_m1_m2_m3.1.1.1.4.1>
    <s_s1_m1_m2_m3.1.1.2.4.1>
      <IFC type="real" size="9" columns="3">
-3.897901857159500E-003 -4.063220708651165E-003  2.085618704816691E-003 
-4.063220708651165E-003 -3.897901857159501E-003  2.085618704816696E-003 
-2.085618704816702E-003 -2.085618704816696E-003  9.117102487826609E-003
      </IFC>
    </s_s1_m1_m2_m3.1.1.2.4.1>
    <s_s1_m1_m2_m3.1.1.3.4.1>
      <IFC type="real" size="9" columns="3">
 2.619133097638525E-005 -2.546835262213420E-004  2.546835262213362E-004 
-4.194427215701148E-004 -3.607718893561748E-004 -6.234561097872573E-004 
 4.194427215701091E-004 -6.234561097872575E-004 -3.607718893561696E-004
      </IFC>
    </s_s1_m1_m2_m3.1.1.3.4.1>
    <s_s1_m1_m2_m3.1.1.4.4.1>
      <IFC type="real" size="9" columns="3">
-3.607718893561818E-004 -6.234561097872527E-004  4.194427215701023E-004 
-6.234561097872528E-004 -3.607718893561809E-004 -4.194427215701063E-004 
 2.546835262213294E-004 -2.546835262213334E-004  2.619133097638178E-005
      </IFC>
    </s_s1_m1_m2_m3.1.1.4.4.1>
    <s_s1_m1_m2_m3.1.1.1.1.2>
      <IFC type="real" size="9" columns="3">
-3.897901857159505E-003  4.063220708651172E-003 -2.085618704816700E-003 
 4.063220708651172E-003 -3.897901857159491E-003  2.085618704816702E-003 
 2.085618704816692E-003 -2.085618704816690E-003  9.117102487826614E-003
      </IFC>
    </s_s1_m1_m2_m3.1.1.1.1.2>
    <s_s1_m1_m2_m3.1.1.2.1.2>
      <IFC type="real" size="9" columns="3">
 2.619133097637918E-005  4.194427215701096E-004  4.194427215701063E-004 
 2.546835262213368E-004 -3.607718893561809E-004  6.234561097872560E-004 
 2.546835262213333E-004  6.234561097872560E-004 -3.607718893561774E-004
      </IFC>
    </s_s1_m1_m2_m3.1.1.2.1.2>
    <s_s1_m1_m2_m3.1.1.3.1.2>
      <IFC type="real" size="9" columns="3">
-3.607718893561766E-004  6.234561097872548E-004  2.546835262213339E-004 
 6.234561097872548E-004 -3.607718893561748E-004  2.546835262213413E-004 
 4.194427215701068E-004  4.194427215701142E-004  2.619133097638351E-005
      </IFC>
    </s_s1_m1_m2_m3.1.1.3.1.2>
    <s_s1_m1_m2_m3.1.1.4.1.2>
      <IFC type="real" size="9" columns="3">
 9.117102487826607E-003 -2.085618704816698E-003  2.085618704816694E-003 
 2.085618704816695E-003 -3.897901857159501E-003  4.063220708651164E-003 
-2.085618704816699E-003  4.063220708651164E-003 -3.897901857159501E-003
      </IFC>
    </s_s1_m1_m2_m3.1.1.4.1.2>
    <s_s1_m1_m2_m3.1.1.1.2.2>
      <IFC type="real" size="9" columns="3">
-3.607718893561748E-004  2.546835262213370E-004 -6.234561097872540E-004 
 4.194427215701099E-004  2.619133097638698E-005 -4.194427215701033E-004 
-6.234561097872540E-004 -2.546835262213305E-004 -3.607718893561748E-004
      </IFC>
    </s_s1_m1_m2_m3.1.1.1.2.2>
    <s_s1_m1_m2_m3.1.1.2.2.2>
      <IFC type="real" size="9" columns="3">
-2.323761942561956E-004  3.686287386450715E-018  7.047314121155779E-019 
 3.686287386450715E-018 -2.323761942562017E-004 -2.602085213965211E-018 
 7.047314121155779E-019 -2.602085213965211E-018 -2.323761942561904E-004
      </IFC>
    </s_s1_m1_m2_m3.1.1.2.2.2>
    <s_s1_m1_m2_m3.1.1.3.2.2>
      <IFC type="real" size="9" columns="3">
-3.607718893561800E-004 -2.546835262213415E-004 -6.234561097872517E-004 
-4.194427215701143E-004  2.619133097638525E-005  4.194427215701152E-004 
-6.234561097872514E-004  2.546835262213424E-004 -3.607718893561766E-004
      </IFC>
    </s_s1_m1_m2_m3.1.1.3.2.2>
    <s_s1_m1_m2_m3.1.1.4.2.2>
      <IFC type="real" size="9" columns="3">
-4.651558092829480E-004  3.252606517456513E-018 -1.084202172485504E-018 
 3.252606517456513E-018 -2.147984297869174E-004 -4.119968255444917E-018 
-1.084202172485504E-018 -4.119968255444917E-018 -4.651558092829411E-004
      </IFC>
    </s_s1_m1_m2_m3.1.1.4.2.2>
    <s_s1_m1_m2_m3.1.1.1.3.2>
      <IFC type="real" size="9" columns="3">
-3.607718893561818E-004  6.234561097872572E-004 -2.546835262213413E-004 
 6.234561097872572E-004 -3.607718893561748E-004 -2.546835262213355E-004 
-4.194427215701141E-004 -4.194427215701083E-004  2.619133097638698E-005
      </IFC>
    </s_s1_m1_m2_m3.1.1.1.3.2>
    <s_s1_m1_m2_m3.1.1.2.3.2>
      <IFC type="real" size="9" columns="3">
 2.619133097638091E-005 -4.194427215701151E-004 -4.194427215701154E-004 
-2.546835262213423E-004 -3.607718893561774E-004  6.234561097872521E-004 
-2.546835262213427E-004  6.234561097872521E-004 -3.607718893561757E-004
      </IFC>
    </s_s1_m1_m2_m3.1.1.2.3.2>
    <s_s1_m1_m2_m3.1.1.3.3.2>
      <IFC type="real" size="9" columns="3">
-2.361405552466275E-004 -4.771465457881641E-006 -3.004523753460742E-005 
-4.771465457881641E-006 -2.361405552466257E-004  3.004523753460838E-005 
 3.004523753461631E-005 -3.004523753461532E-005 -2.636373431983315E-004
      </IFC>
    </s_s1_m1_m2_m3.1.1.3.3.2>
    <s_s1_m1_m2_m3.1.1.4.3.2>
      <IFC type="real" size="9" columns="3">
-2.636373431983306E-004 -3.004523753461416E-005  3.004523753461139E-005 
 3.004523753460944E-005 -2.361405552466283E-004 -4.771465457875624E-006 
-3.004523753461213E-005 -4.771465457875570E-006 -2.361405552466335E-004
      </IFC>
    </s_s1_m1_m2_m3.1.1.4.3.2>
    <s_s1_m1_m2_m3.1.1.1.4.2>
      <IFC type="real" size="9" columns="3">
-3.897901857159491E-003  2.085618704816698E-003 -4.063220708651163E-003 
-2.085618704816695E-003  9.117102487826607E-003 -2.085618704816692E-003 
-4.063220708651163E-003  2.085618704816701E-003 -3.897901857159505E-003
      </IFC>
    </s_s1_m1_m2_m3.1.1.1.4.2>
    <s_s1_m1_m2_m3.1.1.2.4.2>
      <IFC type="real" size="9" columns="3">
-2.147984297869217E-004  2.818925648462312E-018  3.252606517456513E-018 
 2.818925648462312E-018 -4.651558092829472E-004 -3.469446951953614E-018 
 3.252606517456513E-018 -3.469446951953614E-018 -4.651558092829463E-004
      </IFC>
    </s_s1_m1_m2_m3.1.1.2.4.2>
    <s_s1_m1_m2_m3.1.1.3.4.2>
      <IFC type="real" size="9" columns="3">
-2.361405552466309E-004  3.004523753460887E-005  4.771465457879961E-006 
-3.004523753461482E-005 -2.636373431983297E-004 -3.004523753460595E-005 
 4.771465457879852E-006  3.004523753461771E-005 -2.361405552466413E-004
      </IFC>
    </s_s1_m1_m2_m3.1.1.3.4.2>
    <s_s1_m1_m2_m3.1.1.4.4.2>
      <IFC type="real" size="9" columns="3">
-4.651558092829515E-004 -1.951563910473908E-018  4.174178364069192E-018 
-1.951563910473908E-018 -4.651558092829541E-004 -4.987329993433320E-018 
 4.174178364069192E-018 -4.987329993433320E-018 -2.147984297869148E-004
      </IFC>
    </s_s1_m1_m2_m3.1.1.4.4.2>
    <s_s1_m1_m2_m3.1.1.1.1.3>
      <IFC type="real" size="9" columns="3">
 5.765737352508848E-005  6.104293897736963E-004  2.981555974335137E-018 
 6.104293897736963E-004  5.765737352508848E-005  1.219727444046192E-018 
 2.981555974335137E-018  1.219727444046192E-018  3.986146530520318E-003
      </IFC>
    </s_s1_m1_m2_m3.1.1.1.1.3>
    <s_s1_m1_m2_m3.1.1.2.1.3>
      <IFC type="real" size="9" columns="3">
-3.607718893561757E-004  2.546835262213364E-004  6.234561097872553E-004 
 4.194427215701091E-004  2.619133097638612E-005  4.194427215701151E-004 
 6.234561097872560E-004  2.546835262213422E-004 -3.607718893561618E-004
      </IFC>
    </s_s1_m1_m2_m3.1.1.2.1.3>
    <s_s1_m1_m2_m3.1.1.3.1.3>
      <IFC type="real" size="9" columns="3">
 3.986146530520320E-003  1.856696220381426E-018  3.252606517456513E-018 
 1.856696220381426E-018  5.765737352509022E-005  6.104293897736928E-004 
 3.252606517456513E-018  6.104293897736928E-004  5.765737352508848E-005
      </IFC>
    </s_s1_m1_m2_m3.1.1.3.1.3>
    <s_s1_m1_m2_m3.1.1.4.1.3>
      <IFC type="real" size="9" columns="3">
-3.607718893561757E-004  4.194427215701091E-004  6.234561097872560E-004 
 2.546835262213364E-004  2.619133097638612E-005  2.546835262213422E-004 
 6.234561097872553E-004  4.194427215701151E-004 -3.607718893561618E-004
      </IFC>
    </s_s1_m1_m2_m3.1.1.4.1.3>
    <s_s1_m1_m2_m3.1.1.1.2.3>
      <IFC type="real" size="9" columns="3">
 2.619133097638698E-005  4.194427215701083E-004 -4.194427215701113E-004 
 2.546835262213355E-004 -3.607718893561783E-004 -6.234561097872569E-004 
-2.546835262213383E-004 -6.234561097872569E-004 -3.607718893561714E-004
      </IFC>
    </s_s1_m1_m2_m3.1.1.1.2.3>
    <s_s1_m1_m2_m3.1.1.2.2.3>
      <IFC type="real" size="9" columns="3">
-3.607718893561783E-004 -6.234561097872513E-004 -2.546835262213421E-004 
-6.234561097872514E-004 -3.607718893561774E-004  2.546835262213397E-004 
-4.194427215701150E-004  4.194427215701125E-004  2.619133097637658E-005
      </IFC>
    </s_s1_m1_m2_m3.1.1.2.2.3>
    <s_s1_m1_m2_m3.1.1.3.2.3>
      <IFC type="real" size="9" columns="3">
-2.636373431983263E-004  3.004523753461196E-005  3.004523753461839E-005 
-3.004523753461175E-005 -2.361405552466257E-004  4.771465457882021E-006 
-3.004523753460538E-005  4.771465457881912E-006 -2.361405552466275E-004
      </IFC>
    </s_s1_m1_m2_m3.1.1.3.2.3>
    <s_s1_m1_m2_m3.1.1.4.2.3>
      <IFC type="real" size="9" columns="3">
-2.361405552466309E-004  4.771465457878172E-006 -3.004523753461462E-005 
 4.771465457878172E-006 -2.361405552466283E-004 -3.004523753460920E-005 
 3.004523753460898E-005  3.004523753461440E-005 -2.636373431983349E-004
      </IFC>
    </s_s1_m1_m2_m3.1.1.4.2.3>
    <s_s1_m1_m2_m3.1.1.1.3.3>
      <IFC type="real" size="9" columns="3">
 5.765737352508848E-005 -3.130633773051894E-018 -6.104293897736895E-004 
-3.130633773051894E-018  3.986146530520318E-003 -5.421010862427522E-019 
-6.104293897736895E-004 -5.421010862427522E-019  5.765737352508155E-005
      </IFC>
    </s_s1_m1_m2_m3.1.1.1.3.3>
    <s_s1_m1_m2_m3.1.1.2.3.3>
      <IFC type="real" size="9" columns="3">
-2.361405552466197E-004 -3.004523753461069E-005 -4.771465457876058E-006 
 3.004523753461291E-005 -2.636373431983237E-004 -3.004523753461516E-005 
-4.771465457876004E-006  3.004523753460849E-005 -2.361405552466231E-004
      </IFC>
    </s_s1_m1_m2_m3.1.1.2.3.3>
    <s_s1_m1_m2_m3.1.1.3.3.3>
      <IFC type="real" size="9" columns="3">
-1.813342545295745E-004 -5.095750210681871E-018 -2.602085213965211E-018 
-5.095750210681871E-018 -1.813342545295710E-004  3.821812658011403E-018 
-2.602085213965211E-018  3.821812658011403E-018 -1.813342545295797E-004
      </IFC>
    </s_s1_m1_m2_m3.1.1.3.3.3>
    <s_s1_m1_m2_m3.1.1.4.3.3>
      <IFC type="real" size="9" columns="3">
-2.361405552466197E-004  3.004523753461291E-005 -4.771465457876004E-006 
-3.004523753461069E-005 -2.636373431983237E-004  3.004523753460849E-005 
-4.771465457876058E-006 -3.004523753461516E-005 -2.361405552466231E-004
      </IFC>
    </s_s1_m1_m2_m3.1.1.4.3.3>
    <s_s1_m1_m2_m3.1.1.1.4.3>
      <IFC type="real" size="9" columns="3">
 2.619133097638698E-005  2.546835262213355E-004 -2.546835262213383E-004 
 4.194427215701083E-004 -3.607718893561783E-004 -6.234561097872569E-004 
-4.194427215701113E-004 -6.234561097872569E-004 -3.607718893561714E-004
      </IFC>
    </s_s1_m1_m2_m3.1.1.1.4.3>
    <s_s1_m1_m2_m3.1.1.2.4.3>
      <IFC type="real" size="9" columns="3">
-2.361405552466309E-004  4.771465457878172E-006  3.004523753460898E-005 
 4.771465457878172E-006 -2.361405552466283E-004  3.004523753461440E-005 
-3.004523753461462E-005 -3.004523753460920E-005 -2.636373431983349E-004
      </IFC>
    </s_s1_m1_m2_m3.1.1.2.4.3>
    <s_s1_m1_m2_m3.1.1.3.4.3>
      <IFC type="real" size="9" columns="3">
-2.636373431983263E-004 -3.004523753461175E-005 -3.004523753460538E-005 
 3.004523753461196E-005 -2.361405552466257E-004  4.771465457881912E-006 
 3.004523753461839E-005  4.771465457882021E-006 -2.361405552466275E-004
      </IFC>
    </s_s1_m1_m2_m3.1.1.3.4.3>
    <s_s1_m1_m2_m3.1.1.4.4.3>
      <IFC type="real" size="9" columns="3">
-3.607718893561783E-004 -6.234561097872514E-004 -4.194427215701150E-004 
-6.234561097872513E-004 -3.607718893561774E-004  4.194427215701125E-004 
-2.546835262213421E-004  2.546835262213397E-004  2.619133097637658E-005
      </IFC>
    </s_s1_m1_m2_m3.1.1.4.4.3>
    <s_s1_m1_m2_m3.1.1.1.1.4>
      <IFC type="real" size="9" columns="3">
-3.897901857159505E-003  4.063220708651172E-003  2.085618704816692E-003 
 4.063220708651172E-003 -3.897901857159491E-003 -2.085618704816690E-003 
-2.085618704816700E-003  2.085618704816702E-003  9.117102487826614E-003
      </IFC>
    </s_s1_m1_m2_m3.1.1.1.1.4>
    <s_s1_m1_m2_m3.1.1.2.1.4>
      <IFC type="real" size="9" columns="3">
 9.117102487826607E-003  2.085618704816695E-003 -2.085618704816699E-003 
-2.085618704816698E-003 -3.897901857159501E-003  4.063220708651164E-003 
 2.085618704816694E-003  4.063220708651164E-003 -3.897901857159501E-003
      </IFC>
    </s_s1_m1_m2_m3.1.1.2.1.4>
    <s_s1_m1_m2_m3.1.1.3.1.4>
      <IFC type="real" size="9" columns="3">
-3.607718893561766E-004  6.234561097872548E-004  4.194427215701068E-004 
 6.234561097872548E-004 -3.607718893561748E-004  4.194427215701142E-004 
 2.546835262213339E-004  2.546835262213413E-004  2.619133097638351E-005
      </IFC>
    </s_s1_m1_m2_m3.1.1.3.1.4>
    <s_s1_m1_m2_m3.1.1.4.1.4>
      <IFC type="real" size="9" columns="3">
 2.619133097637918E-005  2.546835262213368E-004  2.546835262213333E-004 
 4.194427215701096E-004 -3.607718893561809E-004  6.234561097872560E-004 
 4.194427215701063E-004  6.234561097872560E-004 -3.607718893561774E-004
      </IFC>
    </s_s1_m1_m2_m3.1.1.4.1.4>
    <s_s1_m1_m2_m3.1.1.1.2.4>
      <IFC type="real" size="9" columns="3">
-3.897901857159491E-003 -2.085618704816695E-003 -4.063220708651163E-003 
 2.085618704816698E-003  9.117102487826607E-003  2.085618704816701E-003 
-4.063220708651163E-003 -2.085618704816692E-003 -3.897901857159505E-003
      </IFC>
    </s_s1_m1_m2_m3.1.1.1.2.4>
    <s_s1_m1_m2_m3.1.1.2.2.4>
      <IFC type="real" size="9" columns="3">
-4.651558092829515E-004 -1.951563910473908E-018  4.174178364069192E-018 
-1.951563910473908E-018 -4.651558092829541E-004 -4.987329993433320E-018 
 4.174178364069192E-018 -4.987329993433320E-018 -2.147984297869148E-004
      </IFC>
    </s_s1_m1_m2_m3.1.1.2.2.4>
    <s_s1_m1_m2_m3.1.1.3.2.4>
      <IFC type="real" size="9" columns="3">
-2.361405552466309E-004 -3.004523753461482E-005  4.771465457879852E-006 
 3.004523753460887E-005 -2.636373431983297E-004  3.004523753461771E-005 
 4.771465457879961E-006 -3.004523753460595E-005 -2.361405552466413E-004
      </IFC>
    </s_s1_m1_m2_m3.1.1.3.2.4>
    <s_s1_m1_m2_m3.1.1.4.2.4>
      <IFC type="real" size="9" columns="3">
-2.147984297869217E-004  2.818925648462312E-018  3.252606517456513E-018 
 2.818925648462312E-018 -4.651558092829472E-004 -3.469446951953614E-018 
 3.252606517456513E-018 -3.469446951953614E-018 -4.651558092829463E-004
      </IFC>
    </s_s1_m1_m2_m3.1.1.4.2.4>
    <s_s1_m1_m2_m3.1.1.1.3.4>
      <IFC type="real" size="9" columns="3">
-3.607718893561818E-004  6.234561097872572E-004 -4.194427215701141E-004 
 6.234561097872572E-004 -3.607718893561748E-004 -4.194427215701083E-004 
-2.546835262213413E-004 -2.546835262213355E-004  2.619133097638698E-005
      </IFC>
    </s_s1_m1_m2_m3.1.1.1.3.4>
    <s_s1_m1_m2_m3.1.1.2.3.4>
      <IFC type="real" size="9" columns="3">
-2.636373431983306E-004  3.004523753460944E-005 -3.004523753461213E-005 
-3.004523753461416E-005 -2.361405552466283E-004 -4.771465457875570E-006 
 3.004523753461139E-005 -4.771465457875624E-006 -2.361405552466335E-004
      </IFC>
    </s_s1_m1_m2_m3.1.1.2.3.4>
    <s_s1_m1_m2_m3.1.1.3.3.4>
      <IFC type="real" size="9" columns="3">
-2.361405552466275E-004 -4.771465457881641E-006  3.004523753461631E-005 
-4.771465457881641E-006 -2.361405552466257E-004 -3.004523753461532E-005 
-3.004523753460742E-005  3.004523753460838E-005 -2.636373431983315E-004
      </IFC>
    </s_s1_m1_m2_m3.1.1.3.3.4>
    <s_s1_m1_m2_m3.1.1.4.3.4>
      <IFC type="real" size="9" columns="3">
 2.619133097638091E-005 -2.546835262213423E-004 -2.546835262213427E-004 
-4.194427215701151E-004 -3.607718893561774E-004  6.234561097872521E-004 
-4.194427215701154E-004  6.234561097872521E-004 -3.607718893561757E-004
      </IFC>
    </s_s1_m1_m2_m3.1.1.4.3.4>
    <s_s1_m1_m2_m3.1.1.1.4.4>
      <IFC type="real" size="9" columns="3">
-3.607718893561748E-004  4.194427215701099E-004 -6.234561097872540E-004 
 2.546835262213370E-004  2.619133097638698E-005 -2.546835262213305E-004 
-6.234561097872540E-004 -4.194427215701033E-004 -3.607718893561748E-004
      </IFC>
    </s_s1_m1_m2_m3.1.1.1.4.4>
    <s_s1_m1_m2_m3.1.1.2.4.4>
      <IFC type="real" size="9" columns="3">
-4.651558092829480E-004  3.252606517456513E-018 -1.084202172485504E-018 
 3.252606517456513E-018 -2.147984297869174E-004 -4.119968255444917E-018 
-1.084202172485504E-018 -4.119968255444917E-018 -4.651558092829411E-004
      </IFC>
    </s_s1_m1_m2_m3.1.1.2.4.4>
    <s_s1_m1_m2_m3.1.1.3.4.4>
      <IFC type="real" size="9" columns="3">
-3.607718893561800E-004 -4.194427215701143E-004 -6.234561097872514E-004 
-2.546835262213415E-004  2.619133097638525E-005  2.546835262213424E-004 
-6.234561097872517E-004  4.194427215701152E-004 -3.607718893561766E-004
      </IFC>
    </s_s1_m1_m2_m3.1.1.3.4.4>
    <s_s1_m1_m2_m3.1.1.4.4.4>
      <IFC type="real" size="9" columns="3">
-2.323761942561956E-004  3.686287386450715E-018  7.047314121155779E-019 
 3.686287386450715E-018 -2.323761942562017E-004 -2.602085213965211E-018 
 7.047314121155779E-019 -2.602085213965211E-018 -2.323761942561904E-004
      </IFC>
    </s_s1_m1_m2_m3.1.1.4.4.4>
    <s_s1_m1_m2_m3.1.2.1.1.1>
      <IFC type="real" size="9" columns="3">
-6.672093491955827E-002 -4.599251118506972E-002 -4.599251118506972E-002 
-4.599251118506972E-002 -6.672093491955829E-002 -4.599251118506972E-002 
-4.599251118506972E-002 -4.599251118506972E-002 -6.672093491955827E-002
      </IFC>
    </s_s1_m1_m2_m3.1.2.1.1.1>
    <s_s1_m1_m2_m3.1.2.2.1.1>
      <IFC type="real" size="9" columns="3">
 1.214529962421166E-004  6.538797545290120E-004 -6.538797545290180E-004 
 6.538797545290140E-004  7.383911484053475E-004  8.532389249371309E-004 
-6.538797545290192E-004  8.532389249371309E-004  7.383911484053511E-004
      </IFC>
    </s_s1_m1_m2_m3.1.2.2.1.1>
    <s_s1_m1_m2_m3.1.2.3.1.1>
      <IFC type="real" size="9" columns="3">
-5.352753233819630E-005  4.306679536679065E-004 -1.869241103134976E-004 
 4.306679536679056E-004  4.018845405122855E-004  4.306679536679030E-004 
-1.869241103134982E-004  4.306679536679024E-004 -5.352753233820178E-005
      </IFC>
    </s_s1_m1_m2_m3.1.2.3.1.1>
    <s_s1_m1_m2_m3.1.2.4.1.1>
      <IFC type="real" size="9" columns="3">
 7.383911484053491E-004  8.532389249371341E-004 -6.538797545290185E-004 
 8.532389249371342E-004  7.383911484053494E-004  6.538797545290180E-004 
-6.538797545290182E-004  6.538797545290185E-004  1.214529962421187E-004
      </IFC>
    </s_s1_m1_m2_m3.1.2.4.1.1>
    <s_s1_m1_m2_m3.1.2.1.2.1>
      <IFC type="real" size="9" columns="3">
-6.672093491955827E-002  4.599251118506972E-002  4.599251118506972E-002 
 4.599251118506972E-002 -6.672093491955827E-002 -4.599251118506972E-002 
 4.599251118506972E-002 -4.599251118506972E-002 -6.672093491955829E-002
      </IFC>
    </s_s1_m1_m2_m3.1.2.1.2.1>
    <s_s1_m1_m2_m3.1.2.2.2.1>
      <IFC type="real" size="9" columns="3">
-4.029210252368591E-004 -9.726638878284528E-004  3.118284348560118E-004 
-9.726638878284543E-004 -4.632310602476763E-003  9.726638878284576E-004 
 3.118284348560128E-004  9.726638878284571E-004 -4.029210252368613E-004
      </IFC>
    </s_s1_m1_m2_m3.1.2.2.2.1>
    <s_s1_m1_m2_m3.1.2.3.2.1>
      <IFC type="real" size="9" columns="3">
-4.029210252368618E-004  9.726638878284578E-004  3.118284348560127E-004 
 9.726638878284579E-004 -4.632310602476761E-003 -9.726638878284574E-004 
 3.118284348560125E-004 -9.726638878284558E-004 -4.029210252368625E-004
      </IFC>
    </s_s1_m1_m2_m3.1.2.3.2.1>
    <s_s1_m1_m2_m3.1.2.4.2.1>
      <IFC type="real" size="9" columns="3">
-6.672093491955829E-002 -4.599251118506972E-002  4.599251118506972E-002 
-4.599251118506972E-002 -6.672093491955827E-002  4.599251118506972E-002 
 4.599251118506972E-002  4.599251118506972E-002 -6.672093491955827E-002
      </IFC>
    </s_s1_m1_m2_m3.1.2.4.2.1>
    <s_s1_m1_m2_m3.1.2.1.3.1>
      <IFC type="real" size="9" columns="3">
-4.632310602476763E-003 -9.726638878284561E-004 -9.726638878284561E-004 
-9.726638878284569E-004 -4.029210252368583E-004 -3.118284348560150E-004 
-9.726638878284569E-004 -3.118284348560150E-004 -4.029210252368617E-004
      </IFC>
    </s_s1_m1_m2_m3.1.2.1.3.1>
    <s_s1_m1_m2_m3.1.2.2.3.1>
      <IFC type="real" size="9" columns="3">
 1.695393983091261E-004  5.137579930080845E-004 -5.137579930080828E-004 
 5.137579930080837E-004  1.695393983091252E-004  5.137579930080804E-004 
-5.137579930080829E-004  5.137579930080799E-004  1.695393983091250E-004
      </IFC>
    </s_s1_m1_m2_m3.1.2.2.3.1>
    <s_s1_m1_m2_m3.1.2.3.3.1>
      <IFC type="real" size="9" columns="3">
-4.029210252368608E-004 -3.118284348560166E-004 -9.726638878284525E-004 
-3.118284348560171E-004 -4.029210252368578E-004 -9.726638878284595E-004 
-9.726638878284523E-004 -9.726638878284596E-004 -4.632310602476764E-003
      </IFC>
    </s_s1_m1_m2_m3.1.2.3.3.1>
    <s_s1_m1_m2_m3.1.2.4.3.1>
      <IFC type="real" size="9" columns="3">
 7.383911484053461E-004  6.538797545290159E-004 -8.532389249371324E-004 
 6.538797545290175E-004  1.214529962421184E-004  6.538797545290211E-004 
-8.532389249371327E-004  6.538797545290215E-004  7.383911484053491E-004
      </IFC>
    </s_s1_m1_m2_m3.1.2.4.3.1>
    <s_s1_m1_m2_m3.1.2.1.4.1>
      <IFC type="real" size="9" columns="3">
-4.632310602476769E-003  9.726638878284540E-004  9.726638878284582E-004 
 9.726638878284548E-004 -4.029210252368641E-004 -3.118284348560134E-004 
 9.726638878284602E-004 -3.118284348560088E-004 -4.029210252368590E-004
      </IFC>
    </s_s1_m1_m2_m3.1.2.1.4.1>
    <s_s1_m1_m2_m3.1.2.2.4.1>
      <IFC type="real" size="9" columns="3">
-4.029210252368611E-004 -3.118284348560139E-004  9.726638878284576E-004 
-3.118284348560146E-004 -4.029210252368663E-004  9.726638878284550E-004 
 9.726638878284595E-004  9.726638878284558E-004 -4.632310602476767E-003
      </IFC>
    </s_s1_m1_m2_m3.1.2.2.4.1>
    <s_s1_m1_m2_m3.1.2.3.4.1>
      <IFC type="real" size="9" columns="3">
-5.352753233819901E-005  1.869241103134914E-004 -4.306679536679078E-004 
 1.869241103134935E-004 -5.352753233820481E-005  4.306679536679023E-004 
-4.306679536679072E-004  4.306679536679025E-004  4.018845405122840E-004
      </IFC>
    </s_s1_m1_m2_m3.1.2.3.4.1>
    <s_s1_m1_m2_m3.1.2.4.4.1>
      <IFC type="real" size="9" columns="3">
 4.018845405122859E-004  4.306679536679042E-004 -4.306679536679060E-004 
 4.306679536679042E-004 -5.352753233820243E-005  1.869241103134951E-004 
-4.306679536679060E-004  1.869241103134968E-004 -5.352753233819722E-005
      </IFC>
    </s_s1_m1_m2_m3.1.2.4.4.1>
    <s_s1_m1_m2_m3.1.2.1.1.2>
      <IFC type="real" size="9" columns="3">
 1.214529962421194E-004 -6.538797545290170E-004  6.538797545290105E-004 
-6.538797545290157E-004  7.383911484053528E-004  8.532389249371287E-004 
 6.538797545290105E-004  8.532389249371304E-004  7.383911484053402E-004
      </IFC>
    </s_s1_m1_m2_m3.1.2.1.1.2>
    <s_s1_m1_m2_m3.1.2.2.1.2>
      <IFC type="real" size="9" columns="3">
 1.168700039932137E-004  1.760514244547357E-005  1.760514244547205E-005 
 1.760514244547433E-005  3.002642667553293E-004  5.960975693813871E-005 
 1.760514244547107E-005  5.960975693813800E-005  3.002642667553289E-004
      </IFC>
    </s_s1_m1_m2_m3.1.2.2.1.2>
    <s_s1_m1_m2_m3.1.2.3.1.2>
      <IFC type="real" size="9" columns="3">
 3.002642667553283E-004  5.960975693814039E-005  1.760514244547595E-005 
 5.960975693814169E-005  3.002642667553307E-004  1.760514244547790E-005 
 1.760514244547508E-005  1.760514244547769E-005  1.168700039932179E-004
      </IFC>
    </s_s1_m1_m2_m3.1.2.3.1.2>
    <s_s1_m1_m2_m3.1.2.4.1.2>
      <IFC type="real" size="9" columns="3">
 7.383911484053487E-004  8.532389249371359E-004  6.538797545290167E-004 
 8.532389249371360E-004  7.383911484053505E-004 -6.538797545290144E-004 
 6.538797545290175E-004 -6.538797545290148E-004  1.214529962421133E-004
      </IFC>
    </s_s1_m1_m2_m3.1.2.4.1.2>
    <s_s1_m1_m2_m3.1.2.1.2.2>
      <IFC type="real" size="9" columns="3">
-4.029210252368617E-004  3.118284348560089E-004 -9.726638878284552E-004 
 3.118284348560089E-004 -4.029210252368548E-004  9.726638878284587E-004 
-9.726638878284552E-004  9.726638878284587E-004 -4.632310602476770E-003
      </IFC>
    </s_s1_m1_m2_m3.1.2.1.2.2>
    <s_s1_m1_m2_m3.1.2.2.2.2>
      <IFC type="real" size="9" columns="3">
 1.695393983091219E-004 -5.137579930080784E-004 -5.137579930080784E-004 
-5.137579930080791E-004  1.695393983091246E-004 -5.137579930080862E-004 
-5.137579930080780E-004 -5.137579930080852E-004  1.695393983091288E-004
      </IFC>
    </s_s1_m1_m2_m3.1.2.2.2.2>
    <s_s1_m1_m2_m3.1.2.3.2.2>
      <IFC type="real" size="9" columns="3">
-4.632310602476768E-003  9.726638878284590E-004 -9.726638878284550E-004 
 9.726638878284571E-004 -4.029210252368611E-004  3.118284348560153E-004 
-9.726638878284550E-004  3.118284348560160E-004 -4.029210252368603E-004
      </IFC>
    </s_s1_m1_m2_m3.1.2.3.2.2>
    <s_s1_m1_m2_m3.1.2.4.2.2>
      <IFC type="real" size="9" columns="3">
 7.383911484053524E-004 -6.538797545290213E-004 -8.532389249371315E-004 
-6.538797545290204E-004  1.214529962421150E-004 -6.538797545290118E-004 
-8.532389249371333E-004 -6.538797545290122E-004  7.383911484053424E-004
      </IFC>
    </s_s1_m1_m2_m3.1.2.4.2.2>
    <s_s1_m1_m2_m3.1.2.1.3.2>
      <IFC type="real" size="9" columns="3">
 1.695393983091233E-004 -5.137579930080821E-004  5.137579930080878E-004 
-5.137579930080817E-004  1.695393983091207E-004  5.137579930080838E-004 
 5.137579930080860E-004  5.137579930080847E-004  1.695393983091281E-004
      </IFC>
    </s_s1_m1_m2_m3.1.2.1.3.2>
    <s_s1_m1_m2_m3.1.2.2.3.2>
      <IFC type="real" size="9" columns="3">
 1.695393983091231E-004  5.137579930080856E-004  5.137579930080858E-004 
 5.137579930080844E-004  1.695393983091234E-004 -5.137579930080860E-004 
 5.137579930080881E-004 -5.137579930080854E-004  1.695393983091242E-004
      </IFC>
    </s_s1_m1_m2_m3.1.2.2.3.2>
    <s_s1_m1_m2_m3.1.2.3.3.2>
      <IFC type="real" size="9" columns="3">
 3.002642667553296E-004 -1.760514244547704E-005 -5.960975693813887E-005 
-1.760514244547704E-005  1.168700039932162E-004  1.760514244547747E-005 
-5.960975693813843E-005  1.760514244547769E-005  3.002642667553281E-004
      </IFC>
    </s_s1_m1_m2_m3.1.2.3.3.2>
    <s_s1_m1_m2_m3.1.2.4.3.2>
      <IFC type="real" size="9" columns="3">
 3.002642667553318E-004  1.760514244547508E-005 -5.960975693813757E-005 
 1.760514244547498E-005  1.168700039932154E-004 -1.760514244547232E-005 
-5.960975693813659E-005 -1.760514244547400E-005  3.002642667553302E-004
      </IFC>
    </s_s1_m1_m2_m3.1.2.4.3.2>
    <s_s1_m1_m2_m3.1.2.1.4.2>
      <IFC type="real" size="9" columns="3">
-4.029210252368596E-004  9.726638878284573E-004 -3.118284348560137E-004 
 9.726638878284574E-004 -4.632310602476768E-003  9.726638878284568E-004 
-3.118284348560126E-004  9.726638878284527E-004 -4.029210252368549E-004
      </IFC>
    </s_s1_m1_m2_m3.1.2.1.4.2>
    <s_s1_m1_m2_m3.1.2.2.4.2>
      <IFC type="real" size="9" columns="3">
 1.168700039932134E-004 -1.760514244547682E-005 -1.760514244547725E-005 
-1.760514244547834E-005  3.002642667553263E-004  5.960975693813751E-005 
-1.760514244547725E-005  5.960975693813909E-005  3.002642667553253E-004
      </IFC>
    </s_s1_m1_m2_m3.1.2.2.4.2>
    <s_s1_m1_m2_m3.1.2.3.4.2>
      <IFC type="real" size="9" columns="3">
 2.557988375932430E-004  1.893743918314887E-005 -1.893743918315329E-005 
 1.893743918315023E-005  2.557988375932417E-004  1.893743918315318E-005 
-1.893743918315286E-005  1.893743918315340E-005  2.557988375932436E-004
      </IFC>
    </s_s1_m1_m2_m3.1.2.3.4.2>
    <s_s1_m1_m2_m3.1.2.4.4.2>
      <IFC type="real" size="9" columns="3">
 3.002642667553297E-004  5.960975693814212E-005 -1.760514244547595E-005 
 5.960975693814212E-005  3.002642667553307E-004 -1.760514244547265E-005 
-1.760514244547595E-005 -1.760514244547183E-005  1.168700039932205E-004
      </IFC>
    </s_s1_m1_m2_m3.1.2.4.4.2>
    <s_s1_m1_m2_m3.1.2.1.1.3>
      <IFC type="real" size="9" columns="3">
-5.352753233820590E-005 -1.869241103134994E-004  4.306679536679077E-004 
-1.869241103134960E-004 -5.352753233819896E-005  4.306679536679077E-004 
 4.306679536679077E-004  4.306679536679042E-004  4.018845405122859E-004
      </IFC>
    </s_s1_m1_m2_m3.1.2.1.1.3>
    <s_s1_m1_m2_m3.1.2.2.1.3>
      <IFC type="real" size="9" columns="3">
 3.002642667553300E-004  1.760514244547292E-005  5.960975693814147E-005 
 1.760514244547498E-005  1.168700039932161E-004  1.760514244547704E-005 
 5.960975693814115E-005  1.760514244547660E-005  3.002642667553298E-004
      </IFC>
    </s_s1_m1_m2_m3.1.2.2.1.3>
    <s_s1_m1_m2_m3.1.2.3.1.3>
      <IFC type="real" size="9" columns="3">
 4.018845405122863E-004  4.306679536679063E-004  4.306679536679059E-004 
 4.306679536679063E-004 -5.352753233819896E-005 -1.869241103134960E-004 
 4.306679536679061E-004 -1.869241103134963E-004 -5.352753233820525E-005
      </IFC>
    </s_s1_m1_m2_m3.1.2.3.1.3>
    <s_s1_m1_m2_m3.1.2.4.1.3>
      <IFC type="real" size="9" columns="3">
 2.486118341422960E-004  1.068506113257716E-005 -1.068506113257412E-005 
 1.068506113257727E-005  2.486118341422933E-004  1.068506113257499E-005 
-1.068506113257380E-005  1.068506113257412E-005  2.486118341422912E-004
      </IFC>
    </s_s1_m1_m2_m3.1.2.4.1.3>
    <s_s1_m1_m2_m3.1.2.1.2.3>
      <IFC type="real" size="9" columns="3">
-4.029210252368617E-004  3.118284348560124E-004  9.726638878284552E-004 
 3.118284348560124E-004 -4.029210252368687E-004 -9.726638878284587E-004 
 9.726638878284552E-004 -9.726638878284587E-004 -4.632310602476767E-003
      </IFC>
    </s_s1_m1_m2_m3.1.2.1.2.3>
    <s_s1_m1_m2_m3.1.2.2.2.3>
      <IFC type="real" size="9" columns="3">
-4.632310602476766E-003 -9.726638878284558E-004  9.726638878284589E-004 
-9.726638878284574E-004 -4.029210252368678E-004  3.118284348560152E-004 
 9.726638878284595E-004  3.118284348560161E-004 -4.029210252368695E-004
      </IFC>
    </s_s1_m1_m2_m3.1.2.2.2.3>
    <s_s1_m1_m2_m3.1.2.3.2.3>
      <IFC type="real" size="9" columns="3">
 4.018845405122877E-004 -4.306679536679070E-004 -4.306679536679080E-004 
-4.306679536679078E-004 -5.352753233820503E-005 -1.869241103134975E-004 
-4.306679536679069E-004 -1.869241103134955E-004 -5.352753233819795E-005
      </IFC>
    </s_s1_m1_m2_m3.1.2.3.2.3>
    <s_s1_m1_m2_m3.1.2.4.2.3>
      <IFC type="real" size="9" columns="3">
-5.352753233819896E-005 -1.869241103134994E-004 -4.306679536679042E-004 
-1.869241103134994E-004 -5.352753233819896E-005 -4.306679536679077E-004 
-4.306679536679042E-004 -4.306679536679077E-004  4.018845405122928E-004
      </IFC>
    </s_s1_m1_m2_m3.1.2.4.2.3>
    <s_s1_m1_m2_m3.1.2.1.3.3>
      <IFC type="real" size="9" columns="3">
-4.029210252368557E-004 -9.726638878284543E-004 -3.118284348560168E-004 
-9.726638878284535E-004 -4.632310602476767E-003 -9.726638878284595E-004 
-3.118284348560159E-004 -9.726638878284613E-004 -4.029210252368617E-004
      </IFC>
    </s_s1_m1_m2_m3.1.2.1.3.3>
    <s_s1_m1_m2_m3.1.2.2.3.3>
      <IFC type="real" size="9" columns="3">
 3.002642667553287E-004 -5.960975693813803E-005 -1.760514244547725E-005 
-5.960975693813873E-005  3.002642667553286E-004  1.760514244547704E-005 
-1.760514244547649E-005  1.760514244547704E-005  1.168700039932148E-004
      </IFC>
    </s_s1_m1_m2_m3.1.2.2.3.3>
    <s_s1_m1_m2_m3.1.2.3.3.3>
      <IFC type="real" size="9" columns="3">
 2.557988375932423E-004 -1.893743918315275E-005 -1.893743918315275E-005 
-1.893743918315231E-005  2.557988375932428E-004 -1.893743918314706E-005 
-1.893743918315340E-005 -1.893743918314776E-005  2.557988375932480E-004
      </IFC>
    </s_s1_m1_m2_m3.1.2.3.3.3>
    <s_s1_m1_m2_m3.1.2.4.3.3>
      <IFC type="real" size="9" columns="3">
 1.168700039932155E-004  1.760514244547335E-005 -1.760514244547725E-005 
 1.760514244547498E-005  3.002642667553288E-004 -5.960975693813974E-005 
-1.760514244547758E-005 -5.960975693813974E-005  3.002642667553274E-004
      </IFC>
    </s_s1_m1_m2_m3.1.2.4.3.3>
    <s_s1_m1_m2_m3.1.2.1.4.3>
      <IFC type="real" size="9" columns="3">
-5.352753233819766E-005 -4.306679536679054E-004  1.869241103134921E-004 
-4.306679536679047E-004  4.018845405122939E-004  4.306679536679032E-004 
 1.869241103134905E-004  4.306679536679061E-004 -5.352753233819622E-005
      </IFC>
    </s_s1_m1_m2_m3.1.2.1.4.3>
    <s_s1_m1_m2_m3.1.2.2.4.3>
      <IFC type="real" size="9" columns="3">
 2.557988375932417E-004 -1.893743918315286E-005  1.893743918314895E-005 
-1.893743918315351E-005  2.557988375932482E-004  1.893743918315199E-005 
 1.893743918314960E-005  1.893743918315156E-005  2.557988375932463E-004
      </IFC>
    </s_s1_m1_m2_m3.1.2.2.4.3>
    <s_s1_m1_m2_m3.1.2.3.4.3>
