<?xml version="1.0" encoding="UTF-8"?>
<Root>
  <GEOMETRY_INFO>
    <NUMBER_OF_TYPES>1</NUMBER_OF_TYPES>
    <NUMBER_OF_ATOMS>2</NUMBER_OF_ATOMS>
    <BRAVAIS_LATTICE_INDEX>2</BRAVAIS_LATTICE_INDEX>
    <SPIN_COMPONENTS>1</SPIN_COMPONENTS>
    <CELL_DIMENSIONS>
   1.020000000000000E+01   0.000000000000000E+00   0.000000000000000E+00
   0.000000000000000E+00   0.000000000000000E+00   0.000000000000000E+00
    </CELL_DIMENSIONS>
    <AT>
  -5.000000000000000E-01   0.000000000000000E+00   5.000000000000000E-01
   0.000000000000000E+00   5.000000000000000E-01   5.000000000000000E-01
  -5.000000000000000E-01   5.000000000000000E-01   0.000000000000000E+00
    </AT>
    <BG>
  -1.000000000000000E+00  -1.000000000000000E+00   1.000000000000000E+00
   1.000000000000000E+00   1.000000000000000E+00   1.000000000000000E+00
  -1.000000000000000E+00   1.000000000000000E+00  -1.000000000000000E+00
    </BG>
    <UNIT_CELL_VOLUME_AU>265.30199999999996</UNIT_CELL_VOLUME_AU>
    <TYPE_NAME.1>Si</TYPE_NAME.1>
    <MASS.1>28.085999999999999</MASS.1>
    <ATOM.1 SPECIES="Si" INDEX="1" TAU="0.0000000000000000 0.0000000000000000 0.0000000000000000"/>
    <ATOM.2 SPECIES="Si" INDEX="1" TAU="0.25000000000000000 0.25000000000000000 0.25000000000000000"/>
    <NUMBER_OF_Q>3</NUMBER_OF_Q>
  </GEOMETRY_INFO>
  <DIELECTRIC_PROPERTIES epsil="true" zstar="true" raman="false">
    <EPSILON>
   1.382824316252631E+01   2.664535259100376E-15  -6.217248937900877E-15
   2.664535259100376E-15   1.382824316252631E+01   2.664535259100376E-15
  -3.552713678800501E-15   6.217248937900877E-15   1.382824316252631E+01
    </EPSILON>
    <ZSTAR>
      <Z_AT_.1>
   8.881784197001252E-16   4.440892098500626E-16   4.440892098500626E-16
   4.440892098500628E-16   8.881784197001252E-16   0.000000000000000E+00
  -4.440892098500628E-16  -2.220446049250313E-16   0.000000000000000E+00
      </Z_AT_.1>
      <Z_AT_.2>
  -8.881784197001252E-16  -4.440892098500624E-16  -4.440892098500628E-16
  -4.440892098500626E-16  -8.881784197001252E-16   0.000000000000000E+00
   4.440892098500626E-16   2.220446049250315E-16   0.000000000000000E+00
      </Z_AT_.2>
    </ZSTAR>
  </DIELECTRIC_PROPERTIES>
  <INTERATOMIC_FORCE_CONSTANTS>
    <MESH_NQ1_NQ2_NQ3>
                 2                 2                 2
    </MESH_NQ1_NQ2_NQ3>
    <s_s1_m1_m2_m3.1.1.1.1.1>
      <IFC>
   2.820238170171845E-01  -2.688821387764051E-17  -2.125036258071589E-17
  -2.688821387764051E-17   2.820238170171846E-01   1.517883041479706E-17
  -2.125036258071589E-17   1.517883041479706E-17   2.820238170171846E-01
      </IFC>
    </s_s1_m1_m2_m3.1.1.1.1.1>
    <s_s1_m1_m2_m3.1.1.2.1.1>
      <IFC>
  -9.712292544930064E-03   1.170938346284345E-17   1.061197187036051E-02
   1.170938346284345E-17   1.781030256736006E-02  -6.071532165918825E-18
   1.061197187036051E-02  -6.071532165918825E-18  -9.712292544930085E-03
      </IFC>
    </s_s1_m1_m2_m3.1.1.2.1.1>
    <s_s1_m1_m2_m3.1.1.1.2.1>
      <IFC>
   1.781030256736008E-02   4.336808689942018E-19   1.734723475976807E-18
   4.336808689942018E-19  -9.712292544930043E-03  -1.061197187036050E-02
   1.734723475976807E-18  -1.061197187036050E-02  -9.712292544930043E-03
      </IFC>
    </s_s1_m1_m2_m3.1.1.1.2.1>
    <s_s1_m1_m2_m3.1.1.2.2.1>
      <IFC>
  -9.712292544930064E-03  -1.061197187036053E-02   1.257674520083185E-17
  -1.061197187036053E-02  -9.712292544930085E-03  -1.344410693882025E-17
   1.257674520083185E-17  -1.344410693882025E-17   1.781030256736006E-02
      </IFC>
    </s_s1_m1_m2_m3.1.1.2.2.1>
    <s_s1_m1_m2_m3.1.1.1.1.2>
      <IFC>
  -9.712292544930057E-03   1.061197187036050E-02   4.770489558936220E-18
   1.061197187036050E-02  -9.712292544930085E-03   4.770489558936220E-18
   4.770489558936220E-18   4.770489558936220E-18   1.781030256736005E-02
      </IFC>
    </s_s1_m1_m2_m3.1.1.1.1.2>
    <s_s1_m1_m2_m3.1.1.2.1.2>
      <IFC>
   1.781030256736007E-02   8.239936510889834E-18   8.673617379884035E-18
   8.239936510889834E-18  -9.712292544930057E-03   1.061197187036052E-02
   8.673617379884035E-18   1.061197187036052E-02  -9.712292544930057E-03
      </IFC>
    </s_s1_m1_m2_m3.1.1.2.1.2>
    <s_s1_m1_m2_m3.1.1.1.2.2>
      <IFC>
  -9.712292544930057E-03   3.903127820947816E-18  -1.061197187036053E-02
   3.903127820947816E-18   1.781030256736006E-02  -1.301042606982605E-17
  -1.061197187036053E-02  -1.301042606982605E-17  -9.712292544930071E-03
      </IFC>
    </s_s1_m1_m2_m3.1.1.1.2.2>
    <s_s1_m1_m2_m3.1.1.2.2.2>
      <IFC>
  -2.753659151503531E-03   4.336808689942018E-18   1.084202172485504E-17
   4.336808689942018E-18  -2.753659151503510E-03  -3.035766082959412E-18
   1.084202172485504E-17  -3.035766082959412E-18  -2.753659151503510E-03
      </IFC>
    </s_s1_m1_m2_m3.1.1.2.2.2>
    <s_s1_m1_m2_m3.1.2.1.1.1>
      <IFC>
  -7.160703224299557E-02  -4.759351782604576E-02  -4.759351782604575E-02
  -4.759351782604576E-02  -7.160703224299556E-02  -4.759351782604575E-02
  -4.759351782604575E-02  -4.759351782604575E-02  -7.160703224299556E-02
      </IFC>
    </s_s1_m1_m2_m3.1.2.1.1.1>
    <s_s1_m1_m2_m3.1.2.2.1.1>
      <IFC>
   2.732684361578853E-03   2.661778814166817E-03  -2.661778814166819E-03
   2.661778814166817E-03   2.732684361578874E-03   2.661778814166821E-03
  -2.661778814166817E-03   2.661778814166821E-03   2.732684361578849E-03
      </IFC>
    </s_s1_m1_m2_m3.1.2.2.1.1>
    <s_s1_m1_m2_m3.1.2.1.2.1>
      <IFC>
  -7.160703224299556E-02   4.759351782604575E-02   4.759351782604576E-02
   4.759351782604575E-02  -7.160703224299553E-02  -4.759351782604575E-02
   4.759351782604576E-02  -4.759351782604575E-02  -7.160703224299556E-02
      </IFC>
    </s_s1_m1_m2_m3.1.2.1.2.1>
    <s_s1_m1_m2_m3.1.2.2.2.1>
      <IFC>
  -7.160703224299556E-02  -4.759351782604576E-02   4.759351782604576E-02
  -4.759351782604576E-02  -7.160703224299556E-02   4.759351782604576E-02
   4.759351782604576E-02   4.759351782604576E-02  -7.160703224299556E-02
      </IFC>
    </s_s1_m1_m2_m3.1.2.2.2.1>
    <s_s1_m1_m2_m3.1.2.1.1.2>
      <IFC>
   2.732684361578849E-03  -2.661778814166817E-03   2.661778814166817E-03
  -2.661778814166817E-03   2.732684361578863E-03   2.661778814166814E-03
   2.661778814166817E-03   2.661778814166814E-03   2.732684361578842E-03
      </IFC>
    </s_s1_m1_m2_m3.1.2.1.1.2>
    <s_s1_m1_m2_m3.1.2.2.1.2>
      <IFC>
   2.732684361578846E-03   2.661778814166814E-03   2.661778814166826E-03
   2.661778814166814E-03   2.732684361578853E-03  -2.661778814166817E-03
   2.661778814166824E-03  -2.661778814166817E-03   2.732684361578849E-03
      </IFC>
    </s_s1_m1_m2_m3.1.2.2.1.2>
    <s_s1_m1_m2_m3.1.2.1.2.2>
      <IFC>
  -7.160703224299556E-02   4.759351782604575E-02  -4.759351782604575E-02
   4.759351782604575E-02  -7.160703224299556E-02   4.759351782604575E-02
  -4.759351782604575E-02   4.759351782604575E-02  -7.160703224299556E-02
      </IFC>
    </s_s1_m1_m2_m3.1.2.1.2.2>
    <s_s1_m1_m2_m3.1.2.2.2.2>
      <IFC>
   2.732684361578856E-03  -2.661778814166821E-03  -2.661778814166817E-03
  -2.661778814166821E-03   2.732684361578870E-03  -2.661778814166821E-03
  -2.661778814166814E-03  -2.661778814166821E-03   2.732684361578849E-03
      </IFC>
    </s_s1_m1_m2_m3.1.2.2.2.2>
    <s_s1_m1_m2_m3.2.1.1.1.1>
      <IFC>
  -7.160703224299557E-02  -4.759351782604576E-02  -4.759351782604575E-02
  -4.759351782604576E-02  -7.160703224299556E-02  -4.759351782604575E-02
  -4.759351782604575E-02  -4.759351782604575E-02  -7.160703224299556E-02
      </IFC>
    </s_s1_m1_m2_m3.2.1.1.1.1>
    <s_s1_m1_m2_m3.2.1.2.1.1>
      <IFC>
   2.732684361578853E-03   2.661778814166817E-03  -2.661778814166817E-03
   2.661778814166817E-03   2.732684361578874E-03   2.661778814166821E-03
  -2.661778814166819E-03   2.661778814166821E-03   2.732684361578849E-03
      </IFC>
    </s_s1_m1_m2_m3.2.1.2.1.1>
    <s_s1_m1_m2_m3.2.1.1.2.1>
      <IFC>
  -7.160703224299556E-02   4.759351782604575E-02   4.759351782604576E-02
   4.759351782604575E-02  -7.160703224299553E-02  -4.759351782604575E-02
   4.759351782604576E-02  -4.759351782604575E-02  -7.160703224299556E-02
      </IFC>
    </s_s1_m1_m2_m3.2.1.1.2.1>
    <s_s1_m1_m2_m3.2.1.2.2.1>
      <IFC>
  -7.160703224299556E-02  -4.759351782604576E-02   4.759351782604576E-02
  -4.759351782604576E-02  -7.160703224299556E-02   4.759351782604576E-02
   4.759351782604576E-02   4.759351782604576E-02  -7.160703224299556E-02
      </IFC>
    </s_s1_m1_m2_m3.2.1.2.2.1>
    <s_s1_m1_m2_m3.2.1.1.1.2>
      <IFC>
   2.732684361578849E-03  -2.661778814166817E-03   2.661778814166817E-03
  -2.661778814166817E-03   2.732684361578863E-03   2.661778814166814E-03
   2.661778814166817E-03   2.661778814166814E-03   2.732684361578842E-03
      </IFC>
    </s_s1_m1_m2_m3.2.1.1.1.2>
    <s_s1_m1_m2_m3.2.1.2.1.2>
      <IFC>
   2.732684361578846E-03   2.661778814166814E-03   2.661778814166824E-03
   2.661778814166814E-03   2.732684361578853E-03  -2.661778814166817E-03
   2.661778814166826E-03  -2.661778814166817E-03   2.732684361578849E-03
      </IFC>
    </s_s1_m1_m2_m3.2.1.2.1.2>
    <s_s1_m1_m2_m3.2.1.1.2.2>
      <IFC>
  -7.160703224299556E-02   4.759351782604575E-02  -4.759351782604575E-02
   4.759351782604575E-02  -7.160703224299556E-02   4.759351782604575E-02
  -4.759351782604575E-02   4.759351782604575E-02  -7.160703224299556E-02
      </IFC>
    </s_s1_m1_m2_m3.2.1.1.2.2>
    <s_s1_m1_m2_m3.2.1.2.2.2>
      <IFC>
   2.732684361578856E-03  -2.661778814166821E-03  -2.661778814166814E-03
  -2.661778814166821E-03   2.732684361578870E-03  -2.661778814166821E-03
  -2.661778814166817E-03  -2.661778814166821E-03   2.732684361578849E-03
      </IFC>
    </s_s1_m1_m2_m3.2.1.2.2.2>
    <s_s1_m1_m2_m3.2.2.1.1.1>
      <IFC>
   2.820238170171846E-01  -1.647987302177967E-17   8.673617379884035E-19
  -1.647987302177967E-17   2.820238170171846E-01   2.818925648462312E-17
   8.673617379884035E-19   2.818925648462312E-17   2.820238170171846E-01
      </IFC>
    </s_s1_m1_m2_m3.2.2.1.1.1>
    <s_s1_m1_m2_m3.2.2.2.1.1>
      <IFC>
  -9.712292544930085E-03   3.035766082959412E-18   1.061197187036049E-02
   3.035766082959412E-18   1.781030256736005E-02   6.071532165918825E-18
   1.061197187036049E-02   6.071532165918825E-18  -9.712292544930112E-03
      </IFC>
    </s_s1_m1_m2_m3.2.2.2.1.1>
    <s_s1_m1_m2_m3.2.2.1.2.1>
      <IFC>
   1.781030256736005E-02   1.431146867680866E-17  -2.341876692568690E-17
   1.431146867680866E-17  -9.712292544930098E-03  -1.061197187036052E-02
  -2.341876692568690E-17  -1.061197187036052E-02  -9.712292544930085E-03
      </IFC>
    </s_s1_m1_m2_m3.2.2.1.2.1>
    <s_s1_m1_m2_m3.2.2.2.2.1>
      <IFC>
  -9.712292544930029E-03  -1.061197187036052E-02   2.688821387764051E-17
  -1.061197187036052E-02  -9.712292544930043E-03  -9.107298248878237E-18
   2.688821387764051E-17  -9.107298248878237E-18   1.781030256736009E-02
      </IFC>
    </s_s1_m1_m2_m3.2.2.2.2.1>
    <s_s1_m1_m2_m3.2.2.1.1.2>
      <IFC>
  -9.712292544930057E-03   1.061197187036051E-02   6.071532165918825E-18
   1.061197187036051E-02  -9.712292544930085E-03   7.372574772901430E-18
   6.071532165918825E-18   7.372574772901430E-18   1.781030256736008E-02
      </IFC>
    </s_s1_m1_m2_m3.2.2.1.1.2>
    <s_s1_m1_m2_m3.2.2.2.1.2>
      <IFC>
   1.781030256736009E-02   6.505213034913027E-18   1.127570259384925E-17
   6.505213034913027E-18  -9.712292544930071E-03   1.061197187036052E-02
   1.127570259384925E-17   1.061197187036052E-02  -9.712292544930057E-03
      </IFC>
    </s_s1_m1_m2_m3.2.2.2.1.2>
    <s_s1_m1_m2_m3.2.2.1.2.2>
      <IFC>
  -9.712292544930057E-03   1.084202172485504E-17  -1.061197187036052E-02
   1.084202172485504E-17   1.781030256736009E-02  -1.127570259384925E-17
  -1.061197187036052E-02  -1.127570259384925E-17  -9.712292544930085E-03
      </IFC>
    </s_s1_m1_m2_m3.2.2.1.2.2>
    <s_s1_m1_m2_m3.2.2.2.2.2>
      <IFC>
  -2.753659151503510E-03   1.647987302177967E-17  -9.540979117872439E-18
   1.647987302177967E-17  -2.753659151503524E-03   4.770489558936220E-18
  -9.540979117872439E-18   4.770489558936220E-18  -2.753659151503510E-03
      </IFC>
    </s_s1_m1_m2_m3.2.2.2.2.2>
  </INTERATOMIC_FORCE_CONSTANTS>
</Root>
