     1.0000000   141.4400087
     1.0235702   142.0298016
     1.0471405   143.7761113
     1.0707107   146.6123599
     1.0942809   150.4355678
     1.1178511   155.1159770
     1.1414214   160.5069343
     1.1649916   166.4532976
     1.1885618   172.7974971
     1.2121320   179.3831842
     1.2357023   186.0569077
     1.2592725   192.6685001
     1.2828427   199.0709208
     1.3064129   205.1203065
     1.3299832   210.6769420
     1.3535534   215.6077585
     1.3800699   220.2555250
     1.4065864   223.8099582
     1.4331029   226.1634015
     1.4596194   227.2579057
     1.4861359   227.0892772
     1.5126524   225.7030949
     1.5391689   223.1838734
     1.5656854   219.6409502
     1.5922019   215.1949620
     1.6187184   209.9673768
     1.6452349   204.0737794
     1.6717514   197.6204077
     1.6982679   190.7029789
     1.7247845   183.4068888
     1.7513010   175.8080949
     1.7778175   167.9742489
     1.8043340   159.9658303
     1.8308505   151.8371608
     1.8573670   143.6372518
     1.8838835   135.4104765
     1.9104000   127.1970772
     1.9369165   119.0335244
     1.9634330   110.9527467
     1.9899495   102.9842494
     2.0164660    95.1541365
     2.0429825    87.4850524
     2.0694990    79.9960538
     2.0960155    72.7024297
     2.1225320    65.6154809
     2.1490485    58.7422797
     2.1755650    52.0854296
     2.2020815    45.6428518
     2.2285980    39.4076260
     2.2551145    33.3679190
     2.2816310    27.5070333
     2.3081475    21.8036068
     2.3346640    16.2319853
     2.3611806    10.7627810
     2.3876971     5.3636118
     2.4142136     0.0000073
 
     1.0000000   407.8822806
     1.0235702   407.7694247
     1.0471405   407.4331824
     1.0707107   406.8805880
     1.0942809   406.1235641
     1.1178511   405.1792192
     1.1414214   404.0702664
     1.1649916   402.8255545
     1.1885618   401.4806928
     1.2121320   400.0787274
     1.2357023   398.6707811
     1.2592725   397.3165103
     1.2828427   396.0841417
     1.3064129   395.0497473
     1.3299832   394.2953336
     1.3535534   393.9053180
     1.3800699   394.0032121
     1.4065864   394.7653177
     1.4331029   396.2621758
     1.4596194   398.5233332
     1.4861359   401.5322336
     1.5126524   405.2293130
     1.5391689   409.5220902
     1.5656854   414.2986515
     1.5922019   419.4406397
     1.6187184   424.8332610
     1.6452349   430.3715953
     1.6717514   435.9636999
     1.6982679   441.5314526
     1.7247845   447.0100458
     1.7513010   452.3468066
     1.7778175   457.4997767
     1.8043340   462.4362877
     1.8308505   467.1316505
     1.8573670   471.5679993
     1.8838835   475.7332929
     1.9104000   479.6204608
     1.9369165   483.2266693
     1.9634330   486.5526879
     1.9899495   489.6023337
     2.0164660   492.3819769
     2.0429825   494.9000924
     2.0694990   497.1668464
     2.0960155   499.1937084
     2.1225320   500.9930834
     2.1490485   502.5779592
     2.1755650   503.9615662
     2.2020815   505.1570504
     2.2285980   506.1771598
     2.2551145   507.0339460
     2.2816310   507.7384859
     2.3081475   508.3006261
     2.3346640   508.7287553
     2.3611806   509.0296104
     2.3876971   509.2081194
     2.4142136   509.2672859
 
