     1.0000000   141.4400087
     1.0235702   141.3990214
     1.0471405   141.2760392
     1.0707107   141.0710011
     1.0942809   140.7838071
     1.1178511   140.4143193
     1.1414214   139.9623647
     1.1649916   139.4277384
     1.1885618   138.8102070
     1.2121320   138.1095135
     1.2357023   137.3253816
     1.2592725   136.4575215
     1.2828427   135.5056360
     1.3064129   134.4694261
     1.3299832   133.3485986
     1.3535534   132.1428724
     1.3800699   130.6846256
     1.4065864   129.1182685
     1.4331029   127.4435276
     1.4596194   125.6602004
     1.4861359   123.7681691
     1.5126524   121.7674140
     1.5391689   119.6580275
     1.5656854   117.4402265
     1.5922019   115.1143651
     1.6187184   112.6809466
     1.6452349   110.1406346
     1.6717514   107.4942634
     1.6982679   104.7428475
     1.7247845   101.8875898
     1.7513010    98.9298894
     1.7778175    95.8713481
     1.8043340    92.7137751
     1.8308505    89.4591915
     1.8573670    86.1098332
     1.8838835    82.6681522
     1.9104000    79.1368175
     1.9369165    75.5187138
     1.9634330    71.8169400
     1.9899495    68.0348056
     2.0164660    64.1758266
     2.0429825    60.2437197
     2.0694990    56.2423959
     2.0960155    52.1759525
     2.1225320    48.0486647
     2.1490485    43.8649756
     2.1755650    39.6294855
     2.2020815    35.3469410
     2.2285980    31.0222219
     2.2551145    26.6603288
     2.2816310    22.2663693
     2.3081475    17.8455436
     2.3346640    13.4031303
     2.3611806     8.9444707
     2.3876971     4.4749537
     2.4142136    -0.0000008
 
