     1.0000000   457.3439158
     1.0235702   457.3840004
     1.0471405   457.5041029
     1.0707107   457.7037703
     1.0942809   457.9822508
     1.1178511   458.3384986
     1.1414214   458.7711808
     1.1649916   459.2786855
     1.1885618   459.8591321
     1.2121320   460.5103831
     1.2357023   461.2300565
     1.2592725   462.0155409
     1.2828427   462.8640104
     1.3064129   463.7724410
     1.3299832   464.7376276
     1.3535534   465.7562017
     1.3800699   466.9615323
     1.4065864   468.2247873
     1.4331029   469.5406026
     1.4596194   470.9034765
     1.4861359   472.3078023
     1.5126524   473.7478993
     1.5391689   475.2180435
     1.5656854   476.7124971
     1.5922019   478.2255357
     1.6187184   479.7514744
     1.6452349   481.2846923
     1.6717514   482.8196545
     1.6982679   484.3509330
     1.7247845   485.8732246
     1.7513010   487.3813680
     1.7778175   488.8703578
     1.8043340   490.3353578
     1.8308505   491.7717113
     1.8573670   493.1749506
     1.8838835   494.5408043
     1.9104000   495.8652030
     1.9369165   497.1442839
     1.9634330   498.3743943
     1.9899495   499.5520927
     2.0164660   500.6741504
     2.0429825   501.7375513
     2.0694990   502.7394908
     2.0960155   503.6773745
     2.1225320   504.5488161
     2.1490485   505.3516353
     2.1755650   506.0838543
     2.2020815   506.7436956
     2.2285980   507.3295788
     2.2551145   507.8401176
     2.2816310   508.2741169
     2.3081475   508.6305706
     2.3346640   508.9086585
     2.3611806   509.1077454
     2.3876971   509.2273782
     2.4142136   509.2672859
 
