     3.2802390   107.6745957
     3.2979166   107.7080640
     3.3155943   107.8089873
     3.3332720   107.9789106
     3.3509496   108.2203722
     3.3686273   108.5368507
     3.3863050   108.9326890
     3.4039827   109.4129989
     3.4216603   109.9835449
     3.4393380   110.6506103
     3.4570157   111.4208456
     3.4746933   112.3011038
     3.4923710   113.2982649
     3.5100487   114.4190538
     3.5277263   115.6698557
     3.5454040   117.0565357
     3.5630817   118.5842651
     3.5807593   120.2573620
     3.5984370   122.0791480
     3.6161147   124.0518268
     3.6337924   126.1763846
     3.6514700   128.4525161
     3.6691477   130.8785729
     3.6868254   133.4515357
     3.7045030   136.1670056
     3.7221807   139.0192116
     3.7398584   142.0010304
     3.7575360   145.1040143
     3.7752137   148.3184213
     3.7928914   151.6332446
     3.8105691   155.0362361
     3.8282467   158.5139198
     3.8459244   162.0515932
     3.8636021   165.6333116
     3.8812797   169.2418551
     3.8989574   172.8586746
     3.9166351   176.4638189
     3.9343127   180.0358399
     3.9519904   183.5516827
     3.9696681   186.9865630
     3.9873457   190.3138430
 
     3.2802390   410.4968914
     3.2979166   410.4785808
     3.3155943   410.4237402
     3.3332720   410.3326391
     3.3509496   410.2057111
     3.3686273   410.0435314
     3.3863050   409.8467861
     3.4039827   409.6162347
     3.4216603   409.3526665
     3.4393380   409.0568523
     3.4570157   408.7294928
     3.4746933   408.3711649
     3.4923710   407.9822669
     3.5100487   407.5629648
     3.5277263   407.1131388
     3.5454040   406.6323340
     3.5630817   406.1197134
     3.5807593   405.5740169
     3.5984370   404.9935252
     3.6161147   404.3760328
     3.6337924   403.7188282
     3.6514700   403.0186873
     3.6691477   402.2718784
     3.6868254   401.4741842
     3.7045030   400.6209422
     3.7221807   399.7071073
     3.7398584   398.7273391
     3.7575360   397.6761172
     3.7752137   396.5478864
     3.7928914   395.3372336
     3.8105691   394.0390952
     3.8282467   392.6489944
     3.8459244   391.1633043
     3.8636021   389.5795306
     3.8812797   387.8966082
     3.8989574   386.1152024
     3.9166351   384.2380074
     3.9343127   382.2700323
     3.9519904   380.2188678
     3.9696681   378.0949244
     3.9873457   375.9116345
 
     3.2802390   485.7332582
     3.2979166   485.7243507
     3.3155943   485.6974677
     3.3332720   485.6521332
     3.3509496   485.5875707
     3.3686273   485.5027274
     3.3863050   485.3963083
     3.4039827   485.2668170
     3.4216603   485.1126048
     3.4393380   484.9319248
     3.4570157   484.7229912
     3.4746933   484.4840420
     3.4923710   484.2134040
     3.5100487   483.9095602
     3.5277263   483.5712163
     3.5454040   483.1973677
     3.5630817   482.7873649
     3.5807593   482.3409764
     3.5984370   481.8584478
     3.6161147   481.3405572
     3.6337924   480.7886633
     3.6514700   480.2047464
     3.6691477   479.5914396
     3.6868254   478.9520475
     3.7045030   478.2905508
     3.7221807   477.6115933
     3.7398584   476.9204498
     3.7575360   476.2229714
     3.7752137   475.5255082
     3.7928914   474.8348080
     3.8105691   474.1578925
     3.8282467   473.5019142
     3.8459244   472.8739987
     3.8636021   472.2810785
     3.8812797   471.7297277
     3.8989574   471.2260059
     3.9166351   470.7753193
     3.9343127   470.3823078
     3.9519904   470.0507636
     3.9696681   469.7835828
     3.9873457   469.5827521
 
