     5.4632696   215.6077585
     5.4750547   215.5772032
     5.4868398   215.4855695
     5.4986250   215.3329531
     5.5104101   215.1195141
     5.5221952   214.8454768
     5.5339803   214.5111304
     5.5457654   214.1168291
     5.5575505   213.6629928
     5.5693356   213.1501075
     5.5811208   212.5787259
     5.5929059   211.9494680
     5.6046910   211.2630211
     5.6164761   210.5201408
     5.6282612   209.7216511
     5.6400463   208.8684441
     5.6518314   207.9614805
     5.6636165   207.0017892
     5.6754017   205.9904668
     5.6871868   204.9286770
     5.6989719   203.8176497
     5.7107570   202.6586795
     5.7225421   201.4531248
     5.7343272   200.2024052
     5.7461123   198.9080001
     5.7578974   197.5714460
     5.7696826   196.1943334
     5.7814677   194.7783048
     5.7932528   193.3250502
     5.8050379   191.8363044
     5.8168230   190.3138430
 
     5.4632696   393.9053180
     5.4750547   393.8806613
     5.4868398   393.8067942
     5.4986250   393.6840247
     5.5104101   393.5128582
     5.5221952   393.2939883
     5.5339803   393.0282819
     5.5457654   392.7167629
     5.5575505   392.3605923
     5.5693356   391.9610467
     5.5811208   391.5194954
     5.5929059   391.0373776
     5.6046910   390.5161783
     5.6164761   389.9574056
     5.6282612   389.3625686
     5.6400463   388.7331558
     5.6518314   388.0706163
     5.6636165   387.3763413
     5.6754017   386.6516482
     5.6871868   385.8977658
     5.6989719   385.1158221
     5.7107570   384.3068327
     5.7225421   383.4716923
     5.7343272   382.6111662
     5.7461123   381.7258849
     5.7578974   380.8163384
     5.7696826   379.8828733
     5.7814677   378.9256904
     5.7932528   377.9448432
     5.8050379   376.9402379
     5.8168230   375.9116345
 
     5.4632696   465.7562017
     5.4750547   465.7653176
     5.4868398   465.7925612
     5.4986250   465.8376222
     5.5104101   465.8999900
     5.5221952   465.9789642
     5.5339803   466.0736673
     5.5457654   466.1830615
     5.5575505   466.3059670
     5.5693356   466.4410829
     5.5811208   466.5870088
     5.5929059   466.7422670
     5.6046910   466.9053248
     5.6164761   467.0746167
     5.6282612   467.2485650
     5.6400463   467.4256003
     5.6518314   467.6041796
     5.6636165   467.7828039
     5.6754017   467.9600330
     5.6871868   468.1345000
     5.6989719   468.3049229
     5.7107570   468.4701155
     5.7225421   468.6289969
     5.7343272   468.7805984
     5.7461123   468.9240710
     5.7578974   469.0586898
     5.7696826   469.1838585
     5.7814677   469.2991124
     5.7932528   469.4041206
     5.8050379   469.4986873
     5.8168230   469.5827521
 
