     5.4632696   132.1428724
     5.4750547   132.2663248
     5.4868398   132.6353946
     5.4986250   133.2462548
     5.5104101   134.0926405
     5.5221952   135.1660106
     5.5339803   136.4557573
     5.5457654   137.9494512
     5.5575505   139.6331052
     5.5693356   141.4914455
     5.5811208   143.5081752
     5.5929059   145.6662221
     5.6046910   147.9479634
     5.6164761   150.3354229
     5.6282612   152.8104408
     5.6400463   155.3548140
     5.6518314   157.9504133
     5.6636165   160.5792772
     5.6754017   163.2236897
     5.6871868   165.8662446
     5.6989719   168.4899019
     5.7107570   171.0780405
     5.7225421   173.6145108
     5.7343272   176.0836904
     5.7461123   178.4705454
     5.7578974   180.7606989
     5.7696826   182.9405073
     5.7814677   184.9971429
     5.7932528   186.9186823
     5.8050379   188.6941971
     5.8168230   190.3138430
 
     5.4632696   368.1917681
     5.4750547   368.1916267
     5.4868398   368.1913032
     5.4986250   368.1910999
     5.5104101   368.1915247
     5.5221952   368.1932945
     5.5339803   368.1973431
     5.5457654   368.2048282
     5.5575505   368.2171417
     5.5693356   368.2359201
     5.5811208   368.2630555
     5.5929059   368.3007081
     5.6046910   368.3513172
     5.6164761   368.4176121
     5.6282612   368.5026210
     5.6400463   368.6096777
     5.6518314   368.7424246
     5.6636165   368.9048110
     5.6754017   369.1010857
     5.6871868   369.3357822
     5.6989719   369.6136955
     5.7107570   369.9398491
     5.7225421   370.3194512
     5.7343272   370.7578390
     5.7461123   371.2604110
     5.7578974   371.8325479
     5.7696826   372.4795212
     5.7814677   373.2063937
     5.7932528   374.0179124
     5.8050379   374.9183978
     5.8168230   375.9116345
 
     5.4632696   473.4878975
     5.4750547   473.4796843
     5.4868398   473.4551094
     5.4986250   473.4143659
     5.5104101   473.3577742
     5.5221952   473.2857796
     5.5339803   473.1989489
     5.5457654   473.0979663
     5.5575505   472.9836283
     5.5693356   472.8568376
     5.5811208   472.7185966
     5.5929059   472.5699998
     5.6046910   472.4122251
     5.6164761   472.2465254
     5.6282612   472.0742185
     5.6400463   471.8966774
     5.6518314   471.7153197
     5.6636165   471.5315968
     5.6754017   471.3469827
     5.6871868   471.1629629
     5.6989719   470.9810236
     5.7107570   470.8026405
     5.7225421   470.6292683
     5.7343272   470.4623301
     5.7461123   470.3032084
     5.7578974   470.1532354
     5.7696826   470.0136850
     5.7814677   469.8857653
     5.7932528   469.7706119
     5.8050379   469.6692826
     5.8168230   469.5827521
 
