     3.9873457   190.3138430
     4.0123457   190.0083726
     4.0373457   189.1008442
     4.0623457   187.6173294
     4.0873457   185.5994785
     4.1123457   183.1021968
     4.1373457   180.1910120
     4.1623457   176.9395071
     4.1873457   173.4270753
     4.2123457   169.7371055
     4.2373457   165.9555747
     4.2623457   162.1699308
     4.2873457   158.4680938
     4.3123457   154.9373875
     4.3373457   151.6632279
     4.3623457   148.7274322
     4.3873457   146.2060873
     4.4123457   144.1670163
     4.4373457   142.6670017
     4.4623457   141.7490430
     4.4873457   141.4400087
 
     3.9873457   190.3138430
     4.0123457   190.0083726
     4.0373457   189.1008442
     4.0623457   187.6173294
     4.0873457   185.5994785
     4.1123457   183.1021968
     4.1373457   180.1910120
     4.1623457   176.9395071
     4.1873457   173.4270753
     4.2123457   169.7371055
     4.2373457   165.9555747
     4.2623457   162.1699308
     4.2873457   158.4680938
     4.3123457   154.9373875
     4.3373457   151.6632279
     4.3623457   148.7274322
     4.3873457   146.2060873
     4.4123457   144.1670163
     4.4373457   142.6670017
     4.4623457   141.7490430
     4.4873457   141.4400087
 
     3.9873457   375.9116345
     4.0123457   376.1151468
     4.0373457   376.7189278
     4.0623457   377.7032830
     4.0873457   379.0371754
     4.1123457   380.6805174
     4.1373457   382.5867364
     4.1623457   384.7052180
     4.1873457   386.9833365
     4.2123457   389.3679205
     4.2373457   391.8061255
     4.2623457   394.2457690
     4.2873457   396.6352489
     4.3123457   398.9232069
     4.3373457   401.0581487
     4.3623457   402.9883023
     4.3873457   404.6620707
     4.4123457   406.0294708
     4.4373457   407.0448411
     4.4623457   407.6707338
     4.4873457   407.8822806
 
     3.9873457   375.9116345
     4.0123457   376.1151468
     4.0373457   376.7189278
     4.0623457   377.7032830
     4.0873457   379.0371754
     4.1123457   380.6805174
     4.1373457   382.5867364
     4.1623457   384.7052180
     4.1873457   386.9833365
     4.2123457   389.3679205
     4.2373457   391.8061255
     4.2623457   394.2457690
     4.2873457   396.6352489
     4.3123457   398.9232069
     4.3373457   401.0581487
     4.3623457   402.9883023
     4.3873457   404.6620707
     4.4123457   406.0294708
     4.4373457   407.0448411
     4.4623457   407.6707338
     4.4873457   407.8822806
 
     3.9873457   469.5827521
     4.0123457   469.5271034
     4.0373457   469.3606429
     4.0623457   469.0848457
     4.0873457   468.7022331
     4.1123457   468.2164691
     4.1373457   467.6325030
     4.1623457   466.9567641
     4.1873457   466.1974151
     4.2123457   465.3646719
     4.2373457   464.4711937
     4.2623457   463.5325360
     4.2873457   462.5676434
     4.3123457   461.5993204
     4.3373457   460.6545584
     4.3623457   459.7645175
     4.3873457   458.9638587
     4.4123457   458.2890797
     4.4373457   457.7755958
     4.4623457   457.4536703
     4.4873457   457.3439158
 
     3.9873457   469.5827521
     4.0123457   469.5271034
     4.0373457   469.3606429
     4.0623457   469.0848457
     4.0873457   468.7022331
     4.1123457   468.2164691
     4.1373457   467.6325030
     4.1623457   466.9567641
     4.1873457   466.1974151
     4.2123457   465.3646719
     4.2373457   464.4711937
     4.2623457   463.5325360
     4.2873457   462.5676434
     4.3123457   461.5993204
     4.3373457   460.6545584
     4.3623457   459.7645175
     4.3873457   458.9638587
     4.4123457   458.2890797
     4.4373457   457.7755958
     4.4623457   457.4536703
     4.4873457   457.3439158
 
