     0.0000000   509.2672859
     0.0250000   509.2399054
     0.0500000   509.1572823
     0.0750000   509.0179791
     0.1000000   508.8196211
     0.1250000   508.5589270
     0.1500000   508.2317524
     0.1750000   507.8331427
     0.2000000   507.3573962
     0.2250000   506.7981357
     0.2500000   506.1483872
     0.2750000   505.4006638
     0.3000000   504.5470540
     0.3250000   503.5793129
     0.3500000   502.4889543
     0.3750000   501.2673419
     0.4000000   499.9057801
     0.4250000   498.3956005
     0.4500000   496.7282448
     0.4750000   494.8953434
     0.5000000   492.8887867
     0.5250000   490.7007906
     0.5500000   488.3239548
     0.5750000   485.7513135
     0.6000000   482.9763777
     0.6250000   479.9931710
     0.6500000   476.7962557
     0.6750000   473.3807531
     0.7000000   469.7423548
     0.7250000   465.8773283
     0.7500000   461.7825149
     0.7750000   457.4553223
     0.8000000   452.8937115
     0.8250000   448.0961789
     0.8500000   443.0617344
     0.8750000   437.7898758
     0.9000000   432.2805609
     0.9250000   426.5341773
     0.9500000   420.5515115
     0.9750000   414.3337166
     1.0000000   407.8822806
 
