     0.0000000     0.0000080
     0.0250000    12.2985801
     0.0500000    24.5876274
     0.0750000    36.8576410
     0.1000000    49.0991831
     0.1250000    61.3029094
     0.1500000    73.4595985
     0.1750000    85.5601796
     0.2000000    97.5957578
     0.2250000   109.5576377
     0.2500000   121.4373438
     0.2750000   133.2266388
     0.3000000   144.9175379
     0.3250000   156.5023210
     0.3500000   167.9735412
     0.3750000   179.3240300
     0.4000000   190.5468997
     0.4250000   201.6355422
     0.4500000   212.5836262
     0.4750000   223.3850899
     0.5000000   234.0341333
     0.5250000   244.5252072
     0.5500000   254.8530014
     0.5750000   265.0124311
     0.6000000   274.9986229
     0.6250000   284.8069010
     0.6500000   294.4327725
     0.6750000   303.8719144
     0.7000000   313.1201615
     0.7250000   322.1734955
     0.7500000   331.0280369
     0.7750000   339.6800386
     0.8000000   348.1258826
     0.8250000   356.3620799
     0.8500000   364.3852732
     0.8750000   372.1922434
     0.9000000   379.7799196
     0.9250000   387.1453919
     0.9500000   394.2859285
     0.9750000   401.1989957
     1.0000000   407.8822806
 
