     4.8508972   107.6745957
     4.8662065   107.6996586
     4.8815158   107.7747778
     4.8968251   107.8997442
     4.9121344   108.0742087
     4.9274437   108.2976809
     4.9427531   108.5695274
     4.9580624   108.8889704
     4.9733717   109.2550849
     4.9886810   109.6667967
     5.0039903   110.1228800
     5.0192996   110.6219547
     5.0346089   111.1624843
     5.0499182   111.7427736
     5.0652275   112.3609672
     5.0805368   113.0150477
     5.0958462   113.7028354
     5.1111555   114.4219877
     5.1264648   115.1699999
     5.1417741   115.9442068
     5.1570834   116.7417843
     5.1723927   117.5597536
     5.1877020   118.3949848
     5.2030113   119.2442028
     5.2183206   120.1039935
     5.2336300   120.9708117
     5.2489393   121.8409905
     5.2642486   122.7107507
     5.2795579   123.5762132
     5.2948672   124.4334111
     5.3101765   125.2783041
     5.3254858   126.1067935
     5.3407951   126.9147389
     5.3561044   127.6979755
     5.3714138   128.4523331
     5.3867231   129.1736554
     5.4020324   129.8578203
     5.4173417   130.5007616
     5.4326510   131.0984903
     5.4479603   131.6471166
     5.4632696   132.1428724
 
     4.8508972   485.7332582
     4.8662065   485.7124458
     4.8815158   485.6500742
     4.8968251   485.5463407
     4.9121344   485.4015743
     4.9274437   485.2162351
     4.9427531   484.9909145
     4.9580624   484.7263351
     4.9733717   484.4233500
     4.9886810   484.0829427
     5.0039903   483.7062268
     5.0192996   483.2944450
     5.0346089   482.8489682
     5.0499182   482.3712954
     5.0652275   481.8630514
     5.0805368   481.3259860
     5.0958462   480.7619723
     5.1111555   480.1730043
     5.1264648   479.5611944
     5.1417741   478.9287709
     5.1570834   478.2780742
     5.1723927   477.6115528
     5.1877020   476.9317592
     5.2030113   476.2413440
     5.2183206   475.5430506
     5.2336300   474.8397078
     5.2489393   474.1342230
     5.2642486   473.4295730
     5.2795579   472.7287950
     5.2948672   472.0349762
     5.3101765   471.3512425
     5.3254858   470.6807458
     5.3407951   470.0266509
     5.3561044   469.3921214
     5.3714138   468.7803038
     5.3867231   468.1943115
     5.4020324   467.6372083
     5.4173417   467.1119899
     5.4326510   466.6215662
     5.4479603   466.1687428
     5.4632696   465.7562017
 
