     2.4142136     0.0000080
     2.4358642    11.0075427
     2.4575148    22.0117355
     2.4791655    33.0091929
     2.5008161    43.9964587
     2.5224667    54.9699718
     2.5441174    65.9260347
     2.5657680    76.8607833
     2.5874186    87.7701598
     2.6090693    98.6498890
     2.6307199   109.4954574
     2.6523705   120.3020964
     2.6740212   131.0647681
     2.6956718   141.7781559
     2.7173225   152.4366570
     2.7389731   163.0343789
     2.7606237   173.5651378
     2.7822744   184.0224587
     2.8039250   194.3995767
     2.8255756   204.6894377
     2.8472263   214.8846972
     2.8688769   224.9777155
     2.8905275   234.9605452
     2.9121782   244.8249091
     2.9338288   254.5621607
     2.9554794   264.1632196
     2.9771301   273.6184706
     2.9987807   282.9176039
     3.0204313   292.0493674
     3.0420820   301.0011777
     3.0637326   309.7585019
     3.0853833   318.3038532
     3.1070339   326.6151142
     3.1286845   334.6626440
     3.1503352   342.4040850
     3.1719858   349.7746462
     3.1936364   356.6682091
     3.2152871   362.8999616
     3.2369377   368.1368692
     3.2585883   371.8078079
     3.2802390   373.1649899
 
     2.4142136   509.2672859
     2.4358642   509.2215758
     2.4575148   509.0841139
     2.4791655   508.8539096
     2.5008161   508.5293255
     2.5224667   508.1080975
     2.5441174   507.5873623
     2.5657680   506.9636927
     2.5874186   506.2331383
     2.6090693   505.3912731
     2.6307199   504.4332478
     2.6523705   503.3538468
     2.6740212   502.1475484
     2.6956718   500.8085890
     2.7173225   499.3310290
     2.7389731   497.7088205
     2.7606237   495.9358768
     2.7822744   494.0061437
     2.8039250   491.9136706
     2.8255756   489.6526847
     2.8472263   487.2176669
     2.8688769   484.6034318
     2.8905275   481.8052133
     2.9121782   478.8187597
     2.9338288   475.6404435
     2.9554794   472.2673934
     2.9771301   468.6976613
     2.9987807   464.9304434
     3.0204313   460.9663863
     3.0420820   456.8080316
     3.0637326   452.4604843
     3.0853833   447.9324655
     3.1070339   443.2380309
     3.1286845   438.3995040
     3.1503352   433.4527036
     3.1719858   428.4566914
     3.1936364   423.5126934
     3.2152871   418.8014874
     3.2369377   414.6529513
     3.2585883   411.6359445
     3.2802390   410.4968914
 
