     2.4142136    -0.0000021
     2.4358642     3.9087197
     2.4575148     7.8140826
     2.4791655    11.7127072
     2.5008161    15.6011623
     2.5224667    19.4759432
     2.5441174    23.3334480
     2.5657680    27.1699559
     2.5874186    30.9816056
     2.6090693    34.7643763
     2.6307199    38.5140702
     2.6523705    42.2262967
     2.6740212    45.8964594
     2.6956718    49.5197458
     2.7173225    53.0911194
     2.7389731    56.6053153
     2.7606237    60.0568394
     2.7822744    63.4399705
     2.8039250    66.7487672
     2.8255756    69.9770785
     2.8472263    73.1185589
     2.8688769    76.1666884
     2.8905275    79.1147963
     2.9121782    81.9560914
     2.9338288    84.6836961
     2.9554794    87.2906855
     2.9771301    89.7701317
     2.9987807    92.1151524
     3.0204313    94.3189637
     3.0420820    96.3749369
     3.0637326    98.2766575
     3.0853833   100.0179873
     3.1070339   101.5931267
     3.1286845   102.9966779
     3.1503352   104.2237057
     3.1719858   105.2697964
     3.1936364   106.1311127
     3.2152871   106.8044422
     3.2369377   107.2872401
     3.2585883   107.5776633
     3.2802390   107.6745957
 
     2.4142136     0.0000050
     2.4358642     3.9087197
     2.4575148     7.8140826
     2.4791655    11.7127072
     2.5008161    15.6011623
     2.5224667    19.4759432
     2.5441174    23.3334480
     2.5657680    27.1699559
     2.5874186    30.9816056
     2.6090693    34.7643763
     2.6307199    38.5140702
     2.6523705    42.2262967
     2.6740212    45.8964594
     2.6956718    49.5197458
     2.7173225    53.0911194
     2.7389731    56.6053153
     2.7606237    60.0568394
     2.7822744    63.4399705
     2.8039250    66.7487672
     2.8255756    69.9770785
     2.8472263    73.1185589
     2.8688769    76.1666884
     2.8905275    79.1147963
     2.9121782    81.9560914
     2.9338288    84.6836961
     2.9554794    87.2906855
     2.9771301    89.7701317
     2.9987807    92.1151524
     3.0204313    94.3189637
     3.0420820    96.3749369
     3.0637326    98.2766575
     3.0853833   100.0179873
     3.1070339   101.5931267
     3.1286845   102.9966779
     3.1503352   104.2237057
     3.1719858   105.2697964
     3.1936364   106.1311127
     3.2152871   106.8044422
     3.2369377   107.2872401
     3.2585883   107.5776633
     3.2802390   107.6745957
 
     2.4142136   509.2672859
     2.4358642   509.2343939
     2.4575148   509.1358670
     2.4791655   508.9721525
     2.5008161   508.7439964
     2.5224667   508.4524433
     2.5441174   508.0988371
     2.5657680   507.6848209
     2.5874186   507.2123376
     2.6090693   506.6836293
     2.6307199   506.1012372
     2.6523705   505.4680001
     2.6740212   504.7870526
     2.6956718   504.0618222
     2.7173225   503.2960250
     2.7389731   502.4936599
     2.7606237   501.6590011
     2.7822744   500.7965882
     2.8039250   499.9112141
     2.8255756   499.0079102
     2.8472263   498.0919282
     2.8688769   497.1687187
     2.8905275   496.2439061
     2.9121782   495.3232598
     2.9338288   494.4126612
     2.9554794   493.5180660
     2.9771301   492.6454637
     2.9987807   491.8008318
     3.0204313   490.9900864
     3.0420820   490.2190302
     3.0637326   489.4932971
     3.0853833   488.8182948
     3.1070339   488.1991464
     3.1286845   487.6406317
     3.1503352   487.1471301
     3.1719858   486.7225655
     3.1936364   486.3703548
     3.2152871   486.0933623
     3.2369377   485.8938592
     3.2585883   485.7734920
     3.2802390   485.7332582
 
     2.4142136   509.2672859
     2.4358642   509.2343939
     2.4575148   509.1358670
     2.4791655   508.9721525
     2.5008161   508.7439964
     2.5224667   508.4524433
     2.5441174   508.0988371
     2.5657680   507.6848209
     2.5874186   507.2123376
     2.6090693   506.6836293
     2.6307199   506.1012372
     2.6523705   505.4680001
     2.6740212   504.7870526
     2.6956718   504.0618222
     2.7173225   503.2960250
     2.7389731   502.4936599
     2.7606237   501.6590011
     2.7822744   500.7965882
     2.8039250   499.9112141
     2.8255756   499.0079102
     2.8472263   498.0919282
     2.8688769   497.1687187
     2.8905275   496.2439061
     2.9121782   495.3232598
     2.9338288   494.4126612
     2.9554794   493.5180660
     2.9771301   492.6454637
     2.9987807   491.8008318
     3.0204313   490.9900864
     3.0420820   490.2190302
     3.0637326   489.4932971
     3.0853833   488.8182948
     3.1070339   488.1991464
     3.1286845   487.6406317
     3.1503352   487.1471301
     3.1719858   486.7225655
     3.1936364   486.3703548
     3.2152871   486.0933623
     3.2369377   485.8938592
     3.2585883   485.7734920
     3.2802390   485.7332582
 
