     0.0000000    -0.0000021
     0.0250000     5.0503647
     0.0500000    10.0954816
     0.0750000    15.1301222
     0.1000000    20.1490951
     0.1250000    25.1472625
     0.1500000    30.1195519
     0.1750000    35.0609642
     0.2000000    39.9665762
     0.2250000    44.8315370
     0.2500000    49.6510569
     0.2750000    54.4203894
     0.3000000    59.1348055
     0.3250000    63.7895595
     0.3500000    68.3798477
     0.3750000    72.9007594
     0.4000000    77.3472218
     0.4250000    81.7139391
     0.4500000    85.9953281
     0.4750000    90.1854514
     0.5000000    94.2779508
     0.5250000    98.2659841
     0.5500000   102.1421675
     0.5750000   105.8985272
     0.6000000   109.5264647
     0.6250000   113.0167393
     0.6500000   116.3594715
     0.6750000   119.5441723
     0.7000000   122.5598014
     0.7250000   125.3948575
     0.7500000   128.0375035
     0.7750000   130.4757259
     0.8000000   132.6975286
     0.8250000   134.6911579
     0.8500000   136.4453509
     0.8750000   137.9496016
     0.9000000   139.1944320
     0.9250000   140.1716550
     0.9500000   140.8746176
     0.9750000   141.2984069
     1.0000000   141.4400087
 
     0.0000000     0.0000050
     0.0250000     5.0503647
     0.0500000    10.0954816
     0.0750000    15.1301222
     0.1000000    20.1490951
     0.1250000    25.1472625
     0.1500000    30.1195519
     0.1750000    35.0609642
     0.2000000    39.9665762
     0.2250000    44.8315370
     0.2500000    49.6510569
     0.2750000    54.4203894
     0.3000000    59.1348055
     0.3250000    63.7895595
     0.3500000    68.3798477
     0.3750000    72.9007594
     0.4000000    77.3472218
     0.4250000    81.7139391
     0.4500000    85.9953281
     0.4750000    90.1854514
     0.5000000    94.2779508
     0.5250000    98.2659841
     0.5500000   102.1421675
     0.5750000   105.8985272
     0.6000000   109.5264647
     0.6250000   113.0167393
     0.6500000   116.3594715
     0.6750000   119.5441723
     0.7000000   122.5598014
     0.7250000   125.3948575
     0.7500000   128.0375035
     0.7750000   130.4757259
     0.8000000   132.6975286
     0.8250000   134.6911579
     0.8500000   136.4453509
     0.8750000   137.9496016
     0.9000000   139.1944320
     0.9250000   140.1716550
     0.9500000   140.8746176
     0.9750000   141.2984069
     1.0000000   141.4400087
 
     0.0000000   509.2672859
     0.0250000   509.2066364
     0.0500000   509.0247822
     0.0750000   508.7220101
     0.1000000   508.2988110
     0.1250000   507.7558992
     0.1500000   507.0942379
     0.1750000   506.3150728
     0.2000000   505.4199708
     0.2250000   504.4108651
     0.2500000   503.2901044
     0.2750000   502.0605059
     0.3000000   500.7254123
     0.3250000   499.2887494
     0.3500000   497.7550854
     0.3750000   496.1296889
     0.4000000   494.4185857
     0.4250000   492.6286117
     0.4500000   490.7674609
     0.4750000   488.8437266
     0.5000000   486.8669340
     0.5250000   484.8475611
     0.5500000   482.7970472
     0.5750000   480.7277841
     0.6000000   478.6530902
     0.6250000   476.5871613
     0.6500000   474.5449981
     0.6750000   472.5423050
     0.7000000   470.5953601
     0.7250000   468.7208525
     0.7500000   466.9356867
     0.7750000   465.2567549
     0.8000000   463.7006782
     0.8250000   462.2835216
     0.8500000   461.0204888
     0.8750000   459.9256065
     0.9000000   459.0114091
     0.9250000   458.2886366
     0.9500000   457.7659610
     0.9750000   457.4497550
     1.0000000   457.3439158
 
     0.0000000   509.2672859
     0.0250000   509.2066364
     0.0500000   509.0247822
     0.0750000   508.7220101
     0.1000000   508.2988110
     0.1250000   507.7558992
     0.1500000   507.0942379
     0.1750000   506.3150728
     0.2000000   505.4199708
     0.2250000   504.4108651
     0.2500000   503.2901044
     0.2750000   502.0605059
     0.3000000   500.7254123
     0.3250000   499.2887494
     0.3500000   497.7550854
     0.3750000   496.1296889
     0.4000000   494.4185857
     0.4250000   492.6286117
     0.4500000   490.7674609
     0.4750000   488.8437266
     0.5000000   486.8669340
     0.5250000   484.8475611
     0.5500000   482.7970472
     0.5750000   480.7277841
     0.6000000   478.6530902
     0.6250000   476.5871613
     0.6500000   474.5449981
     0.6750000   472.5423050
     0.7000000   470.5953601
     0.7250000   468.7208525
     0.7500000   466.9356867
     0.7750000   465.2567549
     0.8000000   463.7006782
     0.8250000   462.2835216
     0.8500000   461.0204888
     0.8750000   459.9256065
     0.9000000   459.0114091
     0.9250000   458.2886366
     0.9500000   457.7659610
     0.9750000   457.4497550
     1.0000000   457.3439158
 
