     4.8508972   107.6745957
     4.8662065   107.9448493
     4.8815158   108.7506235
     4.8968251   110.0773151
     4.9121344   111.9017117
     4.9274437   114.1934822
     4.9427531   116.9169244
     4.9580624   120.0327421
     4.9733717   123.4996665
     4.9886810   127.2758050
     5.0039903   131.3196649
     5.0192996   135.5908536
     5.0346089   140.0504910
     5.0499182   144.6613848
     5.0652275   149.3880247
     5.0805368   154.1964442
     5.0958462   159.0539936
     5.1111555   163.9290566
     5.1264648   168.7907392
     5.1417741   173.6085520
     5.1570834   178.3521056
     5.1723927   182.9908408
     5.1877020   187.4938169
     5.2030113   191.8295840
     5.2183206   195.9661765
     5.2336300   199.8712612
     5.2489393   203.5124817
     5.2642486   206.8580272
     5.2795579   209.8774379
     5.2948672   212.5426264
     5.3101765   214.8290473
     5.3254858   216.7169002
     5.3407951   218.1922106
     5.3561044   219.2476227
     5.3714138   219.8827658
     5.3867231   220.1041243
     5.4020324   219.9244273
     5.4173417   219.3616592
     5.4326510   218.4378434
     5.4479603   217.1777627
     5.4632696   215.6077585
 
     4.8508972   373.1649899
     4.8662065   373.1201101
     4.8815158   372.9856780
     4.8968251   372.7623195
     4.9121344   372.4510882
     4.9274437   372.0534829
     4.9427531   371.5714707
     4.9580624   371.0075180
     4.9733717   370.3646295
     4.9886810   369.6463945
     5.0039903   368.8570429
     5.0192996   368.0015093
     5.0346089   367.0855078
     5.0499182   366.1156161
     5.0652275   365.0993699
     5.0805368   364.0453677
     5.0958462   362.9633837
     5.1111555   361.8644882
     5.1264648   360.7611698
     5.1417741   359.6674551
     5.1570834   358.5990131
     5.1723927   357.5732321
     5.1877020   356.6092463
     5.2030113   355.7278852
     5.2183206   354.9515100
     5.2336300   354.3036958
     5.2489393   353.8087181
     5.2642486   353.4908023
     5.2795579   353.3731181
     5.2948672   353.4765228
     5.3101765   353.8180989
     5.3254858   354.4095693
     5.3407951   355.2556960
     5.3561044   356.3527507
     5.3714138   357.6870776
     5.3867231   359.2336393
     5.4020324   360.9542692
     5.4173417   362.7952125
     5.4326510   364.6835922
     5.4479603   366.5231378
     5.4632696   368.1917681
 
     4.8508972   410.4968914
     4.8662065   410.4831570
     4.8815158   410.4420054
     4.8968251   410.3735904
     4.9121344   410.2781645
     4.9274437   410.1560731
     4.9427531   410.0077472
     4.9580624   409.8336923
     4.9733717   409.6344774
     4.9886810   409.4107205
     5.0039903   409.1630731
     5.0192996   408.8922033
     5.0346089   408.5987775
     5.0499182   408.2834418
     5.0652275   407.9468025
     5.0805368   407.5894076
     5.0958462   407.2117278
     5.1111555   406.8141398
     5.1264648   406.3969105
     5.1417741   405.9601851
     5.1570834   405.5039767
     5.1723927   405.0281627
     5.1877020   404.5324853
     5.2030113   404.0165605
     5.2183206   403.4798980
     5.2336300   402.9219333
     5.2489393   402.3420794
     5.2642486   401.7398033
     5.2795579   401.1147369
     5.2948672   400.4668375
     5.3101765   399.7966185
     5.3254858   399.1054834
     5.3407951   398.3962103
     5.3561044   397.6736666
     5.3714138   396.9458690
     5.3867231   396.2255701
     5.4020324   395.5326293
     5.4173417   394.8974859
     5.4326510   394.3659429
     5.4479603   394.0047598
     5.4632696   393.9053180
 
     4.8508972   485.7332582
     4.8662065   485.7265840
     4.8815158   485.7065188
     4.8968251   485.6729350
     4.9121344   485.6256224
     4.9274437   485.5642922
     4.9427531   485.4885815
     4.9580624   485.3980603
     4.9733717   485.2922394
     4.9886810   485.1705804
     5.0039903   485.0325062
     5.0192996   484.8774145
     5.0346089   484.7046907
     5.0499182   484.5137244
     5.0652275   484.3039253
     5.0805368   484.0747418
     5.0958462   483.8256792
     5.1111555   483.5563204
     5.1264648   483.2663459
     5.1417741   482.9555556
     5.1570834   482.6238898
     5.1723927   482.2714509
     5.1877020   481.8985252
     5.2030113   481.5056029
     5.2183206   481.0933983
     5.2336300   480.6628683
     5.2489393   480.2152285
     5.2642486   479.7519673
     5.2795579   479.2748564
     5.2948672   478.7859584
     5.3101765   478.2876286
     5.3254858   477.7825125
     5.3407951   477.2735369
     5.3561044   476.7638944
     5.3714138   476.2570208
     5.3867231   475.7565654
     5.4020324   475.2663529
     5.4173417   474.7903389
     5.4326510   474.3325590
     5.4479603   473.8970715
     5.4632696   473.4878975
 
