     3.2802390   107.6745957
     3.2979166   108.0346945
     3.3155943   109.1055292
     3.3332720   110.8596144
     3.3509496   113.2539319
     3.3686273   116.2334720
     3.3863050   119.7351493
     3.4039827   123.6914875
     3.4216603   128.0336710
     3.4393380   132.6937895
     3.4570157   137.6062836
     3.4746933   142.7087096
     3.4923710   147.9419812
     3.5100487   153.2502486
     3.5277263   158.5805491
     3.5454040   163.8823388
     3.5630817   169.1069865
     3.5807593   174.2072986
     3.5984370   179.1371300
     3.6161147   183.8511369
     3.6337924   188.3047260
     3.6514700   192.4542560
     3.6691477   196.2575405
     3.6868254   199.6746810
     3.7045030   202.6692224
     3.7221807   205.2095606
     3.7398584   207.2704646
     3.7575360   208.8345039
     3.7752137   209.8931450
     3.7928914   210.4473006
     3.8105691   210.5072031
     3.8282467   210.0916034
     3.8459244   209.2264233
     3.8636021   207.9430775
     3.8812797   206.2767066
     3.8989574   204.2645242
     3.9166351   201.9444176
     3.9343127   199.3538628
     3.9519904   196.5291556
     3.9696681   193.5049207
     3.9873457   190.3138430
 
     3.2802390   373.1649899
     3.2979166   373.1051578
     3.3155943   372.9260307
     3.3332720   372.6287244
     3.3509496   372.2151259
     3.3686273   371.6879345
     3.3863050   371.0507189
     3.4039827   370.3079920
     3.4216603   369.4653023
     3.4393380   368.5293411
     3.4570157   367.5080676
     3.4746933   366.4108481
     3.4923710   365.2486087
     3.5100487   364.0339975
     3.5277263   362.7815497
     3.5454040   361.5078455
     3.5630817   360.2316458
     3.5807593   358.9739836
     3.5984370   357.7581805
     3.6161147   356.6097480
     3.6337924   355.5561253
     3.6514700   354.6261992
     3.6691477   353.8495572
     3.6868254   353.2554395
     3.7045030   352.8714000
     3.7221807   352.7217368
     3.7398584   352.8258351
     3.7575360   353.1966210
     3.7752137   353.8393688
     3.7928914   354.7510698
     3.8105691   355.9204956
     3.8282467   357.3289499
     3.8459244   358.9515837
     3.8636021   360.7590537
     3.8812797   362.7192867
     3.8989574   364.7991408
     3.9166351   366.9658270
     3.9343127   369.1880259
     3.9519904   371.4366956
     3.9696681   373.6856036
     3.9873457   375.9116345
 
     3.2802390   485.7332582
     3.2979166   485.7055178
     3.3155943   485.6224980
     3.3332720   485.4848012
     3.3509496   485.2934234
     3.3686273   485.0497429
     3.3863050   484.7555044
     3.4039827   484.4127998
     3.4216603   484.0240457
     3.4393380   483.5919575
     3.4570157   483.1195227
     3.4746933   482.6099720
     3.4923710   482.0667503
     3.5100487   481.4934877
     3.5277263   480.8939713
     3.5454040   480.2721186
     3.5630817   479.6319524
     3.5807593   478.9775791
     3.5984370   478.3131681
     3.6161147   477.6429355
     3.6337924   476.9711294
     3.6514700   476.3020185
     3.6691477   475.6398827
     3.6868254   474.9890055
     3.7045030   474.3536675
     3.7221807   473.7381403
     3.7398584   473.1466800
     3.7575360   472.5835193
     3.7752137   472.0528561
     3.7928914   471.5588397
     3.8105691   471.1055502
     3.8282467   470.6969726
     3.8459244   470.3369628
     3.8636021   470.0292048
     3.8812797   469.7771579
     3.8989574   469.5839952
     3.9166351   469.4525308
     3.9343127   469.3851403
     3.9519904   469.3836737
     3.9696681   469.4493664
     3.9873457   469.5827521
 
