     1.0000000   407.8822806
     1.0235702   407.6189095
     1.0471405   406.8402680
     1.0707107   405.5781206
     1.0942809   403.8778964
     1.1178511   401.7909813
     1.1414214   399.3683911
     1.1649916   396.6568127
     1.1885618   393.6967866
     1.2121320   390.5223301
     1.2357023   387.1613249
     1.2592725   383.6362080
     1.2828427   379.9647086
     1.3064129   376.1605126
     1.3299832   372.2338161
     1.3535534   368.1917681
     1.3800699   363.5120283
     1.4065864   358.6945560
     1.4331029   353.7385662
     1.4596194   348.6401374
     1.4861359   343.3925270
     1.5126524   337.9864859
     1.5391689   332.4105911
     1.5656854   326.6516064
     1.5922019   320.6948765
     1.6187184   314.5247517
     1.6452349   308.1250369
     1.6717514   301.4794522
     1.6982679   294.5720915
     1.7247845   287.3878625
     1.7513010   279.9128926
     1.7778175   272.1348882
     1.8043340   264.0434357
     1.8308505   255.6302387
     1.8573670   246.8892893
     1.8838835   237.8169737
     1.9104000   228.4121195
     1.9369165   218.6759889
     1.9634330   208.6122286
     1.9899495   198.2267844
     2.0164660   187.5277892
     2.0429825   176.5254325
     2.0694990   165.2318186
     2.0960155   153.6608177
     2.1225320   141.8279161
     2.1490485   129.7500667
     2.1755650   117.4455429
     2.2020815   104.9337976
     2.2285980    92.2353263
     2.2551145    79.3715365
     2.2816310    66.3646218
     2.3081475    53.2374402
     2.3346640    40.0133972
     2.3611806    26.7163323
     2.3876971    13.3704077
     2.4142136     0.0000088
 
     1.0000000   457.3439158
     1.0235702   457.4990842
     1.0471405   457.9533312
     1.0707107   458.6755296
     1.0942809   459.6213019
     1.1178511   460.7407118
     1.1414214   461.9845691
     1.1649916   463.3083600
     1.1885618   464.6740299
     1.2121320   466.0503192
     1.2357023   467.4123302
     1.2592725   468.7407843
     1.2828427   470.0212287
     1.3064129   471.2433120
     1.3299832   472.4001659
     1.3535534   473.4878975
     1.3800699   474.6273982
     1.4065864   475.6792075
     1.4331029   476.6477696
     1.4596194   477.5400966
     1.4861359   478.3653461
     1.5126524   479.1344129
     1.5391689   479.8595190
     1.5656854   480.5537932
     1.5922019   481.2308396
     1.6187184   481.9042992
     1.6452349   482.5874122
     1.6717514   483.2925950
     1.6982679   484.0310446
     1.7247845   484.8123870
     1.7513010   485.6443825
     1.7778175   486.5326990
     1.8043340   487.4807608
     1.8308505   488.4896762
     1.8573670   489.5582417
     1.8838835   490.6830185
     1.9104000   491.8584709
     1.9369165   493.0771586
     1.9634330   494.3299677
     1.9899495   495.6063707
     2.0164660   496.8947044
     2.0429825   498.1824531
     2.0694990   499.4565317
     2.0960155   500.7035600
     2.1225320   501.9101228
     2.1490485   503.0630138
     2.1755650   504.1494586
     2.2020815   505.1573175
     2.2285980   506.0752662
     2.2551145   506.8929547
     2.2816310   507.6011451
     2.3081475   508.1918291
     2.3346640   508.6583248
     2.3611806   508.9953558
     2.3876971   509.1991107
     2.4142136   509.2672859
 
